-1.5
-2.6
-1.5
-2.6
-3.0
-1.8
-2.6
-1.9
-2.5
-2.9
-3.5
-3.7
-2.9
-2.4
-1.4
-2.3
-2.2
-2.2
-2.4
-2.3
-3.0
-2.0
-2.5
-2.9
-2.9
-2.3
-2.3
-1.5
-1.2
-1.3
-3.0
-3.5
-3.0
-2.8
-2.3
-1.3
-1.1
-0.8
-1.8
-2.3
-2.3
-2.7
-3.4
-3.4
-4.0
-3.1
-2.7
-2.9
-1.6
-2.3
-0.8
-2.5
-3.2
-3.6
-3.5
-3.4
-1.9
-2.6
-2.4
-3.4
-3.5
-3.0
-2.1
-2.9
-2.8
-3.3
-1.8
-2.0
-1.0
-0.8
-0.2
-0.9
-1.7
-2.1
-2.4
-1.8
-1.8
-2.4
-2.4
-2.5
-1.4
-0.5
-0.4
-1.3
-2.0
-2.3
-2.4
-1.8
-1.7
-1.6
-1.6
-1.3
-1.2
-1.3
-1.6
-1.5
-0.9
-0.6
-1.2
-1.5
-1.5
-1.1
-1.2
-0.2
-0.8
-0.4
-0.7
-1.8
-1.1
-0.7
-1.0
-0.4
-0.8
-1.6
-1.1
-0.8
-0.8
-1.3
-2.2
-3.0
-2.7
-1.6
-2.0
-2.0
-2.8
-2.5
-1.3
-1.7
-2.0
-2.4
-2.1
-1.9
-1.2
-0.9
-1.6
-2.1
-1.9
-2.5
-2.1
-2.0
-1.5
-1.5
-1.5
-1.8
-1.3
-2.5
-2.4
-2.4
-2.8
-2.8
-2.4
-1.8
-0.4
-0.8
-1.6
-2.3
-2.9
-2.7
-2.3
-2.9
-3.2
-2.5
-2.3
-2.1
-1.7
-3.0
-1.0
-2.0
-2.1
-1.5
-2.1
-2.6
-3.2
-4.3
-3.3
-3.5
-2.6
-1.9
-1.2
-2.0
-2.6
-2.5
-3.4
-3.0
-1.5
-0.7
-0.9
-2.0
-1.9
-2.2
-2.3
-3.3
-2.2
-1.5
-1.7
-1.9
-2.1
-1.6
-1.6
-2.6
-3.6
-4.6
-4.4
-4.5
-2.9
-2.1
-1.2
-1.4
-1.2
-0.2
-1.1
-1.9
-3.8
-3.5
-2.6
-1.6
-1.0
-0.9
-2.6
-2.0
-2.8
-2.7
-3.7
-3.5
-2.0
-0.9
-0.8
-1.1
-2.3
-2.5
-1.6
0.0
-0.4
-1.3
-2.5
-2.2
-0.6
-0.1
-0.6
-0.7
-1.3
-0.8
-0.7
-0.6
-0.2
-0.2
0.7
1.1
0.9
0.5
0.4
0.1
0.8
0.8
0.0
0.4
1.1
2.7
2.0
1.6
0.6
0.4
0.7
0.8
0.1
0.9
-0.3
0.2
-1.0
-1.2
-1.7
-1.4
-0.8
-0.9
-0.3
0.0
-0.2
-0.7
-1.5
-2.0
-3.2
-2.7
-2.0
-0.4
-0.5
-0.4
-1.8
-2.4
-3.5
-3.4
-2.6
-2.6
-2.4
-2.4
-2.9
-2.7
-3.5
-3.7
-2.9
-3.0
-2.1
-3.0
-2.6
-2.0
-1.0
-1.0
-1.8
-3.4
-4.4
-2.7
-1.4
-1.5
-0.3
-1.0
-0.3
-0.9
-2.1
-2.4
-3.4
-4.3
-4.1
-3.7
-3.3
-3.3
-2.6
-1.7
-1.3
-1.5
-1.8
-2.0
-2.6
-3.3
-3.4
-3.1
-2.5
-2.5
-3.2
-3.4
-2.4
-2.6
-2.2
-2.5
-3.3
-3.2
-3.3
-3.5
-4.0
-3.3
-2.7
-2.5
-2.0
-1.8
-1.7
-2.2
-2.7
-2.6
-2.9
-2.9
-3.3
-3.4
-3.8
-4.6
-4.0
-2.3
-1.9
-1.2
-0.9
-1.1
-1.1
-1.5
-2.1
-1.2
-1.1
-2.3
-3.6
-4.1
-4.2
-2.9
-1.5
-1.0
-0.8
-1.5
-1.6
-2.7
-2.6
-2.7
-2.7
-3.0
-3.5
-3.2
-3.1
-3.0
-1.7
-1.7
-1.6
-1.1
-0.6
-0.8
-1.9
-2.5
-2.0
-2.2
-1.8
-2.1
-2.6
-2.8
-2.5
-1.2
-0.9
-1.2
-2.5
-3.9
-4.9
-6.1
-5.6
-5.4
-3.2
-2.0
-1.2
-0.3
-1.2
-1.4
-1.8
-1.6
-1.9
-1.6
-1.4
-1.3
-2.1
-1.4
-1.8
-1.1
-0.9
-1.4
-2.4
-3.2
-3.7
-3.2
-3.1
-2.0
-2.4
-2.1
-2.4
-2.7
-1.9
-2.7
-2.7
-2.0
-2.3
-2.2
-2.4
-2.0
-2.2
-2.1
-2.2
-3.0
-3.5
-3.5
-3.3
-2.0
-2.1
-2.0
-1.2
-2.1
-1.5
-1.7
-2.0
-2.0
-3.4
-3.2
-2.9
-2.2
-1.6
-0.9
-0.1
-0.3
-1.0
-1.5
-1.4
-1.7
-1.8
-2.7
-2.5
-2.4
-2.2
-2.2
-1.9
-1.5
-1.7
-1.5
-2.3
-2.1
-2.2
-2.4
-1.8
-1.3
-1.2
-1.5
-2.1
-2.2
-2.8
-2.3
-2.6
-2.3
-2.3
-2.2
-1.6
-1.8
-2.4
-2.8
-2.0
-1.5
-1.5
-2.0
-3.3
-3.2
-3.4
-2.5
-3.2
-2.6
-2.0
-1.5
-2.1
-2.5
-3.0
-2.3
-2.4
-1.3
-1.2
-0.5
-0.7
-0.6
-1.1
-3.0
-3.0
-2.8
-2.8
-2.3
-2.2
-2.4
-1.6
-1.8
-1.7
-2.0
-2.8
-2.6
-1.6
-1.2
-0.3
0.0
-0.7
-1.2
-2.0
-2.1
-2.3
-2.0
-1.8
-0.5
-0.3
0.3
0.4
-0.2
-0.3
-0.8
-0.5
-0.4
-0.2
-0.3
-0.2
0.2
-0.7
-1.0
-1.8
-1.8
-0.9
-1.0
-0.7
-0.6
-1.1
-1.5
-1.4
-1.5
-1.5
-1.2
-2.0
-1.3
-1.5
-1.1
-1.2
-2.1
-2.8
-2.3
-1.0
-2.0
-2.3
-2.9
-2.3
-0.8
-0.8
-0.3
-0.7
-1.0
-1.7
-1.6
-1.8
-2.5
-2.0
-0.8
-0.7
-1.1
-2.0
-2.1
-1.3
-0.8
-0.7
-0.8
-0.9
-1.0
-0.8
-0.9
-0.6
-0.2
-0.2
-0.4
-0.7
-0.5
0.4
-0.4
-1.6
-1.5
-1.2
-0.6
-0.1
0.4
0.4
0.1
-0.7
-0.4
0.5
0.8
0.3
0.8
1.4
1.4
1.4
1.5
1.3
0.3
-0.1
0.2
0.9
1.2
1.0
0.6
1.2
1.2
1.1
0.1
0.1
0.0
0.7
0.6
2.0
1.6
1.0
-0.3
-0.5
0.5
0.3
0.8
-1.2
-2.6
-3.2
-2.0
-0.7
-0.2
-0.6
-0.7
-0.5
-0.3
-0.1
-0.7
-0.9
-2.0
-1.1
-1.3
-0.9
-1.2
-0.7
-0.6
-0.5
-1.2
-0.8
-0.4
-0.8
0.2
0.3
0.6
0.9
-0.3
-1.2
-1.0
-0.8
-0.3
-1.2
-1.8
-1.2
-0.6
-0.6
-1.4
-1.9
-1.3
-2.0
-2.3
-1.7
-1.6
-1.4
-0.9
-1.7
-1.4
-1.7
-1.3
-1.3
-1.3
-0.8
-1.4
-1.0
-0.9
-0.5
-0.9
-1.5
-1.5
-0.5
-0.1
-0.2
-1.3
-1.1
-1.5
-0.2
-0.5
-0.8
-0.5
0.0
0.4
0.5
0.2
0.1
-0.6
-0.5
-1.0
-1.3
-1.8
-1.2
-0.5
-0.1
0.1
0.2
-0.4
-0.2
0.1
0.8
-0.4
-1.8
-1.8
-1.0
-0.2
-0.1
0.6
1.1
1.5
0.7
0.1
-0.7
-1.1
-1.6
-2.5
-2.3
-3.0
-0.4
0.7
0.6
1.2
-0.4
-0.9
-1.1
-1.0
-0.5
-1.4
-2.7
-2.2
-1.7
-0.9
-0.5
-1.3
-1.1
-0.9
-0.7
0.1
0.9
0.3
-0.6
-1.3
-1.7
-1.5
-1.8
-0.7
-0.5
-1.1
-1.1
-1.4
-0.8
0.5
-0.1
0.0
0.0
-0.6
0.2
-0.1
-0.6
-0.8
0.1
-0.4
0.6
-1.0
-0.8
-1.1
-1.5
-1.6
-1.5
-1.4
0.0
-0.6
-0.5
-1.0
-1.7
-1.4
-1.5
-0.8
-0.9
-1.3
-1.9
-2.4
-2.1
-1.5
-0.6
-1.3
-1.4
-0.8
-0.6
0.0
-0.9
-1.5
-1.4
-2.0
-1.8
-1.3
-1.5
-0.8
-1.2
-0.9
-1.6
-1.8
-0.3
-0.2
-0.2
-0.5
-1.1
-0.4
-0.7
-0.4
-0.7
-1.0
-2.0
-1.7
-1.1
-1.2
-0.4
-0.5
-1.1
-0.7
-0.7
-0.3
0.1
-0.1
-0.5
-1.0
-2.0
-1.6
-1.6
-1.8
-1.7
-1.2
-0.3
-0.2
-0.6
-1.1
-2.2
-2.4
-2.0
-0.9
-0.5
0.0
-1.0
-2.3
-2.6
-2.8
-1.6
-0.5
-0.4
0.1
0.2
-0.1
-0.6
-0.2
-0.1
-1.1
-1.0
-1.4
-1.7
-1.9
-0.9
0.1
0.4
1.0
0.8
0.0
-0.7
-0.8
0.0
1.2
1.1
1.0
1.1
0.0
-0.3
-2.1
-1.3
-0.9
-0.8
0.3
0.2
0.2
-0.4
-0.3
-0.9
-0.7
0.0
0.8
1.5
2.2
2.2
1.3
0.5
-0.4
-1.0
-0.1
0.5
2.7
4.1
5.1
5.1
4.6
4.2
2.5
1.4
0.8
1.0
2.1
3.5
4.4
4.4
3.3
2.4
1.1
0.8
2.5
2.9
2.9
2.4
3.0
3.0
3.6
1.9
1.3
-0.5
-1.0
-1.3
-1.0
-0.5
0.0
2.1
3.8
4.2
3.1
1.8
0.4
1.3
0.2
0.4
-1.2
-2.0
-1.8
-0.2
0.6
0.0
-0.2
-0.7
-0.4
-1.0
-0.4
-0.5
0.4
1.2
2.0
1.4
0.8
0.2
0.3
0.5
0.5
0.9
1.4
0.4
1.1
0.2
1.3
0.9
0.7
0.3
-0.2
-0.8
-0.5
-0.2
1.6
1.2
0.7
0.8
0.4
0.8
0.1
-1.3
-0.1
-0.9
-0.5
-0.4
-0.6
-1.2
-1.5
-0.5
0.7
1.5
0.8
-1.0
-2.1
-2.5
-1.7
-1.3
-0.6
-1.5
-1.1
-2.2
-1.7
-0.5
0.7
0.0
-1.0
-2.1
-2.5
-1.0
-0.4
-0.5
-0.4
-2.5
-2.5
-1.6
-1.5
-0.8
-1.5
-2.0
-1.9
-2.8
-2.6
-2.1
-2.2
-1.8
-1.9
-1.7
-1.1
-0.7
-0.3
-0.2
-0.5
-0.7
-0.2
-0.1
-0.2
-0.5
-1.1
-0.4
0.1
0.8
0.9
0.4
0.1
-0.2
-0.7
-1.7
-1.2
0.0
0.5
1.7
1.8
1.3
1.8
0.5
-1.1
-1.4
-2.5
-2.2
-0.7
-0.2
0.6
1.0
-0.1
-0.1
-0.7
-1.0
-0.5
-0.3
0.3
-0.2
-1.8
-1.7
-1.7
-1.7
-2.1
-2.0
-2.0
-1.9
-1.2
-0.8
0.5
0.2
0.8
1.3
1.8
2.4
0.8
1.3
0.3
0.2
0.5
0.8
2.1
3.0
2.8
3.9
3.4
3.5
3.6
3.5
2.9
2.1
2.0
1.2
0.6
-0.1
0.6
2.6
3.5
3.4
3.0
3.1
2.9
2.8
2.1
1.7
1.7
0.5
0.6
0.3
0.2
0.1
0.0
0.0
-0.3
-0.8
-0.2
0.7
2.2
2.8
2.9
2.8
1.7
0.2
-0.8
-1.9
-1.8
-2.7
-3.7
-3.9
-3.3
-2.0
-2.1
-1.4
-0.6
-0.3
0.6
1.3
1.0
-0.2
-1.9
-1.2
-0.7
-0.9
-1.1
-2.9
-3.5
-3.5
-2.4
-2.7
-1.2
-2.2
-1.0
-2.1
-1.6
-1.0
-0.7
-0.5
-0.1
0.3
1.3
2.5
2.2
2.1
-0.5
-1.5
-3.0
-3.0
-2.6
-0.4
0.4
1.9
1.2
0.8
0.8
0.2
0.4
-0.9
-0.5
-0.4
0.0
0.3
-0.6
-0.7
0.7
1.7
1.4
0.7
0.2
1.0
1.2
0.4
0.2
-1.0
-1.7
-1.5
-1.0
-0.1
0.0
0.0
-0.3
-0.7
-0.3
0.0
0.7
0.0
-0.9
-2.1
-2.4
-1.5
-1.7
-1.0
-0.7
-0.8
-0.6
-1.5
-3.2
-3.2
-2.1
-0.9
0.5
0.6
1.2
1.1
0.8
0.9
-0.7
-1.0
-1.3
-1.3
-0.7
-0.9
-0.9
0.5
0.8
-0.1
-1.1
-2.0
-0.9
-0.5
0.7
0.0
0.2
-0.1
0.1
1.0
-0.2
-0.7
-1.9
-1.9
-1.4
-0.7
-1.3
-0.5
-0.3
-1.9
-0.7
-0.9
0.2
-0.6
-0.9
-1.2
0.6
0.3
0.1
0.2
0.3
0.2
0.0
0.6
0.4
0.6
0.3
0.4
-0.1
0.5
-0.2
-0.8
-0.9
-0.5
-0.5
0.0
-0.9
-1.0
-0.4
-0.6
-0.6
0.0
-0.4
-0.7
-0.6
-0.6
-0.6
-1.3
-1.2
-0.4
-1.0
-0.9
-1.7
-1.4
-0.8
-0.4
-0.1
-0.4
-0.8
-0.6
-1.3
-0.9
-0.5
-1.4
-1.1
-1.6
-1.4
-1.5
-1.0
-1.8
-1.6
-1.2
-0.8
0.0
-0.6
-1.2
-0.3
-1.2
-1.1
-0.8
0.2
1.7
0.5
-0.4
-1.0
-0.4
-0.6
-0.6
-1.0
-0.6
-1.7
-1.1
-1.5
-0.7
0.0
-0.7
-1.3
-1.9
-1.8
-1.7
-1.3
-1.6
-1.1
-0.2
-0.5
0.1
-0.6
-0.8
-0.7
-0.7
-0.8
-0.1
-0.2
-1.3
-2.2
-2.2
-0.9
0.6
0.6
0.4
-0.7
-1.0
-1.2
-1.3
-1.3
-0.6
-0.2
-0.6
-0.4
-1.5
-0.9
-0.8
-1.4
-1.1
-1.3
-0.8
-0.5
0.0
-0.9
1.1
0.0
-1.0
-0.6
-1.0
-0.3
-0.6
-1.4
-1.0
-0.7
-1.1
-0.5
0.0
-0.7
-1.3
-1.7
-1.6
-2.2
-2.1
-1.5
-0.4
0.0
-0.4
-0.3
-0.6
0.2
0.2
0.1
-0.8
-1.3
-1.5
-1.1
-0.3
0.0
0.0
-0.2
0.5
0.1
0.6
-0.4
-0.9
-0.9
-0.6
-0.7
-1.2
-0.5
0.4
1.8
1.3
0.9
0.4
-0.6
-1.6
-0.9
-0.7
0.3
-0.5
0.1
0.3
0.4
0.7
1.5
1.3
2.0
1.0
0.2
1.0
1.0
2.2
1.4
1.6
0.5
1.0
2.0
1.4
2.1
1.3
1.4
0.6
-0.4
-0.4
0.5
0.8
0.1
0.3
0.5
0.8
1.0
0.0
-0.4
0.5
0.2
-0.1
-0.6
-1.7
-1.3
-1.5
-1.2
-2.0
-1.2
-1.1
-0.3
-0.7
-0.3
1.1
2.0
1.4
0.0
-0.8
-2.1
-1.4
-0.7
0.5
0.9
1.1
0.3
-0.5
-2.4
-2.4
-1.6
-0.5
-0.1
0.2
0.0
0.1
0.1
0.2
0.5
-0.6
-1.2
-0.4
0.7
1.2
1.4
-0.2
-0.2
0.0
0.3
0.7
-0.2
-0.6
-0.8
-1.1
-1.9
-0.4
0.3
1.1
0.9
-0.1
0.1
0.1
0.9
1.7
1.2
1.0
0.8
0.8
0.7
1.9
3.2
3.9
3.7
2.6
2.5
2.5
2.4
1.1
1.2
1.7
1.2
1.5
0.4
0.4
0.8
1.1
2.0
1.7
0.8
0.3
0.0
0.0
-0.1
0.7
1.9
1.3
-0.1
-0.6
-1.6
-0.5
-0.2
0.5
0.3
-0.8
-0.2
0.4
-0.1
-1.6
-2.5
-1.9
-1.2
0.3
1.1
0.5
-0.7
-1.4
-1.7
-0.6
-0.6
-1.1
-0.2
0.2
-0.1
-0.6
-1.6
-2.7
-2.4
-1.7
0.2
1.1
0.0
-0.1
-0.9
-0.2
0.8
0.6
0.7
0.5
-0.6
-1.7
-2.2
-2.5
-0.9
0.0
0.5
-0.1
-1.4
-1.0
-1.3
-0.6
-1.1
-2.2
-2.5
-1.8
-1.6
0.0
-0.9
-1.5
-1.7
-2.0
-3.0
-3.1
-1.8
-0.8
-0.6
-1.7
-1.1
-0.2
0.1
-0.6
-0.8
-0.7
-1.1
0.0
-0.2
-1.1
-0.9
-1.2
-0.7
-0.4
-0.6
-1.3
-1.9
-2.1
-1.8
-2.3
-3.0
-2.5
-1.4
-0.4
-0.6
-0.6
-0.6
-0.8
0.0
0.0
0.0
-0.2
-0.2
-0.3
-0.1
-0.3
-0.5
0.4
0.3
0.7
-0.2
-1.1
-0.7
-0.4
-0.7
-0.6
-1.2
-1.2
-1.0
-1.2
-0.8
-1.3
-1.2
-1.6
-1.8
-1.5
-1.7
-1.9
-1.0
-1.2
-1.1
-0.7
-1.7
-1.0
-1.2
-1.1
-0.6
-0.5
-0.3
-0.4
0.2
-1.1
-0.2
-0.9
-0.2
-0.6
-0.2
0.0
-0.3
-0.1
0.0
0.8
0.6
-0.4
-0.4
-0.8
0.6
0.9
0.9
-0.1
-0.1
-0.5
-0.4
-1.3
-0.2
0.6
0.3
1.1
0.2
0.3
-0.2
-0.7
-0.1
-0.6
0.2
0.3
-0.2
-0.1
0.0
0.8
1.2
1.4
1.0
-0.2
-0.3
-0.3
0.0
0.2
-0.1
0.3
0.2
0.0
0.0
-0.2
0.1
0.1
0.3
0.7
1.2
1.1
1.4
1.2
0.6
0.3
-0.1
0.4
0.7
1.5
1.8
1.6
1.5
1.3
0.8
0.6
0.0
0.5
0.2
0.4
0.2
1.5
0.6
0.4
-1.0
-0.1
0.0
-0.8
-0.2
0.2
0.8
1.0
0.4
-0.2
-0.6
-0.3
0.9
1.6
1.3
1.0
1.3
1.9
1.3
0.4
1.0
2.0
2.1
3.4
3.0
3.1
2.4
2.5
3.3
5.1
5.0
4.1
2.1
1.5
2.7
4.0
5.6
4.1
2.3
0.8
0.0
0.7
1.1
1.2
1.8
2.0
3.1
3.4
4.2
2.9
2.7
1.8
1.0
0.2
0.8
1.4
1.3
1.0
0.8
0.2
-0.2
-1.1
-0.6
0.8
1.2
1.7
1.0
-0.2
0.3
0.8
1.6
1.5
-0.1
-0.7
-2.1
-2.0
-1.4
-1.2
-0.6
-0.7
0.1
-0.1
-0.2
0.0
-1.1
-1.2
-0.5
0.5
1.1
1.7
0.9
0.4
-0.1
0.0
0.5
0.6
0.4
1.0
0.5
0.2
0.0
0.1
0.0
-0.5
0.0
0.5
0.6
-0.2
-0.2
-0.3
-0.8
-1.5
-0.3
0.7
1.4
1.5
0.2
-0.5
-0.9
-0.4
0.6
1.1
0.1
-0.4
-0.4
0.0
-0.1
0.0
1.0
1.0
1.0
0.0
-0.2
1.1
0.4
0.7
0.5
0.2
0.4
-0.3
-0.8
-1.2
-0.9
0.2
1.0
0.8
-0.3
-0.5
-0.4
-0.3
-0.2
0.8
1.3
0.9
1.0
1.2
1.8
1.4
0.8
1.5
1.3
0.8
0.4
1.6
1.6
1.1
0.0
0.0
0.8
1.0
1.5
1.3
1.6
0.2
1.0
1.0
1.4
1.9
1.1
1.2
0.4
-0.4
0.1
0.1
-0.1
0.0
0.8
1.7
2.4
2.8
2.3
1.5
1.0
0.1
0.4
-0.4
0.1
-0.1
-0.7
-0.4
0.0
0.1
0.8
0.8
0.7
-0.2
-0.8
0.0
-0.2
0.7
1.6
1.1
1.2
0.6
0.4
0.4
0.2
0.3
-0.5
-0.6
-1.0
-0.1
0.8
0.8
0.0
0.7
0.4
0.4
0.2
0.0
-0.2
-1.1
-0.6
-0.4
0.4
0.5
0.3
0.3
-0.2
0.2
0.5
0.5
1.2
1.2
1.1
1.1
0.2
0.1
0.4
0.2
1.3
1.7
1.7
0.8
0.8
1.1
0.9
0.0
0.3
-0.2
0.2
0.1
1.0
1.2
0.6
0.1
-0.9
-0.8
-0.6
-0.2
-0.4
-1.1
-0.9
-1.3
-1.0
-0.3
-0.6
-0.9
-1.0
-1.2
-0.4
-0.3
-0.2
0.4
-0.5
0.6
-0.1
0.0
-0.3
-0.5
0.7
0.1
0.2
0.5
0.9
1.4
1.0
0.5
0.4
-0.3
0.5
-0.3
0.0
1.2
1.0
1.9
0.2
1.0
-0.3
0.5
1.0
1.6
1.8
0.8
0.5
0.2
1.3
0.8
0.6
0.1
0.3
1.4
1.8
1.3
0.2
0.5
0.8
0.6
0.0
-0.4
-1.1
0.2
0.0
0.4
0.6
0.9
0.9
0.0
-0.6
-0.3
0.0
0.8
0.2
0.4
0.2
0.2
0.2
1.0
-0.3
0.6
0.1
-0.3
-0.8
-1.5
-1.8
-0.1
0.0
-0.2
-0.6
-2.1
-2.1
-1.3
-0.9
0.0
0.0
-0.6
-0.6
-1.1
-0.3
0.4
0.6
0.4
0.6
1.3
1.1
1.6
0.4
0.4
0.0
-0.6
-0.2
0.6
0.1
0.6
0.0
0.0
0.7
1.3
1.3
1.1
0.6
-0.2
-0.3
-0.9
0.4
0.3
-0.6
-0.8
-0.8
0.3
-0.6
-1.4
-1.6
-1.5
-0.9
0.3
0.9
-0.2
-1.2
-0.6
-0.1
0.3
0.9
0.1
-0.1
-0.4
-0.7
-0.8
-0.9
-1.9
-1.4
-0.4
-0.6
-0.2
-1.3
-0.3
0.5
0.5
-0.2
-1.9
-1.4
-0.4
0.3
1.3
0.0
-0.3
-0.5
-0.6
-0.4
-0.8
-0.2
-1.2
-1.1
0.3
-0.1
0.7
0.0
0.7
1.6
1.3
0.9
1.1
0.7
0.2
-0.2
0.7
1.3
2.8
2.2
2.3
1.7
1.6
2.8
2.8
1.9
2.0
2.1
1.4
1.8
1.8
2.1
2.3
2.0
2.5
4.2
4.1
4.0
2.9
1.5
0.7
0.3
0.7
2.0
1.8
2.2
2.0
1.4
0.3
-0.4
-0.5
0.6
1.7
2.5
2.4
1.3
0.2
-0.8
-0.7
-1.5
-0.7
-0.2
-0.1
0.0
0.1
0.0
0.0
-0.5
-0.1
0.0
0.4
0.3
0.3
-0.3
-0.7
1.0
2.0
2.5
2.3
1.6
0.7
0.0
0.7
1.2
0.9
0.7
0.0
0.3
0.5
1.3
2.0
1.7
1.1
0.0
-1.0
-2.4
-2.5
-1.1
-0.5
-0.6
-0.1
-0.4
-0.8
-0.3
-0.4
0.7
-0.6
-1.2
-0.5
-0.2
0.0
0.0
-0.5
0.3
-0.4
-0.6
-0.2
-0.8
-0.2
-1.6
-1.2
-2.3
-1.2
-0.7
-1.0
-0.8
-1.5
0.0
-0.2
-0.6
-0.2
0.0
-0.8
0.5
0.2
0.8
-1.0
-2.0
-0.8
0.3
0.2
0.4
-1.2
-1.5
-1.7
-2.3
-1.3
-0.8
0.2
0.4
0.6
0.3
-0.8
-1.4
-0.6
-0.9
-0.8
-1.3
-2.1
-0.6
-0.1
-0.7
-0.9
-1.7
-1.5
-1.3
-1.6
-0.6
-0.6
-1.0
-1.7
-2.0
-1.6
-0.9
-0.6
0.6
1.0
0.0
-0.6
-1.7
-2.2
-1.7
-1.8
0.3
0.7
1.2
0.8
0.0
0.3
-0.1
0.2
0.4
-0.2
0.2
0.4
0.4
-0.2
0.4
0.6
0.8
0.0
-0.2
0.3
2.2
2.1
2.4
1.6
1.5
0.9
0.4
1.1
0.4
0.4
0.4
0.7
2.2
2.6
2.9
2.8
2.6
2.4
2.3
1.5
1.0
1.4
0.8
0.9
0.7
0.5
1.2
0.9
0.9
0.4
0.4
0.0
0.0
0.6
1.0
1.1
0.3
-0.6
0.0
1.4
1.9
2.7
2.6
3.2
1.2
1.5
1.4
1.6
1.7
1.6
2.3
3.3
2.9
2.3
2.5
3.0
4.2
4.1
4.7
3.9
3.9
3.1
2.9
2.5
2.3
2.4
1.6
2.5
2.1
1.7
2.7
2.8
2.6
2.2
2.6
2.3
2.4
0.7
1.3
1.9
2.3
2.6
2.8
0.8
0.3
-0.5
0.3
1.2
2.3
2.2
2.7
1.7
1.3
2.4
1.3
1.9
1.5
-0.1
-0.4
-0.7
-0.7
0.4
0.8
1.1
1.0
0.2
0.5
-0.2
0.3
-0.3
-0.2
-0.5
-1.4
-0.3
0.0
0.6
0.8
0.3
0.3
-0.2
-0.5
-1.3
-2.2
-3.2
-4.0
-3.7
-3.2
-1.7
-0.4
-0.8
-0.8
-1.5
-1.8
-2.2
-2.5
-1.9
-1.4
-1.1
-1.4
-0.5
0.3
1.1
1.4
1.7
1.1
0.1
-1.6
-3.1
-3.1
-3.7
-3.1
-2.1
-0.9
-1.0
-1.1
-0.6
-1.3
-0.6
-0.2
-0.4
0.2
-0.1
1.1
1.9
1.8
2.0
1.1
1.3
1.2
0.3
-0.7
-2.5
-4.1
-4.8
-4.5
-3.4
-1.6
0.0
1.4
2.2
2.9
2.8
2.3
2.5
1.3
1.2
0.4
-0.1
-1.1
-2.3
-2.7
-1.7
-1.6
-1.9
-2.0
-2.3
-1.3
-1.5
-0.8
-0.3
-0.1
-0.6
-1.3
-3.0
-3.1
-3.2
-1.6
0.0
0.7
1.9
2.0
2.2
2.2
2.0
1.2
0.8
0.0
-1.0
-1.1
-1.6
-1.4
0.3
0.9
2.0
1.5
0.4
-0.3
-1.8
-2.9
-2.4
-1.0
-0.2
0.3
0.2
0.5
0.6
0.7
1.7
1.2
1.3
1.0
2.2
2.8
3.3
1.8
0.8
-1.6
-1.8
-1.3
-2.2
-1.9
-1.2
0.5
1.6
1.7
1.5
0.5
0.2
0.2
-1.2
-1.6
-2.8
-2.5
-1.4
-1.7
-1.2
-0.5
-0.8
-0.5
0.0
0.2
0.7
0.5
-0.4
-1.0
-1.3
-0.9
0.0
0.3
0.9
1.3
0.7
0.9
0.4
-0.5
-0.2
-0.3
0.0
0.6
-0.2
0.2
-0.6
-1.2
-0.8
-1.0
0.4
-0.4
0.0
0.2
0.3
0.7
2.0
1.3
1.6
1.8
1.8
1.0
0.6
1.1
1.2
2.7
2.0
0.6
-0.7
-1.6
-1.7
-2.2
-1.8
-1.9
-1.5
0.4
0.2
1.4
0.9
1.0
1.9
2.2
1.7
0.7
0.1
0.8
1.6
1.4
1.3
-0.7
-0.2
-0.8
-1.5
-2.3
-2.1
-2.1
-1.5
0.0
1.5
1.5
0.2
-1.1
-1.3
-0.7
-1.6
-0.9
-0.5
-1.0
-1.2
-0.5
0.5
1.3
1.6
1.0
-0.1
0.7
1.2
0.4
1.4
2.3
2.0
2.2
0.8
-1.2
-0.8
-1.8
-1.3
-1.2
-1.2
-1.3
-0.6
-0.6
-0.1
1.3
0.8
0.4
0.6
-0.3
0.0
0.2
-0.5
0.1
1.3
0.0
-0.4
-1.5
-0.7
0.9
1.6
0.3
-0.2
0.0
0.8
1.5
-0.2
-0.9
-0.2
0.8
0.8
0.7
-0.5
-0.5
0.2
1.7
1.6
1.8
0.4
0.3
1.1
1.1
2.0
1.4
0.7
0.0
-1.3
-1.3
-2.2
-2.5
-2.1
-2.3
-1.3
0.0
0.7
0.3
-0.4
0.2
1.3
1.2
1.1
-0.9
-0.7
-1.3
-1.1
-0.5
-0.3
0.2
0.7
1.4
0.0
0.3
0.9
1.8
1.2
0.7
0.0
-0.8
-0.6
-0.8
-0.3
0.0
-0.1
-1.1
-1.8
-2.6
-2.5
-0.7
1.6
2.3
3.0
2.8
3.0
2.6
1.7
1.8
0.8
0.5
0.4
-0.1
-1.2
-2.1
-2.1
-1.7
-1.3
-1.8
-2.1
-0.6
0.3
1.7
1.8
1.1
1.6
1.1
1.4
0.7
-0.5
0.7
0.4
1.1
0.2
-0.5
-0.7
-1.2
-0.7
0.1
0.4
-0.4
-1.3
-1.7
-1.0
-0.7
-0.4
0.3
1.2
0.6
0.6
0.0
0.0
-0.6
-1.2
-2.2
-2.0
-2.0
-0.4
1.4
0.2
-0.2
0.0
-0.1
0.5
0.3
-0.2
0.4
0.0
0.0
-0.6
-0.8
-1.7
-0.4
0.1
0.5
0.4
0.6
-0.4
-0.2
-0.7
-0.1
0.1
0.8
1.0
0.3
-0.7
-1.2
-1.0
0.3
0.9
1.1
1.0
1.0
0.9
0.5
0.1
-0.3
-0.9
-0.5
-0.6
-0.8
-0.7
0.0
0.2
0.4
0.4
0.2
0.1
0.0
-0.2
0.0
0.8
0.1
0.4
-0.6
-1.2
-1.2
-0.6
-0.4
0.0
1.3
0.7
0.1
-1.5
-1.2
-0.7
-0.1
-0.4
-0.5
-0.4
0.4
1.7
2.1
0.1
-1.0
-2.0
-1.2
0.6
2.2
3.6
3.2
3.2
2.6
3.5
3.6
4.6
4.3
3.0
2.0
0.9
0.8
1.1
1.6
3.8
4.2
5.6
5.5
5.1
4.8
3.8
3.1
2.9
2.9
2.4
2.6
2.1
2.2
2.8
2.3
2.3
2.7
4.2
3.2
2.7
2.2
2.7
3.4
2.4
3.0
2.7
2.3
2.6
2.4
2.0
2.0
2.1
2.4
2.8
2.0
1.6
0.7
0.4
1.2
1.4
0.9
0.3
-0.2
0.3
0.9
1.5
0.7
0.8
0.5
1.1
1.1
2.0
2.3
1.9
1.0
0.9
0.9
0.7
1.3
0.7
0.4
-0.3
-1.8
-1.3
-1.0
0.1
1.0
1.6
1.4
0.0
-0.2
-0.2
0.0
0.0
-0.8
-0.3
0.0
0.7
0.7
1.2
1.4
0.6
-0.5
0.6
0.6
1.1
1.3
0.4
0.6
0.1
0.0
-1.3
-0.4
0.5
0.9
2.5
2.4
2.0
0.7
-0.3
0.8
2.1
2.5
1.7
0.6
0.0
0.2
-0.5
0.1
0.0
0.4
0.3
0.0
0.8
1.6
1.0
0.8
0.6
0.8
0.9
1.4
2.1
1.7
1.1
0.6
0.4
0.5
-0.5
-0.7
-1.0
-1.3
-0.5
0.3
1.1
1.5
1.6
1.7
1.8
1.6
1.1
-0.2
-0.1
0.4
0.8
-0.2
-0.7
0.4
0.5
1.8
0.8
0.9
-0.9
-2.3
-2.2
-1.4
-0.9
-1.5
-1.6
-1.3
-1.0
1.3
2.1
2.9
2.2
1.6
-0.2
-0.4
0.1
1.0
1.9
0.8
-0.1
-0.9
-2.0
-1.9
-1.3
0.0
1.8
1.3
1.2
0.2
0.2
-0.2
-1.2
-1.6
-1.8
-2.0
-1.6
-0.1
1.0
2.2
1.7
0.0
-0.2
-0.1
0.4
0.4
1.0
1.2
1.9
1.9
1.5
0.4
1.1
1.4
1.4
1.3
0.7
0.8
1.0
0.2
-0.2
-1.7
-1.7
-0.4
0.6
2.5
3.5
4.3
4.0
2.0
1.0
0.7
0.3
0.0
-0.2
-0.3
-0.3
-0.4
0.2
0.8
0.9
1.2
0.6
0.5
0.6
0.9
2.3
3.1
3.0
2.2
1.3
1.2
0.8
1.2
1.1
0.5
0.6
0.2
0.4
0.5
0.6
0.3
0.0
0.6
0.6
1.8
1.9
1.6
1.3
1.5
2.4
2.6
3.1
2.5
1.8
2.0
1.5
0.5
0.2
-0.6
-0.6
-0.6
-0.7
-1.2
0.4
0.0
1.4
2.7
2.9
2.0
0.9
-0.5
0.0
0.5
1.3
2.7
2.7
3.1
1.6
1.1
0.6
0.2
0.0
0.1
0.9
1.4
1.6
2.0
2.3
1.0
0.5
1.0
0.8
0.2
-0.2
0.2
0.6
0.4
1.7
2.5
3.3
2.4
2.2
2.3
2.3
1.4
1.1
0.9
2.0
1.7
3.1
2.9
3.2
2.4
1.9
1.5
2.2
2.3
2.0
2.3
2.3
2.2
2.5
1.9
0.8
0.9
0.2
0.7
0.7
1.3
0.8
0.1
-0.2
-0.1
0.0
0.1
1.0
0.9
0.2
0.5
0.4
1.8
0.9
0.4
0.0
0.0
1.0
1.3
1.1
1.1
0.2
-0.3
-0.2
-0.1
0.0
-0.2
-0.2
0.4
0.8
1.3
1.1
0.3
0.1
-0.6
-0.3
-0.2
0.1
-0.1
0.4
0.8
1.0
0.4
0.3
-0.3
0.8
0.1
0.4
0.2
-0.1
0.0
-0.4
-0.7
-1.0
-0.3
0.1
0.6
0.0
-0.2
-0.6
-0.3
0.0
0.0
0.3
-0.2
-1.3
-2.0
-1.0
-0.3
0.5
-0.4
0.0
-0.3
-0.5
-0.7
-1.2
-0.8
-1.0
-0.6
-1.1
-0.5
-0.8
-1.0
-0.8
0.0
-0.2
-0.3
-0.1
-0.3
0.3
-0.3
-0.3
-0.8
-1.8
-1.7
-0.5
-0.3
-0.6
-0.2
0.2
0.6
0.3
0.4
-1.2
-1.0
-0.5
-0.8
-0.9
-1.2
-0.9
-1.0
-1.0
-1.4
-0.5
-0.6
-0.7
-1.1
-0.5
0.1
0.3
0.7
0.6
0.5
0.0
-0.3
-0.1
0.9
0.8
0.5
0.4
0.6
0.4
0.4
0.0
-0.2
-0.3
0.0
1.0
1.5
1.1
0.3
0.3
-0.1
0.3
0.5
0.2
-0.5
0.3
0.1
0.6
0.0
-0.4
0.2
0.4
0.3
-1.1
-0.6
-0.2
0.2
0.4
-0.2
-0.7
-0.5
-0.4
-0.4
-0.1
-0.1
0.6
-0.7
-0.8
-1.4
-1.2
-1.5
-1.4
-0.4
-0.1
0.1
-0.6
-0.3
-0.8
-0.9
-2.0
-2.6
-2.3
-2.9
-2.8
-1.1
-1.3
-0.6
-1.2
-0.8
-0.7
-1.2
-0.8
-0.8
-0.6
-0.2
-1.0
-0.8
-2.0
-1.1
-0.5
-0.2
0.9
0.4
0.3
-0.9
0.1
0.1
0.6
0.7
0.8
1.8
1.1
0.2
0.1
0.2
-0.2
0.5
0.0
0.0
0.3
-0.5
-1.1
-0.4
0.3
1.7
2.0
1.2
1.7
1.4
0.3
0.1
-0.1
0.1
1.2
1.2
1.5
1.2
0.4
0.7
1.0
0.0
0.5
0.5
1.4
0.5
0.0
0.3
0.3
-0.6
-1.3
-1.8
-1.9
-2.3
-2.0
-1.6
-0.4
-0.1
-0.3
-0.7
-1.0
-1.1
-1.2
-1.1
-1.1
-1.3
-2.4
-1.8
-2.5
-1.2
-1.8
-2.5
-2.5
-2.1
-1.2
0.0
-0.4
0.0
0.0
-0.3
-0.6
-1.1
-0.9
-1.2
-1.4
-0.8
-0.8
-0.9
-1.6
-1.8
-1.7
-1.2
-0.8
0.1
0.0
-0.3
-1.6
-1.4
-0.7
-0.6
0.1
0.1
-0.1
-0.8
-0.3
0.0
0.4
0.4
-0.4
-0.8
-1.0
-1.0
-0.8
-0.5
-0.7
-1.2
-0.7
-1.8
-2.7
-3.0
-2.2
-1.0
-0.6
-0.4
-0.7
-0.9
-0.9
-0.7
-1.0
-1.0
-0.9
-1.0
0.0
0.3
0.3
-0.1
-1.0
-2.3
-1.9
-1.2
-0.5
0.2
0.5
0.3
0.5
-0.6
-1.4
-1.7
-0.6
-1.1
-0.3
-0.5
-1.1
-0.8
-1.4
-0.7
1.2
0.5
0.1
0.1
-0.8
-1.2
-0.6
-0.8
-0.3
-0.6
-0.5
-0.8
-1.1
-1.5
-0.9
-1.6
-0.9
-1.3
-0.7
-1.4
-1.1
-0.1
-0.1
-1.2
-1.8
-1.7
-0.9
-0.7
-1.4
-1.3
-1.7
-2.5
-2.7
-2.6
-2.9
-2.5
-2.4
-1.9
-2.6
-2.8
-2.7
-2.8
-2.0
-2.6
-2.5
-2.9
-1.4
-2.4
-2.2
-2.2
-2.0
-1.2
-1.6
-2.5
-1.3
-1.1
-0.1
0.1
0.2
0.5
0.4
0.0
-0.9
-1.0
-0.7
-0.3
-0.3
-0.6
-0.6
-0.5
0.1
0.3
-0.3
-0.9
-1.1
-0.8
0.0
-0.5
-0.3
-0.4
-1.4
-1.1
-1.1
0.2
-0.1
-0.2
-0.3
-0.8
-0.3
-0.6
-1.1
-1.0
-0.8
-0.8
-0.9
-0.9
-0.6
-0.5
-0.1
-0.9
-0.6
0.0
-0.7
0.0
-0.1
0.7
0.5
0.1
-1.4
-1.0
-2.0
-2.4
-2.7
-2.5
-1.8
-0.5
-0.3
0.4
-0.5
-0.9
-1.3
-1.5
-1.7
-2.3
-2.9
-2.7
-2.4
-0.4
-0.8
-0.7
-1.5
-1.4
-1.5
-0.9
-1.4
-0.5
-0.8
-0.9
-0.8
-1.5
-0.8
-1.3
-1.5
-1.7
-1.5
-1.3
-1.2
-1.6
-1.5
-1.8
-2.0
-2.0
-1.6
-1.3
-1.6
-1.5
-2.0
-1.9
-1.5
-1.3
-1.6
-0.6
-1.7
-1.8
-0.6
-1.2
-1.1
-1.9
-1.6
-2.2
-2.3
-2.8
-2.4
-1.1
-1.3
-1.5
-0.6
-1.3
-1.2
-1.2
-1.3
-0.6
-1.3
-0.8
-1.8
-1.3
-1.2
-1.1
-1.5
-1.5
-1.8
-1.1
-0.5
-0.4
-0.4
-1.5
-2.8
-1.3
-1.3
-0.2
-0.6
-0.8
-0.2
0.8
0.6
1.3
0.6
0.5
1.2
1.4
1.1
1.7
0.7
1.9
2.3
2.3
1.8
1.2
1.5
0.9
1.0
1.4
1.1
1.7
1.2
1.4
0.5
0.1
0.3
1.5
0.8
0.5
-0.2
-0.2
0.0
0.1
1.9
1.8
1.1
0.6
0.2
0.3
0.3
0.5
1.0
1.0
0.9
1.2
1.0
1.2
0.0
-0.4
-1.1
-0.7
-0.8
-0.1
-0.2
-0.3
-0.1
-1.7
-2.2
-1.8
-1.2
-1.7
-0.8
-0.6
-0.3
-0.7
-0.8
-0.8
0.0
-0.5
-0.3
-1.0
-0.6
-1.5
-1.3
-1.2
-0.6
-1.1
-2.5
-3.1
-2.6
-1.2
-1.0
-0.6
-1.8
-1.7
-1.5
-0.5
-0.6
-1.1
-1.5
-0.9
-1.5
-1.4
-2.0
-1.9
-2.3
-2.0
-1.4
-0.6
-1.6
-1.0
-1.8
-1.0
-2.2
-0.9
-0.5
-1.2
-1.7
-2.1
-1.8
-0.5
-1.0
-0.2
-0.6
-1.9
-2.8
-2.2
-1.4
-0.8
-1.2
-1.2
-1.2
-1.0
-1.8
-2.0
-0.8
-1.6
-1.4
-1.4
-1.4
-0.8
-1.4
-1.1
-1.4
-1.1
-0.6
-1.5
-1.0
-0.9
-1.7
-1.2
-1.5
-2.0
-2.4
-1.3
-0.9
-0.5
-0.4
-1.0
-1.1
-1.0
-0.5
-0.1
-0.2
-1.1
-1.2
-2.0
-2.0
-2.3
-2.2
-0.9
-1.1
-0.4
-1.2
-1.4
-0.7
-0.6
0.0
-1.2
-1.8
-1.8
-0.9
-0.6
-1.4
-2.1
-2.1
-1.8
-1.5
0.0
0.8
1.0
-1.0
-1.7
-2.0
-0.7
-1.5
-1.1
0.0
0.3
0.4
0.0
0.3
-0.2
0.0
-0.4
0.1
-0.8
-0.5
-0.1
0.9
1.0
-0.2
-0.5
-0.5
-0.9
-1.2
-1.8
-1.2
-0.1
1.6
0.7
0.1
-0.2
-0.2
-0.8
-1.6
-1.5
-1.6
-0.6
0.6
1.3
0.9
0.0
0.0
0.0
0.1
-1.6
-0.7
0.0
0.2
0.3
0.7
2.0
1.9
1.2
0.0
-0.7
-0.6
-0.1
-0.3
-0.7
-0.7
-0.3
0.4
1.8
1.7
1.4
0.8
0.0
-0.7
-0.4
-1.1
-0.8
0.1
0.5
0.3
0.1
0.2
-0.1
0.1
0.5
-0.2
-1.0
-1.4
-1.1
-0.4
0.2
-0.2
-1.0
-1.1
-1.3
-0.2
0.4
1.0
-0.2
-0.5
-1.5
-0.4
0.7
1.2
1.0
-0.4
-0.9
-1.5
-1.4
-0.3
-0.2
1.1
1.0
0.9
1.4
1.9
1.7
0.8
0.9
1.3
0.3
0.0
-0.2
0.6
0.6
-0.1
-0.1
0.1
1.1
2.2
2.6
2.7
2.4
2.2
1.7
3.1
2.0
2.3
1.3
0.4
0.7
-0.5
-1.1
-0.6
-0.1
2.0
2.0
3.2
3.6
2.6
0.6
-1.2
-3.1
-2.6
-1.3
0.7
1.3
2.2
0.6
0.5
-0.4
-0.8
-0.4
0.2
0.6
0.0
-0.4
0.6
0.8
1.6
0.3
0.4
0.2
0.6
0.4
0.0
0.0
0.0
0.4
0.0
-0.4
0.0
1.4
1.6
2.0
1.8
1.4
1.7
2.7
2.6
1.6
0.8
0.5
1.9
2.6
3.5
5.5
5.2
3.4
2.5
1.3
2.6
3.6
3.0
3.9
3.2
4.4
3.8
3.1
2.9
2.4
2.5
2.6
2.0
2.7
2.6
2.7
2.9
2.1
0.8
0.8
0.9
0.7
0.7
1.4
2.2
2.8
1.4
1.2
0.5
0.3
0.3
0.4
0.6
0.3
0.8
0.4
-0.4
0.2
0.3
-0.3
-0.2
-0.8
-0.5
0.3
-0.4
0.9
0.8
0.2
0.3
-0.8
-1.0
-1.5
-1.1
-0.5
-0.2
0.3
0.6
0.7
0.5
1.3
1.7
2.3
2.0
1.9
1.8
1.2
0.9
1.2
1.4
1.3
1.8
1.9
0.7
1.3
0.8
0.5
0.1
-0.8
0.3
0.1
0.6
0.4
0.3
1.4
1.4
1.8
1.7
1.0
0.9
2.0
1.4
0.9
-0.4
-1.2
-0.8
1.2
0.0
1.5
0.8
1.8
2.3
1.6
0.2
-0.5
-0.6
-0.8
-0.3
-0.2
0.5
-0.2
1.3
1.3
2.2
2.0
1.5
1.8
1.3
1.1
0.8
0.6
1.6
2.5
1.6
1.7
2.3
2.1
0.7
0.8
0.6
0.8
0.2
-0.5
0.2
1.1
1.2
1.7
1.6
1.3
1.1
1.4
1.1
0.7
0.8
0.3
0.6
1.3
0.3
1.0
0.3
0.1
0.4
1.4
0.6
1.2
1.9
1.0
2.2
1.3
0.7
0.2
1.6
1.8
1.6
0.0
0.0
0.1
1.5
1.0
1.0
0.4
0.1
1.3
0.9
-0.5
-0.6
-0.6
0.1
0.1
0.9
0.4
1.0
0.0
1.1
2.0
1.9
1.0
0.6
-1.0
-0.4
0.1
0.9
2.6
2.3
1.8
1.2
0.3
0.1
-0.2
0.0
-0.6
0.2
1.0
0.5
0.3
0.0
1.3
2.4
2.0
2.0
1.0
1.3
1.4
0.7
0.2
-0.7
0.0
0.0
0.5
1.1
2.0
1.2
0.0
-0.3
-0.8
-0.2
0.0
0.0
0.3
-0.1
-1.0
-0.2
-0.3
0.4
0.5
0.0
-0.9
-0.2
1.0
1.1
0.2
0.4
0.8
1.4
1.8
1.9
0.9
0.6
-0.1
0.9
1.4
1.9
1.7
1.2
1.2
0.6
0.3
-0.2
-1.1
0.3
0.1
0.7
0.9
1.2
1.3
1.0
0.1
-0.5
-0.8
-0.2
0.0
0.7
0.0
-0.3
-0.4
0.0
0.5
0.0
-0.6
0.1
0.2
1.5
1.4
0.6
-0.3
-0.9
-1.2
0.6
1.5
1.7
1.4
0.1
0.1
0.0
0.0
0.3
1.8
1.8
3.0
2.3
1.7
1.5
1.6
0.8
1.4
1.0
2.5
3.5
2.8
1.6
0.4
0.8
1.5
2.8
3.4
3.2
2.5
2.0
1.7
1.8
1.5
3.1
3.9
4.5
4.0
3.5
3.1
3.9
4.6
6.0
6.7
6.0
4.9
4.3
3.0
3.2
4.5
4.3
6.0
6.1
5.3
4.3
3.4
2.4
2.5
3.7
3.6
4.4
4.8
4.1
4.7
4.6
3.9
2.1
-0.2
-1.3
0.2
1.9
3.0
4.0
3.2
4.5
4.7
4.2
2.6
1.8
2.7
4.1
3.9
3.3
3.4
4.1
4.4
3.3
3.0
2.2
3.1
2.5
0.5
0.4
1.0
1.3
1.3
1.9
1.1
1.5
2.4
2.6
2.4
2.7
0.9
2.3
0.8
1.0
1.3
2.0
1.8
2.2
1.2
1.1
-0.2
0.0
-0.4
-1.1
-1.0
-1.4
-1.8
-0.1
0.0
1.4
1.5
1.0
0.7
0.6
-0.1
0.1
0.6
0.2
1.0
0.0
1.1
1.2
1.4
0.8
0.9
2.0
1.9
2.0
1.2
1.7
1.8
0.8
0.4
0.4
1.0
1.8
1.8
1.0
2.6
3.4
2.9
2.9
2.0
2.6
2.2
1.6
2.1
1.7
2.2
2.3
1.3
0.6
0.6
0.6
1.9
2.3
1.9
2.6
1.8
1.3
1.2
1.7
0.7
1.8
0.7
1.0
1.0
-0.2
-0.1
-0.1
-0.3
-0.2
0.3
2.3
2.4
2.1
1.6
2.2
3.2
2.2
1.2
0.6
1.0
1.6
1.3
1.6
1.3
0.3
0.4
-0.1
0.3
1.5
1.3
2.1
2.5
3.3
3.2
2.1
0.8
2.2
1.8
1.1
0.8
0.8
1.2
1.3
1.3
2.2
2.8
2.3
3.3
2.3
1.8
0.8
1.4
1.7
2.2
2.4
1.4
1.1
0.3
0.2
0.1
-0.4
0.7
2.0
2.6
2.0
3.0
2.2
2.4
1.6
1.2
2.2
1.2
0.2
0.8
1.0
1.6
2.1
1.6
1.0
1.6
1.4
2.3
2.6
2.2
1.7
1.7
0.9
0.0
1.1
0.8
1.7
1.5
1.5
2.0
2.8
2.0
1.9
1.7
1.3
0.7
0.4
0.0
0.6
0.5
2.3
1.9
1.5
0.8
1.0
0.0
0.8
0.5
0.0
0.5
-0.5
-0.3
0.7
1.4
1.8
2.1
1.2
1.4
1.0
0.3
0.4
0.1
0.2
0.4
0.8
1.0
0.9
0.6
1.5
1.6
2.2
1.9
2.7
1.8
0.8
0.8
0.7
1.5
1.2
0.8
0.5
-0.1
0.3
-0.4
0.8
0.7
1.2
0.5
-0.2
0.0
-0.2
1.1
1.4
1.1
0.4
0.0
-0.9
-0.7
-0.2
1.2
0.8
1.0
0.2
1.0
0.6
-0.3
0.5
0.5
0.8
1.0
0.8
1.1
0.7
0.7
0.6
2.4
2.2
2.3
1.5
1.6
1.8
1.6
1.4
1.8
1.5
1.6
0.4
1.0
0.6
1.4
1.2
2.6
1.3
0.4
-0.3
0.7
0.9
0.9
0.4
0.6
0.6
-0.2
-0.2
-0.3
0.4
-0.2
0.7
0.5
0.7
-0.1
0.6
0.4
1.1
0.4
-0.1
0.0
0.7
0.6
0.4
0.8
0.7
-0.3
0.1
-0.1
1.0
0.0
0.0
0.2
0.3
-0.3
-0.3
0.0
1.0
0.6
0.1
0.1
-0.2
0.4
0.4
0.4
0.8
0.9
0.8
-0.1
-0.4
0.0
0.5
0.4
0.7
1.0
1.4
1.9
2.0
3.3
3.3
3.3
3.4
3.4
3.8
2.8
2.5
2.5
3.0
2.1
2.9
2.9
2.7
2.9
2.5
2.5
1.4
2.0
1.8
0.9
1.8
1.8
2.9
2.6
2.6
1.4
0.2
-0.2
0.9
1.4
1.3
0.6
0.3
0.3
0.7
0.2
0.8
1.1
0.6
0.5
-0.2
-0.4
-0.6
-0.8
-1.0
-0.8
-1.5
-1.1
-0.9
0.1
0.3
1.3
1.7
1.2
0.7
0.8
1.2
0.8
0.1
-1.0
-0.4
-0.8
0.5
0.3
0.7
0.4
0.4
0.1
0.4
0.2
0.9
0.7
-0.5
-0.7
-0.4
1.0
1.2
1.2
0.4
0.2
0.6
0.3
0.4
0.1
-0.4
-0.9
-0.7
-0.4
-0.2
0.1
0.0
-0.5
-0.2
-0.8
-0.3
0.1
0.0
-0.2
-1.9
-1.6
-1.1
-0.4
-0.1
0.0
-0.8
-1.2
-1.3
-0.9
-0.6
-0.4
-0.3
-0.2
-1.0
-1.3
-0.8
-0.8
-0.4
0.3
0.4
0.1
-1.3
-1.9
-1.3
0.4
0.3
0.1
0.0
-1.7
-1.2
-0.9
-0.3
0.2
0.7
1.4
1.1
0.8
0.1
-0.1
0.3
-0.4
-0.5
0.5
0.3
0.3
-0.2
-1.1
-1.1
-0.2
0.0
-0.3
-0.4
-0.8
-1.4
-2.3
-2.0
-0.9
-0.2
0.0
-0.4
0.0
-0.3
-0.2
-0.6
-2.2
-3.5
-2.4
-1.0
1.1
2.0
1.2
0.7
-0.6
-1.4
-1.9
-2.0
-1.6
-1.7
-1.7
-0.3
-0.7
-0.3
-0.4
-0.6
-0.6
-1.0
-1.0
-0.6
0.3
0.5
1.1
1.6
0.1
-0.5
-1.0
-0.2
0.5
-0.1
0.3
0.8
0.5
0.3
0.3
0.3
0.5
-0.4
-0.8
-1.0
-1.2
-0.8
0.0
0.3
-0.6
0.0
0.9
0.3
-1.1
-2.9
-3.2
-2.5
-1.8
-0.7
1.0
2.1
2.1
1.5
-0.7
-1.4
-1.0
-0.3
0.4
0.6
0.9
0.7
1.4
0.5
-0.3
-1.0
-1.3
-0.7
-0.6
-0.1
0.1
-0.1
-0.2
0.3
0.4
0.3
-0.5
0.0
-0.7
-1.1
-0.9
-0.3
-0.4
-0.7
-1.2
-0.9
-1.2
-0.8
1.0
2.2
2.7
2.2
1.8
3.2
3.8
3.7
2.9
1.8
1.0
0.5
0.5
1.4
2.0
2.1
2.8
1.9
3.0
3.6
4.5
3.1
2.5
2.4
2.0
2.5
0.7
0.6
1.1
0.4
0.6
0.3
0.8
1.0
1.1
1.4
1.2
0.8
0.4
0.6
0.7
0.4
1.3
0.7
1.1
0.9
0.1
-0.2
-0.6
-0.5
0.6
0.4
0.2
-0.8
-0.3
-0.9
-0.9
-0.8
0.0
1.1
1.0
-1.2
-1.6
-1.7
-1.6
-0.3
-0.1
0.3
0.9
0.3
-0.4
-0.5
-0.5
0.0
0.6
0.8
0.3
0.2
-0.4
-1.1
-0.4
-0.2
-0.1
-0.3
-1.7
-2.2
-2.6
-2.0
-0.9
-1.2
-1.3
-1.3
-0.5
0.5
0.6
1.1
0.4
-0.6
-1.7
-2.6
-3.3
-2.3
-2.5
-1.7
-1.8
-1.1
0.4
1.2
1.0
-0.8
-2.0
-2.8
-4.0
-3.3
-3.6
-3.2
-3.2
-1.6
-1.0
-0.6
-1.1
-0.8
-0.6
-1.2
-1.8
-2.1
-2.7
-2.3
-1.1
-0.6
0.0
-0.2
-0.8
-0.8
-1.8
-2.1
-2.3
-2.4
-1.2
-1.3
-1.2
-1.6
-0.4
0.1
0.5
0.0
-0.8
-0.7
-0.2
-0.1
0.2
0.4
0.2
-0.3
0.3
0.0
-1.0
-2.3
-1.6
-1.2
-0.5
-0.6
0.0
0.5
0.5
0.0
0.3
-0.9
-1.5
-2.5
-1.8
-0.6
-0.8
-0.8
0.0
0.2
0.4
-0.4
-1.4
-1.7
-1.3
-1.4
-1.7
-1.6
-0.8
-0.5
0.0
-1.5
-1.5
-1.5
-1.3
-0.7
-1.1
-2.0
-2.5
-2.9
-2.4
-1.1
-0.4
-0.1
0.0
0.6
0.2
0.2
0.3
0.8
0.9
-0.1
-1.3
-1.2
-0.6
0.2
0.4
0.7
0.4
-0.1
1.0
1.5
1.5
1.2
1.6
2.6
3.8
4.3
4.3
3.1
2.8
3.6
3.0
3.4
2.4
1.8
2.1
2.6
3.2
3.2
3.3
4.2
4.3
4.9
3.8
3.7
2.9
1.7
1.5
0.7
0.4
-0.1
0.1
1.6
0.6
1.6
2.2
2.5
1.8
-0.7
-1.7
-2.2
-1.5
-1.0
0.9
3.0
3.3
3.2
1.7
1.7
2.2
0.9
1.5
1.0
1.9
2.2
0.5
-0.4
-1.1
-2.1
-3.1
-2.5
-2.3
-2.3
-1.9
-0.6
-0.5
0.2
-0.6
-0.2
-0.3
-0.6
-0.8
0.0
-0.6
-0.9
-0.5
0.0
0.0
-1.3
-0.2
1.0
1.6
2.4
1.3
0.0
-0.7
-2.4
-2.7
-3.2
-2.1
-0.9
0.0
0.4
1.3
1.2
1.4
1.2
1.9
0.8
0.4
0.4
1.8
2.4
2.8
3.0
4.4
3.9
2.9
1.8
1.8
0.9
0.4
0.3
0.0
0.3
0.2
0.0
-0.1
-0.6
-1.3
-0.4
-0.1
-0.5
-0.6
-0.9
-0.6
-0.7
-0.8
-1.0
-0.4
0.0
0.2
0.1
-0.1
0.3
0.7
-0.7
-1.6
-1.2
-0.1
-0.4
0.8
1.2
1.7
2.1
1.6
2.1
2.0
1.8
0.7
0.8
0.1
0.0
0.0
-0.4
-0.7
-1.3
-0.8
-0.6
-0.1
-0.9
-0.9
-1.3
-1.2
-1.6
-1.7
-1.4
-2.3
-2.7
-2.4
-1.9
-1.5
-1.3
-0.5
-0.8
-1.2
-1.8
-1.7
-2.3
-3.1
-3.4
-3.5
-2.3
-2.0
-1.4
-1.6
-1.5
-1.4
-0.9
-1.8
-2.4
-2.2
-2.4
-1.4
-1.2
-1.1
-0.9
-1.7
-2.1
-1.9
-2.8
-2.0
-2.5
-1.8
-1.7
-1.6
-1.3
-2.8
-3.0
-3.0
-1.4
-1.3
-0.8
-0.1
-1.0
-2.0
-2.5
-2.3
-1.2
-0.6
-0.9
-1.1
-0.6
-1.2
-1.8
-1.5
-0.6
0.4
-0.5
-1.0
-1.7
-1.1
-2.0
-2.0
-2.0
-1.0
-1.4
-1.3
-1.1
-0.8
-1.1
-0.9
-0.8
-0.7
0.0
0.5
0.7
0.6
-1.1
-1.4
-0.8
-0.9
-1.4
-1.3
-1.6
-0.8
-2.0
-1.4
-1.8
-1.4
-1.8
-2.4
-1.6
-2.1
-0.7
-0.1
-0.2
-0.5
-0.8
-1.1
-1.7
-1.2
-1.0
-0.5
0.1
-0.1
-0.6
-0.5
-1.3
-1.5
-1.4
-1.3
-1.3
-1.6
-0.4
0.0
0.4
0.4
-0.8
-1.5
-2.2
-2.1
-1.2
-0.4
-0.1
0.2
-0.2
-1.6
-1.7
-2.6
-2.4
-1.8
-2.2
-2.9
-1.9
-1.4
-1.1
-0.1
-0.5
0.0
-0.4
-1.1
-0.9
-0.5
0.0
-1.3
-1.2
0.2
0.3
0.8
0.3
0.1
-0.2
-1.0
-0.4
0.4
0.8
-0.3
0.1
0.1
-0.5
-0.9
-1.9
-0.8
-0.9
-0.9
-0.4
-1.0
-1.6
-1.6
-1.1
-0.4
-0.4
-1.0
-1.1
-0.8
-0.6
-1.1
-1.4
-2.5
-2.4
-1.9
-1.6
-2.5
-2.6
-2.8
-2.9
-2.1
-2.6
-2.9
-3.6
-3.3
-3.3
-2.8
-2.0
-1.1
-0.7
0.1
-0.9
-0.7
-2.2
-3.3
-3.0
-2.0
-1.7
-2.0
-2.1
-2.2
-1.9
-2.4
-1.6
-2.3
-1.5
-1.8
-1.1
0.0
0.0
1.2
0.9
0.8
-0.8
-1.0
-2.0
-2.3
-1.8
-1.8
0.0
-0.5
-0.1
0.1
0.2
0.2
-0.4
0.0
-0.8
-0.8
-1.2
-1.2
-1.7
-1.8
-1.5
-1.2
-1.4
-1.5
-1.8
-0.7
-0.1
-0.6
-1.7
-2.5
-4.1
-3.8
-4.5
-3.7
-1.6
-0.7
-0.6
-1.2
-1.2
-1.0
-1.0
-0.8
-1.5
-1.6
-2.6
-3.7
-3.8
-3.0
-2.0
-1.0
-1.2
-1.0
-1.1
-0.4
-0.9
-0.9
-1.5
-2.2
-2.4
-2.2
-2.2
-2.2
-2.6
-2.3
-1.8
-2.4
-3.1
-3.2
-3.4
-2.3
-3.6
-3.5
-3.2
-2.8
-2.5
-2.2
-1.8
-1.4
-1.6
-0.7
-1.5
-1.2
-2.1
-2.0
-2.2
-2.2
-1.8
-1.9
-1.3
-1.3
-2.0
-2.3
-2.6
-2.3
-2.1
-2.9
-3.0
-1.9
-1.5
-2.3
-3.1
-2.0
-2.0
-1.6
-1.7
-0.9
0.1
-1.2
-2.7
-2.7
-1.4
-3.4
-1.0
-3.1
-3.7
-3.5
-4.9
-2.0
-2.6
-1.8
-1.5
-4.7
-2.3
-3.0
-1.6
-2.8
-5.3
-2.4
-4.6
-2.6
-4.1
-3.4
-3.7
-5.5
-5.4
-4.5
-5.3
-4.4
-3.4
-3.9
-2.1
-1.9
-2.5
-2.0
-4.5
-4.1
-4.4
-3.3
-4.2
-4.4
-2.8
-4.9
-4.6
-5.3
-4.7
-4.0
-4.2
-3.5
-3.1
-2.0
-5.3
-4.2
-5.6
-6.4
-5.7
-4.3
-3.2
-3.3
-3.1
-2.5
-3.7
-2.5
-4.0
-3.8
-3.2
-4.0
-3.1
-2.2
-3.4
-3.5
-2.9
-3.6
-4.1
-4.2
-5.3
-3.1
-3.2
-5.7
-2.7
-5.0
-3.7
-5.1
-6.2
-4.9
-4.6
-5.0
-4.1
-5.1
-4.1
-5.6
-4.5
-5.5
-3.8
-5.1
-5.3
-3.8
-5.4
-3.5
-4.5
-4.3
-4.4
-6.6
-6.0
-4.8
-7.7
-6.1
-8.2
-8.7
-7.7
-6.8
-6.6
-6.0
-6.0
-4.3
-4.5
-5.7
-5.9
-5.5
-5.3
-7.6
-8.5
-7.1
-5.1
-4.9
-4.9
-4.7
-2.8
-4.2
-4.5
-5.1
-5.4
-5.5
-4.4
-4.4
-6.1
-5.6
-4.9
-4.4
-4.9
-4.4
-5.1
-4.7
-4.8
-4.9
-4.4
-4.6
-5.0
-3.5
-5.3
-4.4
-5.6
-4.4
-6.3
-5.0
-6.2
-4.3
-4.0
-4.7
-3.4
-5.1
-4.4
-3.9
-3.2
-4.0
-2.7
-3.3
-1.6
-3.4
-2.4
-3.7
-3.4
-3.0
-2.8
-3.7
-2.6
-3.7
-3.7
-5.3
-5.1
-3.3
-2.3
-5.4
-3.9
-4.2
-3.2
-3.1
-4.6
-3.4
-2.8
-4.1
-5.3
-5.2
-6.0
-5.8
-5.2
-4.6
-5.0
-5.0
-3.8
-5.1
-3.5
-4.0
-2.9
-4.8
-4.3
-5.3
-3.6
-2.5
-4.6
-4.6
-5.0
-4.3
-3.9
-5.0
-2.7
-4.9
-3.9
-4.5
-4.8
-6.0
-5.0
-4.3
-4.6
-5.6
-7.8
-7.4
-8.2
-11.5
-14.5
-15.6
-16.5
-18.3
-18.7
-19.9
-20.3
-20.1
-20.2
-19.0
-21.5
-21.3
-22.5
-23.3
-23.7
-25.3
-25.3
-25.8
-26.9
-27.2
-28.4
-29.6
-30.9
-31.2
-32.4
-34.2
-34.4
-35.6
-36.2
-37.2
-37.4
-37.9
-39.0
-39.9
-40.7
-41.3
-43.0
-40.5
-46.7
-44.2
-45.7
-45.1
-44.3
-49.1
-48.1
-48.7
-48.0
-49.6
-47.7
-54.6
-52.8
-53.6
-55.9
-55.5
-57.3
-58.8
-57.3
-59.7
-59.8
-59.6
-60.0
-60.3
-59.9
-63.5
-63.8
-63.8
-64.3
-65.5
-66.8
-66.3
-66.3
-66.6
-66.3
-66.8
-66.9
-65.4
-65.9
-64.6
-65.9
-66.4
-66.7
-67.1
-66.4
-63.8
-63.9
-64.0
-64.3
-64.7
-64.8
-65.6
-64.9
-64.3
-63.9
-64.1
-65.2
-64.5
-64.9
-64.5
-64.2
-62.6
-63.6
-63.0
-64.4
-63.6
-62.6
-62.3
-61.0
-61.2
-60.8
-59.8
-60.4
-60.2
-61.5
-61.0
-60.8
-59.8
-60.1
-58.3
-59.5
-59.0
-59.8
-59.1
-58.8
-59.1
-59.3
-59.6
-59.3
-57.6
-57.4
-57.2
-56.5
-56.7
-56.9
-58.1
-58.4
-58.3
-58.4
-58.4
-58.0
-57.6
-58.7
-58.2
-59.6
-59.0
-59.0
-58.0
-57.9
-57.9
-58.0
-57.4
-57.5
-58.0
-56.7
-55.3
-55.6
-55.9
-55.5
-53.4
-52.1
-53.1
-52.6
-52.8
-52.5
-51.7
-51.3
-50.4
-49.7
-48.2
-50.7
-50.0
-48.7
-48.0
-44.3
-48.9
-47.0
-51.4
-49.4
-46.2
-46.2
-43.7
-45.2
-47.3
-46.5
-48.1
-46.7
-46.3
-48.4
-45.7
-44.0
-42.5
-42.5
-43.0
-44.5
-45.2
-45.6
-46.1
-43.5
-44.8
-44.2
-44.6
-44.0
-41.9
-40.1
-39.1
-41.5
-43.9
-43.9
-42.0
-43.2
-43.5
-42.9
-41.1
-41.2
-41.5
-41.0
-41.6
-40.3
-39.1
-39.7
-39.6
-39.5
-40.9
-40.6
-42.1
-42.3
-42.3
-41.3
-42.3
-41.1
-41.2
-43.0
-41.2
-42.6
-41.2
-41.5
-40.8
-40.7
-41.1
-41.7
-39.7
-37.5
-38.3
-37.3
-38.6
-37.2
-35.9
-38.8
-39.5
-37.9
-37.5
-37.3
-38.5
-37.4
-36.1
-36.0
-37.1
-35.0
-35.9
-34.9
-34.6
-36.0
-34.5
-36.6
-34.6
-34.3
-34.6
-33.8
-34.9
-34.6
-35.0
-33.5
-33.0
-33.0
-33.2
-33.8
-33.9
-32.7
-33.0
-31.6
-32.3
-32.0
-33.9
-35.0
-33.8
-33.5
-31.6
-31.3
-33.1
-33.6
-33.3
-32.8
-33.3
-33.4
-34.8
-33.9
-34.7
-36.3
-34.4
-35.0
-35.3
-35.5
-35.7
-35.8
-35.6
-38.4
-37.6
-38.4
-38.4
-38.8
-37.9
-37.4
-38.3
-39.1
-39.5
-39.5
-39.4
-41.7
-42.1
-41.6
-41.7
-41.6
-42.3
-43.1
-40.6
-42.0
-42.4
-42.6
-42.0
-41.3
-39.7
-41.7
-43.0
-42.6
-44.9
-44.8
-46.6
-46.2
-44.5
-44.8
-45.3
-45.1
-48.5
-48.1
-48.4
-48.3
-49.2
-49.3
-49.5
-47.3
-49.2
-47.2
-50.4
-52.0
-51.0
-51.4
-47.8
-46.8
-52.9
-51.1
-49.0
-50.0
-47.6
-50.5
-50.3
-50.1
-45.3
-49.9
-52.3
-50.4
-50.0
-49.3
-49.5
-51.3
-48.2
-48.4
-52.2
-47.6
-48.4
-50.9
-51.3
-48.1
-48.2
-49.7
-52.6
-50.5
-50.9
-49.1
-46.5
-51.0
-53.5
-55.0
-51.8
-49.6
-52.5
-52.9
-51.4
-52.3
-52.9
-52.4
-47.7
-52.6
-49.4
-53.7
-52.9
-53.9
-54.0
-48.9
-53.9
-53.3
-54.9
-50.4
-53.6
-54.1
-55.4
-54.2
-54.6
-55.9
-56.5
-54.3
-55.6
-55.0
-54.9
-54.5
-54.3
-54.7
-55.2
-59.2
-58.3
-56.6
-56.3
-57.3
-57.0
-58.9
-57.7
-58.9
-59.7
-58.8
-59.0
-59.9
-61.3
-62.1
-62.1
-62.2
-61.9
-63.2
-63.5
-64.5
-64.9
-64.0
-63.6
-63.3
-64.0
-64.1
-64.3
-64.1
-64.1
-63.4
-64.4
-63.9
-64.7
-63.4
-63.9
-63.3
-63.8
-64.0
-63.4
-63.2
-62.8
-62.3
-62.5
-62.1
-62.5
-63.1
-63.2
-64.0
-63.2
-64.5
-63.5
-63.9
-63.5
-62.9
-62.6
-63.6
-64.2
-64.1
-63.7
-63.6
-63.8
-64.6
-63.8
-62.9
-62.5
-62.9
-63.7
-64.5
-64.3
-63.7
-62.7
-63.4
-64.3
-64.4
-64.0
-63.3
-62.7
-64.6
-64.7
-65.5
-65.4
-66.2
-67.5
-68.2
-70.1
-72.2
-72.5
-73.7
-73.1
-74.0
-74.2
-74.0
-75.5
-75.8
-75.1
-75.7
-75.2
-76.9
-75.7
-75.0
-74.7
-75.1
-75.4
-76.6
-76.5
-75.3
-74.8
-75.2
-75.6
-75.8
-74.6
-74.7
-74.4
-74.3
-74.6
-76.2
-76.0
-76.0
-75.3
-76.4
-76.3
-76.1
-75.6
-74.9
-76.3
-76.0
-76.9
-76.3
-75.3
-75.1
-74.8
-75.0
-75.6
-75.4
-75.5
-75.8
-76.1
-75.0
-75.4
-74.5
-73.6
-73.2
-74.8
-74.3
-75.3
-74.4
-75.0
-75.3
-74.4
-74.1
-74.1
-73.7
-73.6
-75.0
-75.6
-75.4
-75.0
-75.1
-74.5
-74.9
-73.5
-74.0
-73.5
-74.3
-73.8
-75.5
-75.1
-76.2
-77.0
-76.1
-75.8
-75.0
-73.3
-74.3
-73.9
-75.7
-75.7
-76.7
-76.9
-76.1
-75.6
-74.5
-74.4
-74.1
-73.6
-73.7
-73.9
-74.2
-74.5
-73.3
-74.8
-75.4
-74.5
-73.6
-72.5
-73.2
-72.6
-72.2
-73.0
-71.8
-72.3
-71.4
-72.3
-72.8
-72.3
-72.6
-73.0
-73.0
-73.0
-73.1
-72.6
-72.6
-72.4
-72.7
-73.3
-73.2
-72.3
-71.4
-72.5
-72.5
-72.0
-72.5
-72.4
-72.9
-73.3
-72.9
-71.7
-72.0
-72.7
-72.7
-72.0
-70.9
-71.7
-72.8
-73.4
-72.4
-72.8
-71.7
-73.0
-73.0
-72.7
-72.5
-72.4
-72.5
-72.4
-73.5
-73.1
-74.0
-71.8
-73.0
-73.4
-73.4
-72.9
-71.9
-71.8
-72.1
-73.0
-72.3
-72.7
-73.0
-73.4
-73.2
-72.6
-73.9
-73.8
-73.1
-73.2
-72.2
-72.3
-72.8
-73.5
-75.3
-75.2
-73.6
-73.4
-74.5
-74.5
-73.7
-74.5
-74.2
-75.3
-74.6
-74.1
-74.1
-74.5
-74.5
-74.9
-74.3
-74.3
-74.1
-76.8
-77.6
-77.7
-77.5
-77.6
-77.5
-77.6
-75.7
-76.4
-76.5
-76.8
-77.9
-77.5
-77.1
-78.4
-77.8
-78.6
-77.7
-78.8
-79.1
-78.6
-78.8
-78.3
-78.7
-79.1
-79.5
-79.3
-79.7
-78.1
-79.5
-79.9
-79.3
-80.8
-80.1
-80.7
-81.4
-81.2
-81.7
-81.5
-80.7
-81.0
-80.7
-80.7
-81.9
-81.2
-81.3
-80.9
-81.3
-81.8
-81.9
-82.2
-82.6
-83.1
-83.0
-83.2
-83.5
-82.9
-82.8
-82.5
-83.4
-84.8
-84.5
-84.4
-83.6
-84.0
-84.5
-84.4
-85.3
-86.3
-86.3
-86.1
-85.3
-85.4
-85.1
-85.0
-86.4
-87.3
-86.1
-85.3
-83.9
-83.4
-83.3
-82.5
-82.5
-83.0
-83.4
-84.9
-85.5
-85.9
-85.1
-83.6
-82.4
-83.7
-83.7
-85.6
-85.3
-85.1
-84.4
-83.8
-83.1
-84.1
-85.4
-85.6
-85.4
-85.3
-84.7
-84.8
-85.5
-85.8
-85.3
-84.8
-83.5
-84.6
-85.5
-85.3
-86.3
-85.9
-85.0
-84.9
-85.0
-85.9
-85.9
-86.0
-85.5
-85.0
-84.3
-84.0
-83.7
-83.7
-83.2
-84.1
-84.2
-84.6
-84.7
-84.3
-84.6
-84.3
-83.9
-83.9
-83.2
-83.4
-83.0
-83.4
-83.7
-83.8
-82.4
-81.9
-81.7
-82.0
-82.6
-82.8
-82.6
-82.5
-81.1
-81.1
-80.4
-80.2
-80.4
-80.6
-81.3
-81.5
-81.4
-82.1
-81.1
-80.4
-79.4
-80.0
-80.0
-80.1
-80.5
-81.1
-80.5
-80.4
-79.8
-79.7
-79.8
-79.5
-79.6
-79.8
-79.0
-78.8
-77.9
-78.4
-78.7
-79.1
-79.2
-78.5
-78.0
-78.2
-78.2
-77.6
-76.3
-76.2
-75.6
-75.6
-76.1
-75.7
-75.9
-74.6
-74.3
-73.7
-74.1
-73.8
-73.5
-73.2
-72.8
-72.9
-72.5
-73.5
-73.6
-74.8
-73.3
-72.3
-71.6
-70.6
-70.9
-70.9
-71.3
-71.2
-70.5
-71.0
-70.7
-70.9
-70.3
-70.5
-70.4
-70.9
-70.4
-70.3
-70.5
-70.2
-70.1
-70.1
-69.4
-69.0
-68.4
-68.3
-68.1
-67.7
-67.3
-66.5
-66.4
-65.7
-65.2
-64.3
-63.8
-63.5
-62.6
-62.0
-61.8
-62.4
-62.5
-62.8
-62.4
-61.9
-60.9
-60.7
-60.7
-61.5
-61.4
-61.7
-60.8
-60.8
-60.0
-60.1
-60.2
-60.3
-60.3
-60.4
-59.7
-59.2
-59.2
-58.8
-59.2
-58.0
-58.2
-58.2
-58.6
-58.1
-56.9
-56.8
-56.4
-57.1
-56.8
-57.0
-55.7
-55.4
-55.2
-55.8
-56.0
-55.3
-55.4
-55.4
-55.3
-55.4
-54.9
-55.3
-55.2
-54.6
-55.0
-54.5
-54.8
-54.2
-53.8
-53.2
-51.0
-51.6
-52.0
-52.7
-52.7
-52.4
-51.8
-51.6
-51.5
-52.8
-52.6
-53.3
-52.9
-52.6
-52.3
-51.7
-50.0
-50.1
-49.3
-49.5
-50.2
-50.8
-51.3
-51.1
-51.2
-49.7
-50.2
-49.8
-49.7
-50.5
-50.5
-50.2
-49.2
-48.8
-48.5
-48.5
-48.6
-47.8
-48.1
-47.5
-48.1
-46.9
-46.3
-46.5
-47.0
-46.3
-47.2
-46.8
-47.5
-47.4
-47.4
-46.9
-46.2
-44.5
-45.6
-46.0
-46.1
-44.3
-44.6
-45.5
-46.3
-46.8
-46.4
-45.7
-45.5
-45.1
-47.5
-48.6
-47.7
-45.7
-44.8
-44.5
-46.1
-47.2
-47.3
-46.2
-43.6
-42.2
-42.7
-43.0
-43.4
-44.4
-44.0
-42.6
-42.4
-43.4
-43.1
-44.0
-43.0
-42.7
-43.3
-42.7
-42.3
-43.3
-42.9
-43.0
-42.6
-43.1
-43.0
-42.6
-42.0
-41.3
-40.9
-40.5
-40.0
-40.2
-39.7
-39.2
-38.5
-37.8
-37.1
-36.9
-37.8
-37.5
-37.0
-36.0
-36.1
-36.8
-36.9
-38.0
-36.8
-38.3
-37.5
-37.6
-37.8
-37.6
-37.5
-36.7
-35.0
-36.6
-37.0
-37.5
-37.2
-37.0
-37.4
-38.0
-37.7
-38.1
-38.2
-38.2
-39.0
-38.3
-37.4
-36.2
-35.8
-35.6
-34.4
-36.4
-37.0
-37.6
-37.6
-36.2
-35.9
-35.3
-34.1
-35.2
-36.1
-37.0
-37.2
-36.2
-35.5
-34.5
-35.2
-35.0
-35.3
-34.8
-35.5
-35.1
-36.4
-36.6
-36.5
-34.5
-35.9
-34.6
-35.0
-34.4
-33.1
-33.0
-31.6
-34.5
-33.2
-34.8
-36.4
-35.3
-34.1
-32.6
-33.1
-33.5
-34.7
-33.4
-32.2
-31.8
-30.1
-31.2
-31.7
-31.1
-30.8
-30.9
-30.4
-30.8
-31.3
-31.4
-31.7
-31.1
-31.1
-29.3
-30.4
-30.8
-31.7
-30.3
-30.8
-31.0
-30.0
-31.3
-31.1
-30.6
-30.3
-29.7
-29.5
-29.2
-29.3
-30.6
-30.7
-31.0
-29.5
-30.0
-28.2
-28.5
-28.4
-28.3
-27.9
-27.5
-28.3
-27.6
-27.3
-27.1
-27.7
-27.7
-27.6
-29.5
-28.6
-28.0
-27.6
-26.8
-26.8
-26.9
-27.2
-27.9
-26.3
-26.1
-25.9
-26.4
-26.7
-24.4
-25.0
-24.9
-24.8
-25.4
-25.3
-25.8
-25.2
-25.3
-24.5
-24.8
-24.2
-23.9
-24.0
-24.0
-24.1
-23.9
-22.7
-22.5
-21.3
-22.2
-21.8
-21.7
-21.1
-20.2
-19.3
-17.9
-17.3
-18.4
-18.2
-19.6
-17.6
-18.5
-17.7
-18.4
-18.4
-17.9
-17.7
-17.5
-18.0
-17.9
-17.7
-18.4
-17.9
-17.8
-16.9
-17.9
-18.9
-19.2
-19.0
-18.9
-18.0
-17.5
-17.9
-18.9
-19.3
-17.8
-16.7
-15.8
-17.9
-18.2
-18.5
-17.7
-16.8
-16.5
-16.0
-16.0
-17.9
-16.5
-16.0
-15.0
-14.6
-14.3
-14.6
-15.0
-15.8
-16.2
-15.3
-14.8
-15.1
-13.9
-14.6
-15.2
-15.5
-15.4
