-8.1
-8.0
-7.9
-7.9
-8.1
-8.0
-7.9
-7.6
-7.5
-7.4
-7.6
-7.8
-7.8
-7.7
-7.6
-7.3
-7.3
-7.3
-7.4
-7.5
-7.5
-7.4
-7.3
-7.3
-7.6
-7.7
-7.8
-7.9
-7.8
-7.7
-7.6
-7.6
-7.6
-7.6
-7.7
-7.7
-7.8
-7.8
-7.9
-7.9
-7.9
-7.9
-7.9
-7.9
-7.7
-7.7
-7.5
-7.5
-7.4
-7.4
-7.4
-7.4
-7.3
-7.2
-7.2
-7.1
-7.0
-6.7
-6.5
-6.2
-6.1
-6.0
-5.8
-5.4
-4.7
-4.2
-3.8
-3.4
-3.2
-3.1
-2.6
-1.9
-1.2
-0.3
0.3
1.0
1.7
2.5
3.0
3.6
4.3
5.1
6.1
7.1
8.1
8.9
9.7
10.4
11.1
11.5
11.7
11.6
11.6
11.5
11.4
10.9
10.4
9.7
8.9
8.3
7.7
7.1
6.3
5.5
4.6
3.5
2.5
1.5
0.7
0.1
-0.3
-0.8
-1.1
-1.5
-2.3
-3.0
-3.9
-4.5
-4.8
-5.0
-5.1
-5.3
-5.6
-6.2
-6.7
-7.3
-7.8
-8.1
-8.3
-8.4
-8.5
-8.6
-8.9
-9.0
-9.3
-9.3
-9.4
-9.6
-10.0
-10.4
-10.7
-10.8
-11.0
-11.1
-11.4
-11.6
-11.7
-11.7
-11.6
-11.6
-11.6
-11.5
-11.2
-11.0
-10.8
-10.7
-10.7
-11.0
-11.1
-11.1
-11.0
-11.0
-10.9
-11.0
-11.2
-11.3
-11.6
-11.8
-11.8
-11.8
-11.7
-11.6
-11.6
-11.5
-11.5
-11.3
-11.3
-11.4
-11.6
-11.7
-11.8
-11.8
-11.7
-11.5
-11.4
-11.3
-11.2
-11.2
-11.1
-11.1
-10.8
-10.7
-10.6
-10.4
-10.4
-10.2
-10.1
-10.1
-10.2
-10.2
-10.3
-10.2
-10.1
-10.3
-10.4
-10.5
-10.6
-10.4
-10.2
-10.1
-10.0
-10.0
-10.2
-10.3
-10.4
-10.3
-10.3
-10.3
-10.1
-9.8
-9.5
-9.3
-9.1
-9.0
-9.1
-9.1
-9.0
-9.0
-9.0
-9.1
-9.2
-9.3
-9.3
-9.3
-9.3
-9.3
-9.3
-9.2
-9.0
-8.8
-8.8
-9.1
-9.3
-9.6
-9.9
-9.8
-9.7
-9.7
-9.6
-9.5
-9.6
-9.6
-9.7
-9.8
-9.7
-9.7
-9.7
-9.7
-9.7
-9.9
-9.8
-9.7
-9.7
-9.7
-9.6
-9.8
-10.0
-10.3
-10.6
-10.9
-11.0
-10.9
-10.8
-10.6
-10.6
-10.8
-11.1
-11.1
-11.1
-10.8
-10.7
-10.5
-10.3
-10.1
-9.9
-9.7
-9.8
-10.0
-10.2
-10.2
-10.1
-9.9
-9.8
-9.8
-9.7
-9.7
-9.6
-9.4
-9.3
-9.2
-9.1
-9.0
-8.9
-9.0
-8.9
-8.9
-9.0
-8.9
-9.0
-9.0
-9.0
-9.0
-9.1
-9.1
-9.2
-9.2
-9.2
-9.1
-9.1
-9.2
-9.1
-9.0
-8.8
-8.6
-8.6
-8.8
-9.0
-9.2
-9.1
-9.0
-8.7
-8.5
-8.3
-8.3
-8.5
-8.8
-9.1
-9.4
-9.5
-9.5
-9.5
-9.3
-9.3
-9.4
-9.5
-9.9
-10.2
-10.3
-10.2
-10.0
-10.0
-10.0
-10.0
-10.0
-10.1
-10.1
-10.1
-10.0
-10.0
-10.0
-10.2
-10.3
-10.1
-9.9
-9.7
-9.7
-10.0
-10.1
-10.2
-10.2
-10.2
-10.1
-10.0
-9.6
-9.1
-8.7
-8.5
-8.5
-8.4
-8.3
-8.1
-8.1
-8.2
-8.5
-8.8
-8.8
-8.8
-8.7
-8.5
-8.5
-8.4
-8.3
-8.3
-8.3
-8.3
-8.4
-8.4
-8.3
-8.3
-8.2
-7.9
-7.6
-7.5
-7.5
-7.7
-8.1
-8.6
-8.8
-8.8
-8.7
-8.5
-8.4
-8.4
-8.5
-8.6
-8.4
-8.3
-8.3
-8.3
-8.2
-8.1
-8.0
-7.9
-8.0
-8.2
-8.4
-8.6
-8.7
-8.8
-8.6
-8.4
-8.4
-8.5
-8.7
-8.8
-8.7
-8.4
-8.4
-8.5
-8.7
-8.9
-8.9
-8.7
-8.7
-8.8
-9.0
-9.3
-9.6
-9.9
-10.0
-10.0
-9.7
-9.4
-9.2
-9.1
-9.3
-9.5
-9.5
-9.4
-9.3
-9.5
-9.4
-9.5
-9.5
-9.2
-9.0
-9.0
-8.9
-8.8
-8.8
-8.7
-8.7
-8.6
-8.4
-8.2
-7.9
-7.7
-7.6
-7.5
-7.6
-7.8
-8.1
-8.3
-8.5
-8.5
-8.4
-8.2
-8.2
-8.5
-8.6
-8.7
-8.5
-8.1
-7.8
-7.7
-7.7
-7.7
-7.8
-8.0
-8.1
-8.1
-8.0
-8.0
-8.0
-8.0
-7.9
-7.8
-7.5
-7.2
-6.9
-6.4
-5.8
-5.0
-3.9
-2.7
-1.1
0.5
2.1
3.8
5.3
6.7
8.0
9.6
11.0
12.3
13.6
14.6
15.4
15.9
16.3
16.2
15.8
15.1
14.2
13.5
13.0
12.7
12.3
11.8
11.0
10.1
9.2
8.3
7.3
6.3
5.4
4.6
3.8
2.9
2.1
1.3
0.5
-0.3
-1.0
-1.9
-2.6
-3.1
-3.5
-3.9
-4.3
-4.8
-5.4
-5.8
-6.1
-6.4
-6.5
-6.8
-7.0
-7.3
-7.5
-7.8
-8.0
-8.1
-8.3
-8.5
-8.7
-9.0
-9.4
-9.4
-9.4
-9.5
-9.6
-9.8
-10.2
-10.5
-10.7
-10.8
-10.6
-10.4
-10.1
-10.0
-10.1
-10.4
-10.7
-10.8
-10.9
-10.9
-10.7
-10.8
-10.9
-11.0
-11.0
-11.1
-10.9
-10.8
-10.9
-11.0
-11.2
-11.2
-11.0
-10.7
-10.5
-10.5
-10.5
-10.5
-10.6
-10.6
-10.8
-11.1
-11.2
-11.2
-11.2
-10.9
-10.5
-10.2
-10.1
-10.2
-10.2
-10.3
-10.2
-10.0
-9.9
-10.0
-10.1
-10.3
-10.3
-10.4
-10.4
-10.1
-9.9
-9.7
-9.4
-9.2
-9.2
-9.2
-9.3
-9.6
-9.9
-10.0
-10.0
-10.0
-9.8
-9.6
-9.5
-9.5
-9.6
-9.6
-9.5
-9.3
-9.3
-9.4
-9.6
-9.8
-9.9
-9.9
-9.9
-9.7
-9.8
-9.6
-9.6
-9.6
-9.7
-9.9
-9.9
-9.8
-9.7
-9.5
-9.4
-9.7
-9.9
-10.1
-10.3
-10.3
-10.3
-10.4
-10.4
-10.2
-10.2
-10.4
-10.5
-10.6
-10.7
-10.6
-10.6
-10.4
-10.3
-10.1
-9.9
-10.1
-10.1
-10.1
-9.9
-9.7
-9.7
-9.6
-9.7
-9.8
-9.6
-9.5
-9.4
-9.4
-9.4
-9.6
-9.8
-9.9
-10.0
-9.9
-9.8
-9.7
-9.5
-9.6
-9.5
-9.3
-9.1
-8.9
-8.8
-9.0
-9.4
-9.7
-9.7
-9.5
-9.2
-9.1
-9.1
-9.2
-9.3
-9.2
-9.2
-9.2
-9.4
-9.4
-9.5
-9.3
-9.1
-8.9
-8.8
-8.9
-9.0
-9.2
-9.4
-9.4
-9.4
-9.5
-9.6
-9.8
-10.0
-10.2
-9.9
-9.6
-9.4
-9.1
-9.3
-9.5
-9.5
-9.4
-9.2
-9.1
-9.3
-9.6
-9.9
-10.1
-10.1
-10.0
-9.8
-9.7
-9.6
-9.6
-9.6
-9.7
-9.8
-9.9
-9.9
-9.8
-9.6
-9.5
-9.5
-9.6
-9.7
-9.5
-9.2
-8.7
-7.9
-7.2
-6.5
-5.6
-4.9
-4.1
-3.1
-2.4
-1.7
-1.1
-0.6
-0.1
0.6
1.4
2.2
3.0
3.6
4.3
5.0
5.8
6.6
7.3
8.0
8.7
9.2
9.8
10.2
10.6
10.9
11.2
11.5
11.7
11.9
12.1
12.3
12.7
13.0
13.2
13.4
13.6
13.7
13.9
13.9
14.0
14.1
14.2
14.6
14.9
15.3
15.8
16.2
16.4
16.5
16.4
16.4
16.7
17.1
17.6
18.0
18.3
18.6
18.7
18.7
18.7
18.7
18.9
19.1
19.3
19.6
19.8
19.9
20.0
20.1
20.4
20.6
20.9
21.1
21.0
21.1
21.3
21.6
21.8
22.1
22.1
22.2
22.2
22.4
22.6
22.7
23.1
23.4
23.8
24.2
24.5
24.6
24.7
24.9
25.3
25.8
26.2
26.7
27.1
27.5
27.8
28.1
28.2
28.2
28.5
28.9
29.1
29.1
29.3
29.2
29.1
29.3
29.4
29.8
30.4
30.8
30.8
30.8
30.6
30.4
30.2
30.0
29.8
29.7
29.8
29.8
29.9
29.9
30.0
30.2
30.1
30.0
30.0
30.1
30.2
30.6
30.8
30.8
31.0
31.1
31.2
31.5
31.5
31.6
31.9
31.9
32.3
33.2
34.3
35.8
37.6
38.7
39.4
39.9
40.6
41.4
43.0
44.5
45.8
47.4
49.2
51.1
53.7
56.6
59.4
62.3
65.4
68.5
72.2
76.3
80.1
83.7
86.6
88.8
90.5
92.1
93.4
94.5
95.4
96.2
96.6
97.0
97.2
97.4
97.6
97.7
97.5
97.2
96.8
96.4
96.3
95.9
95.5
95.5
95.2
95.0
94.8
94.3
93.9
93.5
93.1
92.7
92.1
91.4
90.6
89.7
89.1
88.6
88.5
88.6
88.6
88.3
87.6
86.6
85.9
85.1
84.6
84.4
84.1
83.8
83.3
83.3
82.9
82.8
82.6
82.1
81.8
81.8
81.8
82.0
81.9
81.3
80.9
81.0
81.0
80.9
80.8
80.4
80.6
80.7
80.8
80.7
80.3
79.9
79.9
79.8
79.5
79.3
79.3
79.1
79.2
79.0
78.7
78.4
77.8
77.3
76.9
76.6
76.8
76.8
76.9
77.0
76.7
77.0
77.0
76.7
76.6
76.3
76.3
76.6
76.5
76.3
75.8
75.2
74.7
74.2
73.4
72.8
72.2
72.0
71.7
71.2
70.9
70.7
70.5
70.6
70.4
69.8
69.2
68.7
68.4
68.1
68.0
67.5
67.0
66.7
66.2
65.9
65.5
64.9
64.4
64.1
63.8
63.4
63.1
62.2
61.4
60.9
60.5
59.9
59.3
58.7
58.2
58.2
58.3
58.5
58.4
58.4
58.4
58.2
57.9
57.3
56.6
56.3
56.3
56.2
55.9
55.3
54.7
54.1
54.0
53.9
53.7
53.6
53.4
53.2
53.5
53.5
53.6
54.1
54.3
54.4
54.2
53.9
53.3
52.8
52.8
52.3
51.6
51.2
50.6
50.1
49.5
49.0
48.4
47.8
47.3
46.7
46.0
45.0
44.5
44.2
43.7
43.2
42.8
42.2
41.8
41.4
40.4
39.2
37.5
35.9
34.5
33.1
31.8
30.5
29.0
27.2
25.2
22.9
20.4
17.9
15.3
12.9
10.5
8.3
6.2
4.2
2.5
0.9
-0.7
-2.3
-4.0
-5.9
-7.6
-9.4
-11.1
-12.6
-14.2
-15.6
-16.8
-18.0
-19.2
-20.4
-21.6
-22.7
-23.7
-24.4
-25.0
-25.7
-26.5
-27.3
-28.0
-28.7
-29.2
-29.9
-30.6
-31.4
-32.2
-32.8
-33.3
-33.8
-34.2
-34.6
-35.0
-35.3
-35.8
-36.4
-37.1
-37.8
-38.3
-38.7
-39.1
-39.4
-39.7
-39.8
-40.1
-40.3
-40.5
-40.5
-40.6
-40.8
-41.2
-41.4
-41.5
-41.5
-41.5
-41.7
-42.1
-42.6
-42.9
-43.2
-43.5
-43.7
-44.0
-44.2
-44.5
-44.7
-44.8
-44.9
-45.1
-45.4
-45.8
-46.1
-46.3
-46.3
-46.2
-46.0
-45.9
-45.8
-45.9
-46.2
-46.5
-46.7
-46.6
-46.5
-46.4
-46.4
-46.4
-46.5
-46.5
-46.5
-46.9
-47.4
-47.9
-48.2
-48.4
-48.3
-48.1
-48.2
-48.3
-48.5
-48.8
-49.0
-49.2
-49.5
-49.8
-50.1
-50.4
-50.4
-50.5
-50.6
-50.5
-50.7
-51.0
-51.4
-51.7
-51.8
-51.9
-52.0
-52.1
-52.5
-52.6
-52.4
-52.0
-51.7
-51.5
-51.4
-51.6
-51.6
-51.6
-51.6
-51.6
-51.7
-51.8
-52.0
-51.9
-52.0
-52.2
-52.3
-52.3
-52.1
-52.0
-51.6
-51.5
-51.4
-51.2
-51.0
-50.9
-51.0
-51.0
-51.1
-51.3
-51.4
-51.5
-51.7
-51.6
-51.5
-51.5
-51.3
-51.3
-51.5
-51.5
-51.5
-51.8
-52.1
-52.3
-52.6
-52.6
-52.3
-51.9
-51.5
-51.2
-51.4
-51.6
-51.9
-52.1
-52.0
-51.8
-51.6
-51.4
-51.5
-51.8
-51.9
-52.0
-52.2
-52.5
-52.7
-53.0
-53.2
-52.9
-52.5
-52.3
-52.0
-51.9
-51.8
-51.7
-51.5
-51.5
-51.5
-51.6
-51.8
-51.9
-51.9
-51.8
-51.8
-51.9
-51.9
-51.8
-51.7
-51.6
-51.7
-51.7
-51.7
-51.5
-51.2
-50.9
-50.7
-50.2
-50.0
-49.6
-49.1
-48.8
-48.9
-48.9
-49.0
-48.9
-48.8
-48.8
-48.8
-49.0
-48.9
-48.6
-48.2
-48.0
-47.9
-47.9
-47.9
-47.9
-47.8
-47.5
-47.4
-47.5
-47.3
-47.3
-47.1
-46.8
-46.7
-46.5
-46.4
-46.2
-46.0
-45.6
-45.4
-45.5
-45.6
-45.8
-45.8
-45.8
-45.7
-45.7
-45.8
-46.1
-46.4
-46.4
-46.3
-46.3
-46.2
-46.3
-46.7
-46.8
-47.0
-46.9
-47.0
-47.2
-47.3
-47.3
-47.5
-47.5
-47.7
-48.0
-48.2
-48.2
-48.2
-48.2
-48.1
-48.2
-48.3
-48.2
-48.1
-47.8
-47.6
-47.5
-47.6
-47.7
-47.7
-47.6
-47.4
-47.5
-47.9
-48.2
-48.3
-48.3
-48.2
-48.1
-48.1
-48.0
-47.9
-47.6
-47.4
-47.3
-47.5
-47.9
-48.2
-48.5
-48.7
-48.9
-48.8
-48.7
-48.6
-48.4
-48.3
-48.2
-48.1
-48.2
-48.6
-49.0
-49.4
-49.6
-49.6
-49.4
-49.4
-49.3
-49.3
-49.3
-49.4
-49.4
-49.3
-49.2
-49.3
-49.4
-49.6
-49.8
-49.8
-49.7
-49.7
-49.6
-49.6
-49.7
-49.9
-50.1
-50.3
-50.5
-50.6
-50.7
-50.8
-50.7
-50.7
-50.6
-50.4
-50.6
-50.8
-51.0
-51.2
-51.2
-51.2
-51.0
-50.8
-50.7
-50.6
-50.6
-50.7
-50.7
-50.7
-50.7
-50.6
-50.3
-50.0
-49.9
-50.0
-50.2
-50.6
-50.9
-51.0
-50.9
-50.6
-50.2
-50.0
-49.8
-49.9
-50.0
-50.2
-50.4
-50.5
-50.6
-50.8
-50.9
-50.9
-51.0
-50.8
-50.7
-50.4
-50.1
-49.7
-49.5
-49.2
-49.1
-49.1
-49.3
-49.4
-49.5
-49.5
-49.4
-49.3
-49.3
-49.5
-49.5
-49.7
-49.6
-49.4
-49.4
-49.2
-49.1
-48.9
-48.7
-48.4
-48.1
-48.0
-47.9
-47.9
-47.9
-48.0
-48.2
-48.5
-48.6
-48.7
-48.7
-48.6
-48.6
-48.5
-48.5
-48.4
-48.1
-47.9
-47.7
-47.5
-47.6
-47.5
-47.5
-47.2
-47.1
-47.0
-46.8
-46.8
-46.7
-46.5
-46.4
-46.3
-46.3
-46.2
-46.2
-45.9
-45.5
-45.0
-44.7
-44.5
-44.5
-44.4
-44.4
-44.0
-43.9
-43.7
-43.7
-43.8
-43.8
-43.9
-43.9
-43.7
-43.5
-43.2
-42.9
-42.7
-42.7
-42.7
-42.8
-42.9
-42.8
-42.7
-42.3
-42.0
-41.7
-41.4
-41.3
-41.3
-41.2
-41.2
-41.1
-41.1
-41.3
-41.5
-41.7
-41.8
-41.7
-41.5
-41.2
-40.9
-40.6
-40.3
-40.2
-40.2
-40.4
-40.6
-40.7
-40.7
-40.6
-40.4
-40.2
-39.9
-39.5
-39.4
-39.2
-39.1
-39.0
-38.8
-38.7
-38.6
-38.6
-38.5
-38.4
-38.2
-38.0
-38.0
-38.0
-38.2
-38.4
-38.6
-38.8
-38.9
-38.7
-38.5
-38.2
-37.8
-37.5
-37.5
-37.4
-37.2
-37.1
-36.9
-36.7
-36.5
-36.5
-36.4
-36.3
-36.2
-36.1
-36.1
-36.0
-35.9
-35.9
-35.9
-35.8
-35.9
-35.7
-35.4
-35.0
-34.5
-34.3
-34.3
-34.4
-34.4
-34.3
-34.0
-33.8
-33.7
-33.7
-33.7
-33.6
-33.4
-33.2
-33.0
-33.0
-33.2
-33.4
-33.8
-33.9
-33.8
-33.7
-33.4
-33.4
-33.3
-33.2
-33.0
-32.7
-32.5
-32.5
-32.6
-32.7
-32.7
-32.5
-32.4
-32.2
-32.1
-32.0
-32.0
-31.9
-31.8
-31.6
-31.2
-30.9
-30.6
-30.5
-30.6
-30.6
-30.5
-30.3
-30.0
-29.5
-29.0
-28.7
-28.5
-28.5
-28.7
-29.0
-29.1
-29.0
-29.1
-29.1
-29.0
-29.0
-29.1
-29.0
-28.9
-28.7
-28.4
-28.0
-27.9
-27.7
-27.6
-27.6
-27.3
-27.0
-26.9
-26.6
-26.3
-26.1
-25.9
-25.8
-25.7
-25.5
-25.5
-25.4
-25.4
-25.4
-25.5
-25.4
-25.2
-25.1
-24.9
-24.8
-24.7
-24.6
-24.5
-24.5
-24.4
-24.4
-24.4
-24.3
-24.1
-23.8
-23.6
-23.5
-23.7
-23.7
-23.7
-23.7
-23.5
-23.4
-23.2
-23.1
-22.8
-22.7
-22.7
-22.7
-22.8
-22.9
-23.0
-23.0
-23.0
-23.0
-22.9
-22.8
-22.8
-22.7
-22.6
-22.3
-22.1
-21.8
-21.6
-21.4
-21.1
-20.8
-20.5
-20.4
-20.3
-20.3
-20.4
-20.6
-20.5
-20.2
-19.9
-19.4
-19.0
-18.8
-18.6
-18.2
-18.0
-17.7
-17.5
-17.4
-17.3
-17.2
-17.1
-16.8
-16.4
-15.9
-15.4
-15.1
-15.1
-15.2
-15.3
-15.2
-15.0
-14.7
-14.7
-14.8
-15.0
-15.1
-15.1
-14.8
-14.4
-14.1
-13.9
-13.9
-14.0
-14.1
-14.1
-14.0
-13.8
-13.7
-13.6
-13.7
-13.8
-13.8
-13.9
-13.8
-13.6
-13.5
-13.3
-13.3
-13.3
-13.3
-13.1
-12.9
-12.7
-12.6
-12.7
-12.8
-13.0
-12.8
-12.6
-12.3
-12.1
-12.1
-12.2
-12.1
-11.8
-11.4
-11.2
-11.1
-11.3
-11.6
-11.7
-11.6
-11.3
-11.0
-10.9
-10.8
-11.0
-11.1
-11.1
-11.1
-11.0
-10.8
-10.7
-10.5
-10.3
-10.3
-10.4
-10.4
-10.3
-10.0
-9.5
-9.1
-8.9
-8.9
-8.9
-8.9
-8.9
-8.8
-8.8
-8.9
-9.1
-9.2
-9.1
-8.9
-8.7
-8.6
-8.7
-8.7
-8.6
-8.4
-8.3
-8.3
-8.3
-8.5
-8.5
-8.5
-8.5
-8.4
-8.4
-8.3
-8.4
-8.3
-8.3
-8.3
-8.1
-8.0
-7.9
-7.6
-7.4
-7.4
-7.5
-7.6
-7.8
-7.8
-7.6
-7.4
-7.2
-6.9
-6.7
-6.5
-6.3
-6.4
-6.5
-6.7
-6.9
-6.9
-6.8
-6.6
-6.4
-6.2
-6.0
-6.0
-5.9
-5.9
-5.8
-5.8
-5.7
-5.7
-5.6
-5.4
-5.0
-4.8
-4.6
-4.5
-4.6
-4.6
-4.4
-4.4
-4.4
-4.3
-4.3
-4.3
-4.2
-4.0
-4.0
-4.1
-4.1
-4.2
-4.3
-4.4
-4.4
-4.5
-4.5
-4.7
-4.8
-5.0
-5.1
-5.3
-5.4
-5.5
-5.6
-5.6
-5.7
-5.7
-5.7
-5.6
-5.5
-5.5
-5.5
-5.5
-5.6
-5.6
-5.5
-5.5
-5.6
-5.6
-5.6
-5.6
-5.8
-6.0
-6.0
-5.8
-5.5
-5.2
-5.0
-5.1
-5.4
-5.6
-5.7
-5.7
-5.6
-5.4
-5.3
-5.2
-5.2
-5.1
-5.1
-5.2
-5.3
-5.5
-5.6
-5.6
-5.6
-5.8
-5.9
-5.9
-5.8
-5.8
-5.8
-5.7
-5.7
-5.8
-5.7
-5.6
-5.6
-5.7
-5.8
-5.9
-5.9
-5.8
-5.8
-6.0
-6.2
-6.4
-6.3
-6.1
-6.1
-6.1
-6.4
-6.7
-6.9
-7.1
-7.2
-7.3
-7.4
-7.5
-7.6
-7.5
-7.4
-7.3
-7.3
-7.4
-7.6
-7.7
-7.6
-7.3
-7.0
-7.0
-6.8
-6.7
-6.8
-6.8
-6.9
-7.0
-7.1
-6.9
-6.9
-6.8
-6.7
-6.6
-6.5
-6.2
-6.1
-6.1
-6.1
-6.2
-6.1
-6.0
-5.8
-5.7
-5.6
-5.7
-5.7
-5.6
-5.6
-5.5
-5.5
-5.6
-5.6
-5.8
-5.9
-6.1
-6.5
-6.7
-6.8
-6.9
-6.8
-6.7
-6.6
-6.5
-6.5
-6.4
-6.2
-6.3
-6.3
-6.3
-6.4
-6.4
-6.2
-6.3
-6.3
-6.4
-6.4
-6.4
-6.3
-6.2
-6.1
-6.0
-6.0
-5.9
-5.9
-6.1
-6.4
-6.6
-6.9
-7.1
-7.2
-7.3
-7.4
-7.5
-7.7
-8.0
-8.2
-8.4
-8.5
-8.5
-8.5
-8.6
-8.6
-8.8
-9.1
-9.2
-9.3
-9.3
-9.1
-9.0
-8.9
-8.9
-8.8
-8.9
-9.0
-9.1
-9.0
-8.7
-8.4
-8.2
-8.1
-8.4
-8.6
-8.7
-8.7
-8.7
-8.8
-8.9
-8.9
-8.9
-9.0
-9.0
-9.1
-9.2
-9.3
-9.1
-9.0
-8.9
-8.8
-8.8
-8.8
-8.7
-8.6
-8.6
-8.7
-8.8
-8.8
-8.6
-8.4
-8.3
-8.2
-8.1
-8.2
-8.3
-8.3
-8.2
-8.1
-7.9
-7.7
-7.7
-7.6
-7.6
-7.6
-7.5
-7.5
-7.6
-7.8
-8.0
-8.0
-8.0
-7.8
-7.7
-7.7
-7.7
-7.7
-7.9
-7.9
-7.8
-7.8
-7.7
-7.7
-7.7
-7.7
-7.6
-7.5
-7.4
-7.3
-7.3
-7.2
-6.9
-6.8
-6.5
-6.4
-6.2
-6.0
-5.8
-5.6
-5.6
-5.6
-5.4
-5.3
-5.1
-5.1
-5.3
-5.5
-5.6
-5.5
-5.3
-5.1
-5.1
-5.3
-5.5
-5.5
-5.4
-5.2
-5.0
-4.9
-4.9
-4.9
-4.9
-5.0
-5.0
-5.1
-5.2
-5.2
-5.2
-5.3
-5.2
-5.0
-4.8
-4.6
-4.3
-4.1
-4.0
-3.8
-3.6
-3.4
-3.1
-3.0
-2.8
-2.6
-2.6
-2.6
-2.6
-2.6
-2.6
-2.5
-2.4
-2.4
-2.2
-2.1
-2.0
-1.9
-1.8
-1.8
-1.8
-1.8
-1.7
-1.6
-1.5
-1.4
-1.5
-1.7
-1.9
-2.0
-1.8
-1.4
-1.1
-0.7
-0.5
-0.4
-0.4
-0.3
-0.1
0.1
0.5
0.7
0.9
1.1
1.3
1.5
1.7
1.9
2.0
2.1
2.3
2.6
2.8
3.0
2.9
2.7
2.7
2.7
2.9
3.2
3.5
3.9
4.1
4.2
4.1
3.9
3.8
3.9
4.0
4.1
4.2
4.1
4.0
3.9
3.8
4.0
4.3
4.7
5.1
5.4
5.5
5.5
5.6
5.4
5.3
5.4
5.5
5.7
5.9
6.0
6.0
6.1
6.3
6.4
6.5
6.5
6.5
6.5
6.4
6.2
6.4
6.5
6.6
6.8
6.9
7.1
7.3
7.5
7.8
7.9
8.0
8.0
7.9
8.0
8.2
8.3
8.3
8.2
8.0
7.8
7.8
7.8
7.9
7.9
7.7
7.5
7.1
6.9
6.8
6.8
6.9
7.0
7.2
7.3
7.4
7.5
7.7
8.0
8.1
8.3
8.4
8.4
8.5
8.6
8.8
8.9
9.0
9.1
9.2
9.3
9.3
9.4
9.5
9.7
9.9
10.1
10.2
10.1
10.0
9.8
9.5
9.0
8.7
8.5
8.5
8.6
8.7
8.7
8.7
8.7
8.6
8.4
8.2
8.1
8.1
8.2
8.1
8.1
8.0
7.9
7.9
7.9
7.8
7.8
7.8
7.7
7.9
8.0
8.0
8.1
8.0
7.8
7.6
7.5
7.6
7.7
8.0
8.1
8.0
7.8
7.5
7.4
7.3
7.3
7.4
7.4
7.3
7.2
7.2
7.2
7.5
7.7
7.8
7.7
7.7
7.6
7.9
8.0
8.1
8.3
8.3
8.3
8.2
8.1
8.0
7.9
8.0
8.2
8.2
8.2
8.2
8.2
8.4
8.6
8.7
8.6
8.4
8.1
7.8
7.6
7.5
7.2
7.0
6.8
6.5
6.2
5.9
5.7
5.8
6.0
6.2
6.3
6.2
6.0
5.9
5.8
5.9
5.9
6.0
6.0
6.0
5.9
5.9
5.7
5.6
5.4
5.2
5.1
5.3
5.3
5.2
5.1
4.9
4.8
4.8
4.9
4.8
4.6
4.5
4.3
4.2
4.0
3.9
3.7
3.6
3.5
3.5
3.6
3.6
3.5
3.5
3.6
3.6
3.7
3.8
3.7
3.8
3.8
3.9
3.9
3.8
3.5
3.2
2.9
2.8
2.9
3.0
3.2
3.3
3.3
3.3
3.3
3.2
3.0
2.7
2.3
2.0
1.8
1.6
1.5
1.5
1.4
1.3
1.1
0.9
0.8
0.6
0.5
0.3
0.2
0.1
0.1
0.3
0.3
0.4
0.3
0.2
0.2
0.2
0.1
0.2
0.2
0.2
0.3
0.3
0.2
0.1
0.1
0.1
0.0
0.0
-0.2
-0.3
-0.2
-0.2
-0.2
-0.2
-0.5
-0.8
-1.0
-1.1
-1.1
-0.9
-0.8
-0.8
-0.8
-0.9
-1.0
-1.0
-1.0
-1.1
-1.2
-1.4
-1.6
-1.6
-1.7
-1.7
-1.8
-1.9
-2.1
-2.2
-2.2
-2.2
-2.2
-2.5
-2.8
-2.9
-3.0
-2.9
-2.8
-2.8
-2.9
-3.0
-3.2
-3.4
-3.5
-3.6
-3.6
-3.4
-3.2
-3.0
-3.0
-3.0
-3.1
-3.2
-3.2
-3.2
-3.1
-2.9
-2.9
-2.9
-3.0
-3.2
-3.2
-3.4
-3.4
-3.4
-3.3
-3.2
-3.2
-3.4
-3.7
-4.0
-4.1
-4.3
-4.5
-4.5
-4.6
-4.5
-4.3
-4.1
-4.0
-4.0
-4.1
-4.1
-4.0
-4.0
-4.1
-4.3
-4.6
-4.8
-4.9
-5.0
-4.9
-4.9
-4.8
-4.7
-4.6
-4.7
-4.6
-4.7
-4.8
-5.0
-5.1
-5.3
-5.3
-5.2
-5.1
-5.0
-5.0
-5.0
-5.1
-5.1
-5.2
-5.3
-5.3
-5.4
-5.3
-5.4
-5.5
-5.7
-5.9
-6.0
-6.1
-6.1
-6.0
-6.0
-6.0
-6.0
-6.0
-5.9
-5.9
-5.9
-5.9
-6.0
-6.1
-6.2
-6.2
-6.1
-6.0
-5.7
-5.4
-5.0
-4.6
-4.1
-3.8
-3.7
-3.9
-4.3
-4.6
-4.8
-4.8
-4.9
-5.2
-5.5
-5.9
-6.2
-6.2
-5.9
-5.5
-5.1
-4.8
-4.8
-5.0
-5.3
-5.6
-5.8
-5.9
-5.9
-5.7
-5.4
-5.1
-5.1
-5.2
-5.4
-5.6
-5.7
-5.6
-5.6
-5.4
-5.3
-5.4
-5.4
-5.5
-5.6
-5.5
-5.5
-5.5
-5.4
-5.4
-5.4
-5.4
-5.4
-5.4
-5.6
-5.9
-6.1
-6.5
-6.8
-7.0
-7.2
-7.3
-7.3
-7.3
-7.2
-7.1
-7.0
-6.8
-6.7
-6.8
-7.0
-7.4
-7.8
-8.1
-8.3
-8.5
-8.5
-8.7
-8.8
-8.8
-8.8
-8.9
-8.9
-8.9
-8.8
-8.6
-8.5
-8.6
-8.8
-8.9
-8.9
-8.8
-8.6
-8.6
-8.5
-8.4
-8.5
-8.5
-8.6
-8.6
-8.7
-8.8
-9.1
-9.3
-9.3
-9.1
-8.7
-8.4
-8.3
-8.4
-8.6
-8.8
-8.8
-8.9
-8.8
-8.8
-8.9
-8.9
-9.0
-9.0
-9.1
-9.0
-9.0
-8.8
-8.8
-8.7
-8.6
-8.6
-8.5
-8.6
-8.6
-8.8
-8.9
-8.8
-8.7
-8.5
-8.5
-8.7
-8.9
-9.0
-8.9
-9.0
-9.1
-9.2
-9.1
-9.0
-8.7
-8.6
-8.6
-8.7
-8.8
-8.8
-8.8
-8.7
-8.6
-8.5
-8.4
-8.5
-8.6
-8.9
-9.0
-9.1
-9.1
-9.1
-9.1
-9.2
-9.4
-9.5
-9.7
-9.7
-9.6
-9.6
-9.6
-9.5
-9.6
-9.7
-9.8
-9.9
-9.8
-9.8
-9.8
-9.9
-10.0
-9.9
-9.9
-10.0
-10.1
-10.4
-10.5
-10.4
-10.4
-10.3
-10.2
-10.1
-10.0
-10.0
-10.1
-10.3
-10.4
-10.1
-9.8
-9.6
-9.5
-9.6
-10.0
-10.1
-10.1
-9.8
-9.7
-9.5
-9.5
-9.6
-9.7
-9.7
-9.7
-9.8
-9.8
-9.8
-10.0
-10.1
-10.2
-10.2
-10.1
-10.1
-10.2
-10.2
-10.3
-10.3
-10.3
-10.2
-10.1
-10.1
-10.0
-10.0
-9.8
-9.6
-9.6
-9.8
-9.9
-10.2
-10.2
-10.1
-10.1
-10.2
-10.2
-10.3
-10.4
-10.2
-9.9
-9.6
-9.5
-9.5
-9.5
-9.7
-9.8
-9.9
-10.1
-10.2
-10.2
-10.1
-10.1
-10.3
-10.6
-10.9
-11.2
-11.3
-11.3
-11.2
-11.1
-10.9
-10.8
-10.6
-10.5
-10.3
-10.2
-10.3
-10.3
-10.5
-10.7
-10.7
-10.8
-10.8
-10.6
-10.4
-10.4
-10.4
-10.5
-10.7
-10.9
-11.1
-11.3
-11.3
-11.2
-11.2
-11.1
-11.2
-11.4
-11.5
-11.6
-11.6
-11.6
-11.6
-11.5
-11.4
-11.4
-11.3
-11.3
-11.2
-11.3
-11.2
-11.2
-11.1
-11.1
-11.1
-11.2
-11.2
-11.2
-10.9
-10.8
-10.7
-10.7
-10.8
-11.0
-11.2
-11.4
-11.6
-11.6
-11.5
-11.4
-11.1
-11.1
-11.3
-11.5
-11.7
-11.8
-11.8
-11.6
-11.5
-11.5
-11.5
-11.5
-11.6
-11.8
-12.0
-11.9
-11.8
-11.8
-11.8
-11.8
-12.0
-12.0
-12.0
-12.1
-12.0
-12.0
-11.9
-12.0
-12.1
-12.2
-12.2
-12.1
-12.0
-11.9
-11.8
-11.8
-11.7
-11.6
-11.4
-11.4
-11.5
-11.7
-12.0
-12.1
-12.2
-12.2
-12.2
-12.2
-12.4
-12.6
-12.9
-13.0
-13.0
-12.9
-12.8
-12.7
-12.7
-12.7
-12.8
-12.8
-12.9
-13.2
-13.3
-13.3
-13.3
-13.1
-12.9
-12.8
-12.8
-12.9
-13.0
-12.9
-12.9
-12.8
-12.7
-12.7
-12.7
-12.6
-12.7
-12.8
-12.9
-13.0
-12.8
-12.6
-12.5
-12.4
-12.4
-12.4
-12.4
-12.3
-12.2
-12.1
-12.1
-12.2
-12.2
-12.3
-12.3
-12.5
-12.6
-12.8
-13.0
-13.1
-13.0
-12.9
-12.8
-12.6
-12.4
-12.3
-12.3
-12.3
-12.3
-12.4
-12.3
-12.2
-12.1
-12.1
-12.3
-12.4
-12.4
-12.5
-12.6
-12.7
-12.7
-12.7
-12.6
-12.5
-12.3
-12.2
-12.1
-12.1
-12.2
-12.3
-12.4
-12.4
-12.5
-12.6
-12.7
-12.7
-12.7
-12.6
-12.5
-12.4
-12.4
-12.3
-12.2
-12.2
-12.4
-12.7
-12.8
-12.8
-12.7
-12.5
-12.4
-12.3
-12.3
-12.2
-12.1
-12.2
-12.2
-12.3
-12.3
-12.3
-12.2
-12.1
-12.0
-12.0
-11.9
-11.8
-11.9
-12.0
-12.0
-12.0
-12.0
-11.9
-12.0
-12.1
-12.1
-12.1
-12.2
-12.0
-12.0
-12.1
-12.2
-12.4
-12.3
-12.4
-12.4
-12.5
-12.8
-12.8
-12.8
-12.8
-12.7
-12.6
-12.5
-12.4
-12.5
-12.5
-12.7
-13.1
-13.3
-13.3
-13.2
-12.9
-12.8
-12.8
-13.0
-13.1
-13.3
-13.4
-13.5
-13.5
-13.5
-13.6
-13.6
-13.7
-13.6
-13.5
-13.3
-13.2
-13.1
-13.1
-13.2
-13.4
-13.5
-13.5
-13.4
-13.4
-13.5
-13.5
-13.3
-13.1
-13.0
-12.9
-13.1
-13.2
-13.3
-13.5
-13.6
-13.8
-13.9
-14.0
-14.1
-14.0
-13.7
-13.6
-13.4
-13.3
-13.5
-13.7
-13.9
-14.2
-14.4
-14.6
-14.8
-14.8
-14.7
-14.6
-14.5
-14.5
-14.6
-14.6
-14.7
-14.8
-14.8
-15.0
-15.0
-15.1
-15.1
-14.9
-14.6
-14.5
-14.4
-14.6
-15.0
-15.2
-15.2
-15.1
-15.1
-15.3
-15.5
-15.8
-16.0
-15.9
-15.7
-15.5
-15.1
-14.9
-14.9
-14.9
-15.0
-15.0
-15.0
-14.8
-14.7
-14.6
-14.5
-14.6
-14.6
-14.7
-14.8
-14.8
-14.9
-15.1
-15.1
-15.1
-15.0
-15.0
-15.2
-15.5
-15.7
-15.8
-15.7
-15.6
-15.5
-15.5
-15.6
-15.6
-15.6
-15.8
-15.8
-15.9
-16.0
-16.0
-15.9
-15.8
-16.0
-16.0
-16.2
-16.5
-16.5
-16.5
-16.5
-16.5
-16.6
-16.6
-16.6
-16.6
-16.4
-16.5
-16.5
-16.6
-16.5
-16.3
-16.1
-16.0
-16.1
-16.1
-15.9
-15.7
-15.4
-15.4
-15.5
-15.6
-15.8
-15.6
-15.4
-15.2
-15.2
-15.2
-15.2
-15.1
-15.0
-14.9
-15.0
-15.0
-15.0
-15.1
-15.1
-15.0
-14.9
-14.9
-15.0
-15.0
-15.1
-15.2
-15.2
-15.4
-15.6
-15.7
-15.6
-15.3
-15.1
-14.9
-14.9
-14.9
-15.1
-15.1
-15.1
-15.0
-14.8
-14.7
-14.7
-14.7
-14.8
-14.8
-14.8
-14.9
-14.9
-14.6
-14.3
-14.1
-14.1
-14.1
-14.4
-14.4
-14.3
-14.2
-14.1
-14.0
-13.9
-13.9
-14.0
-14.1
-14.2
-14.2
-14.1
-13.9
-13.8
-13.7
-13.6
-13.5
-13.3
-13.2
-13.0
-12.9
-13.1
-13.3
-13.6
-13.8
-13.7
-13.5
-13.1
-12.8
-12.8
-12.9
-13.1
-13.3
-13.3
-13.2
-13.0
-12.8
-12.9
-13.1
-13.4
-13.6
-13.5
-13.3
-13.1
-13.0
-13.1
-13.1
-13.2
-13.1
-12.8
-12.6
-12.5
-12.4
-12.4
-12.5
-12.6
-12.6
-12.6
-12.4
-12.2
-12.1
-11.8
-11.6
-11.5
-11.6
-11.8
-12.1
-12.2
-12.0
-11.6
-11.1
-10.8
-10.7
-10.8
-10.8
-10.8
-10.7
-10.7
-10.7
-10.7
-10.8
-10.9
-11.0
-11.0
-10.9
-10.7
-10.5
-10.4
-10.4
-10.4
-10.3
-10.3
-10.3
-10.3
-10.3
-10.1
-10.0
-10.0
-10.0
-10.0
-10.0
-9.8
-9.8
-9.8
-9.7
-9.6
-9.6
-9.6
-9.7
-10.0
-10.2
-10.2
-10.0
-9.7
-9.4
-9.2
-9.3
-9.5
-9.6
-9.6
-9.5
-9.4
-9.3
-9.4
-9.6
-9.8
-9.7
-9.4
-9.1
-8.8
-8.8
-8.9
-8.9
-8.8
-8.6
-8.3
-7.9
-7.8
-7.8
-7.9
-8.1
-8.2
-8.3
-8.3
-8.2
-8.1
-8.1
-8.1
-8.2
-8.3
-8.2
-8.1
-7.9
-7.9
-7.9
-8.1
-8.3
-8.3
-8.4
-8.3
-8.1
-8.2
-8.0
-7.9
-7.9
-7.9
-7.9
-7.9
-7.7
-7.5
-7.2
-7.0
-6.9
-6.8
-6.8
-6.5
-6.4
-6.5
-6.5
-6.8
-7.0
-7.1
-7.2
-7.1
-7.1
-7.1
-7.0
-6.9
-6.7
-6.5
-6.4
-6.3
-6.4
-6.4
-6.5
-6.6
-6.7
-6.6
-6.7
-6.7
-6.6
-6.7
-6.8
-6.8
-6.9
-6.9
-7.0
-6.9
-6.7
-6.6
-6.5
-6.6
-6.6
-6.8
-6.9
-6.8
-6.7
-6.6
-6.5
-6.5
-6.5
-6.5
-6.4
-6.4
-6.5
-6.5
-6.6
-6.7
-6.8
-6.8
-6.8
-6.8
-6.7
-6.7
-6.8
-6.9
-7.0
-7.1
-7.0
-6.9
-6.8
-6.8
-7.0
-7.2
-7.4
-7.7
-7.9
-7.9
-7.9
-7.9
-7.8
-7.9
-7.9
-7.8
-7.4
-6.9
-6.6
-6.6
-6.7
-6.9
-7.0
-6.9
-6.9
-6.9
-7.0
-7.3
-7.5
-7.5
-7.5
-7.4
-7.5
-7.6
-8.0
-8.1
-8.0
-7.7
-7.4
-7.2
-7.0
-6.8
-6.8
-6.9
-7.1
-7.4
-7.5
-7.5
-7.5
-7.5
-7.7
-7.8
-7.7
-7.5
-7.2
-6.7
-6.4
-6.1
-6.0
-6.1
-6.3
-6.6
-6.9
-7.0
-7.0
-6.9
-6.9
-6.9
-7.0
-7.2
-7.4
-7.6
-7.9
-8.0
-8.2
-8.2
-8.3
-8.2
-8.1
-8.0
-7.8
-7.9
-7.9
-8.0
-7.9
-7.8
-7.7
-7.7
-7.8
-7.9
-8.1
-8.2
-8.4
-8.4
-8.4
-8.2
-8.0
-7.8
-7.8
-7.8
-7.8
-7.8
-7.7
-7.6
-7.6
-7.6
-7.7
-7.8
-7.9
-8.0
-8.1
-8.2
-8.4
-8.7
-8.9
-9.0
-9.0
-8.8
-8.6
-8.6
-8.6
-8.6
-8.7
-8.7
-8.7
-8.8
-8.8
-8.8
-8.7
-8.6
-8.7
-8.8
-9.0
-9.3
-9.5
-9.6
-9.6
-9.6
-9.6
-9.6
-9.7
-9.9
-10.0
-10.1
-10.4
-10.6
-10.8
-10.8
-10.7
-10.5
-10.4
-10.3
-10.1
-10.1
-10.1
-10.1
-10.3
-10.4
-10.4
-10.5
-10.6
-10.6
-10.6
-10.4
-10.2
-10.2
-10.2
-10.1
-10.1
-10.3
-10.5
-10.6
-10.8
-10.8
-10.7
-10.7
-10.6
-10.3
-10.1
-9.8
-9.8
-10.1
-10.5
-10.9
-11.2
-11.3
-11.4
-11.4
-11.7
-11.9
-12.1
-12.2
-12.0
-11.8
-11.7
-11.7
-11.8
-12.1
-12.1
-12.1
-12.0
-11.9
-11.9
-12.1
-12.3
-12.7
-12.9
-13.0
-13.0
-12.7
-12.5
-12.4
-12.4
-12.6
-12.8
-13.0
-13.2
-13.3
-13.5
-13.5
-13.6
-13.5
-13.3
-13.3
-13.5
-13.4
-13.6
-13.6
-13.5
-13.5
-13.5
-13.4
-13.5
-13.7
-13.8
-13.8
-13.8
-14.0
-14.3
-14.4
-14.4
-14.2
-14.0
-13.9
-14.1
-14.3
-14.6
-14.7
-14.7
-14.6
-14.7
-14.7
-14.7
-14.8
-14.7
-14.8
-14.8
-14.7
-14.6
-14.5
-14.5
-14.7
-14.7
-14.7
-14.4
-14.1
-14.0
-14.1
-14.4
-14.6
-14.6
-14.5
-14.2
-14.1
-14.1
-14.1
-14.2
-14.1
-14.2
-14.3
-14.3
-14.4
-14.4
-14.3
-14.3
-14.3
-14.5
-14.6
-14.7
-14.6
-14.5
-14.5
-14.4
-14.4
-14.4
-14.4
-14.5
-14.6
-14.5
-14.5
-14.4
-14.5
-14.8
-15.0
-15.2
-15.1
-14.8
-14.5
-14.3
-14.3
-14.4
-14.6
-14.7
-14.7
-14.7
-14.6
-14.6
-14.6
-14.5
-14.4
-14.4
-14.3
-14.4
-14.4
-14.5
-14.5
-14.5
-14.6
-14.5
-14.4
-14.4
-14.4
-14.5
-14.7
-14.8
-14.7
-14.7
-14.6
-14.5
-14.4
-14.4
-14.4
-14.5
-14.6
-14.7
-14.6
-14.5
-14.5
-14.4
-14.4
-14.5
-14.6
-14.6
-14.7
-14.8
-14.8
-14.7
-14.5
-14.3
-14.1
-13.9
-13.8
-13.8
-13.8
-13.9
-14.0
-14.1
-14.2
-14.3
-14.2
-14.2
-14.3
-14.2
-14.1
-14.2
-14.2
-14.2
-14.3
-14.4
-14.3
-14.3
-14.3
-14.1
-14.0
-13.9
-13.8
-13.8
-13.7
-13.6
-13.5
-13.4
-13.5
-13.6
-13.8
-13.9
-13.8
-13.7
-13.6
-13.5
-13.4
-13.6
-13.6
-13.7
-13.9
-13.9
-13.8
-13.8
-13.8
-13.8
-13.9
-14.0
-14.0
-14.0
-13.9
-13.9
-13.9
-14.1
-14.2
-14.2
-14.0
-13.8
-13.7
-13.8
-13.8
-13.8
-13.8
-13.7
-13.9
-14.0
-14.1
-14.3
-14.3
-14.4
-14.4
-14.3
-14.2
-14.1
-14.1
-14.1
-14.1
-14.1
-14.0
-14.0
-13.9
-13.9
-13.7
-13.7
-13.8
-14.0
-14.3
-14.5
-14.4
-14.2
-14.0
-13.8
-13.8
-13.7
-13.8
-14.0
-14.2
-14.3
-14.3
-14.2
-14.1
-14.0
-14.0
-14.1
-14.2
-14.3
-14.4
-14.5
-14.5
-14.4
-14.2
-13.9
-13.7
-13.4
-13.3
-13.3
-13.3
-13.4
-13.5
-13.5
-13.6
-13.8
-13.7
-13.6
-13.4
-13.4
-13.4
-13.6
-13.8
-13.9
-13.8
-13.7
-13.6
-13.5
-13.5
-13.6
-13.6
-13.6
-13.5
-13.4
-13.4
-13.3
-13.3
-13.4
-13.4
-13.5
-13.5
-13.3
-13.2
-13.2
-13.4
-13.7
-13.8
-13.8
-13.6
-13.5
-13.4
-13.5
-13.5
-13.3
-13.1
-12.9
-12.7
-12.7
-12.8
-12.9
-13.1
-13.2
-13.2
-13.1
-13.1
-13.1
-13.1
-13.3
-13.6
-13.5
-13.4
-13.4
-13.1
-13.0
-12.9
-12.8
-12.9
-12.9
-13.0
-13.0
-13.0
-13.1
-13.2
-13.3
-13.3
-13.3
-13.3
-13.3
-13.5
-13.6
-13.5
-13.6
-13.5
-13.3
-13.1
-13.0
-12.9
-12.9
-13.1
-13.2
-13.2
-13.3
-13.2
-13.0
-13.0
-12.9
-13.1
-13.3
-13.5
-13.6
-13.6
-13.6
-13.7
-13.7
-13.7
-13.8
-13.9
-14.3
-14.5
-14.6
-14.6
-14.3
-14.2
-14.1
-14.2
-14.4
-14.6
-14.8
-14.8
-14.9
-14.9
-15.0
-15.0
-14.9
-14.9
-14.9
-15.0
-15.1
-15.1
-15.2
-15.3
-15.4
-15.5
-15.5
-15.5
-15.5
-15.7
-15.9
-15.8
-15.5
-15.1
-14.8
-14.7
-14.7
-14.7
-14.6
-14.4
-14.2
-14.2
-14.3
-14.3
-14.3
-14.3
-14.1
-14.1
-13.8
-13.6
-13.6
-13.7
-14.0
-14.3
-14.5
-14.4
-14.3
-14.1
-13.9
-13.7
-13.5
-13.5
-13.5
-13.6
-13.6
-13.6
-13.5
-13.4
-13.3
-13.1
-12.9
-12.9
-12.9
-12.9
-12.8
-12.8
-12.8
-12.8
-12.9
-12.9
-12.9
-12.7
-12.4
-12.0
-11.6
-11.3
-11.2
-11.2
-11.2
-11.4
-11.5
-11.7
-11.8
-12.0
-12.2
-12.4
-12.6
-12.5
-12.2
-11.9
-11.6
-11.2
-11.0
-10.8
-10.6
-10.4
-10.2
-10.2
-10.1
-10.1
-10.1
-10.3
-10.3
-10.4
-10.3
-10.3
-10.3
-10.3
-10.5
-10.7
-10.8
-10.8
-10.8
-10.9
-10.7
-10.6
-10.4
-10.1
-9.9
-9.7
-9.6
-9.5
-9.4
-9.5
-9.5
-9.6
-9.7
-9.8
-9.9
-10.1
-10.1
-10.0
-9.9
-9.8
-9.7
-9.6
-9.4
-9.2
-9.0
-8.8
-8.6
-8.4
-8.3
-8.3
-8.4
-8.6
-8.6
-8.7
-8.7
-8.9
-9.0
-9.1
-9.3
-9.3
-9.3
-9.2
-9.0
-8.9
-8.7
-8.7
-8.8
-9.1
-9.3
-9.5
-9.5
-9.4
-9.3
-9.1
-8.9
-8.6
-8.5
-8.4
-8.5
-8.8
-9.2
-9.5
-9.9
-10.1
-10.2
-10.3
-10.3
-10.3
-10.1
-9.9
-9.7
-9.5
-9.5
-9.5
-9.4
-9.4
-9.4
-9.4
-9.6
-9.7
-9.9
-10.1
-10.2
-10.3
-10.3
-10.1
-10.0
-9.8
-9.8
-9.8
-9.8
-9.8
-9.7
-9.6
-9.5
-9.4
-9.4
-9.4
-9.4
-9.4
-9.4
-9.5
-9.4
-9.3
-9.0
-8.8
-8.7
-8.8
-8.9
-8.9
-9.0
-9.1
-9.2
-9.3
-9.6
-9.8
-9.9
-10.0
-10.0
-10.0
-9.9
-10.0
-10.0
-10.0
-10.1
-10.3
-10.5
-10.6
-10.6
-10.5
-10.3
-10.2
-10.3
-10.4
-10.5
-10.5
-10.4
-10.2
-10.0
-10.0
-10.1
-10.2
-10.3
-10.3
-10.2
-10.0
-10.0
-9.9
-9.8
-9.7
-9.6
-9.4
-9.3
-9.3
-9.4
-9.4
-9.6
-9.6
-9.6
-9.5
-9.3
-9.3
-9.3
-9.4
-9.6
-9.7
-9.7
-9.8
-9.8
-9.9
-10.0
-9.9
-9.9
-9.7
-9.6
-9.6
-9.7
-9.8
-9.8
-9.8
-9.6
-9.5
-9.4
-9.4
-9.6
-9.7
-9.9
-10.0
-9.8
-9.6
-9.5
-9.3
-9.3
-9.3
-9.4
-9.5
-9.6
-9.5
-9.3
-9.1
-9.1
-9.1
-9.1
-9.0
-8.7
-8.4
-8.2
-8.1
-8.2
-8.1
-8.1
-8.1
-8.0
-8.1
-8.2
-8.3
-8.3
-8.3
-8.2
-8.0
-7.8
-7.5
-7.5
-7.4
-7.5
-7.7
-7.8
-8.1
-8.4
-8.4
-8.4
-8.3
-8.3
-8.6
-8.7
-8.7
-8.6
-8.6
-8.7
-9.0
-9.0
-9.1
-9.2
-9.3
-9.5
-9.6
-9.6
-9.6
-9.6
-9.5
-9.6
-9.6
-9.7
-10.0
-10.0
-10.1
-10.3
-10.4
-10.5
-10.4
-10.3
-10.1
-10.0
-9.9
-9.9
-9.9
-10.0
-10.0
-10.0
-9.9
-9.7
-9.7
-9.8
-10.0
-10.2
-10.6
-10.8
-11.1
-11.2
-11.4
-11.4
-11.4
-11.4
-11.2
-11.3
-11.3
-11.2
-11.2
-11.0
-10.8
-10.6
-10.5
-10.3
-10.6
-10.8
-11.2
-11.3
-11.3
-11.2
-11.0
-11.1
-11.2
-11.4
-11.9
-12.3
-12.5
-12.6
-12.5
-12.3
-12.2
-12.1
-12.4
-12.7
-13.0
-13.2
-13.0
-12.6
-12.4
-12.3
-12.3
-12.4
-12.5
-12.5
-12.6
-12.7
-12.8
-12.7
-12.5
-12.2
-12.1
-12.1
-12.2
-12.4
-12.5
-12.5
-12.4
-12.3
-12.1
-11.7
-11.5
-11.3
-11.3
-11.5
-11.6
-11.6
-11.5
-11.5
-11.6
-11.7
-11.9
-12.0
-11.9
-11.8
-11.7
-11.7
-11.8
-11.9
-12.0
-12.1
-12.1
-12.3
-12.6
-12.6
-12.4
-12.1
-11.8
-11.4
-11.2
-11.0
-10.7
-10.5
-10.6
-10.6
-10.7
-10.8
-10.8
-10.8
-10.8
-10.9
-10.9
-11.0
-11.0
-11.1
-11.1
-11.2
-11.3
-11.1
-11.0
-10.8
-10.6
-10.4
-10.3
-10.4
-10.6
-10.8
-10.9
-10.7
-10.3
-9.8
-9.4
-9.2
-9.2
-9.2
-9.3
-9.3
-9.5
-9.6
-9.8
-9.8
-9.8
-9.8
-9.8
-10.0
-10.2
-10.5
-10.5
-10.3
-10.1
-9.7
-9.6
-9.6
-9.7
-9.8
-9.9
-9.8
-9.6
-9.3
-9.0
-8.7
-8.6
-8.6
-8.5
-8.4
-8.3
-8.3
-8.2
-8.3
-8.4
-8.4
-8.4
-8.2
-8.0
-7.7
-7.6
-7.4
-7.3
-7.1
-7.0
-6.8
-6.7
-6.7
-6.5
-6.4
-6.4
-6.4
-6.5
-6.4
-6.2
-6.1
-5.9
-5.9
-5.9
-5.9
-5.8
-5.7
-5.4
-5.1
-5.0
-5.0
-5.1
-5.2
-5.3
-5.3
-5.3
-5.3
-5.4
-5.5
-5.7
-5.8
-5.9
-5.7
-5.6
-5.5
-5.1
-4.9
-4.8
-5.0
-5.2
-5.5
-5.6
-5.6
-5.5
-5.4
-5.4
-5.4
-5.3
-5.2
-5.1
-5.1
-5.2
-5.2
-5.1
-5.1
-5.1
-5.1
-5.1
-5.0
-4.8
-4.6
-4.3
-4.2
-4.2
-4.2
-4.2
-4.2
-4.1
-4.0
-4.1
-4.1
-4.2
-4.2
-4.2
-4.1
-3.8
-3.7
-3.5
-3.4
-3.3
-3.0
-2.8
-2.7
-2.8
-3.0
-3.3
-3.5
-3.5
-3.5
-3.5
-3.3
-3.2
-3.1
-3.1
-3.2
-3.1
-3.2
-3.1
-3.1
-3.0
-2.9
-2.8
-2.8
-2.9
-2.9
-2.8
-2.6
-2.5
-2.3
-2.1
-1.8
-1.7
-1.5
-1.3
-1.1
-1.0
-1.0
-1.3
-1.7
-2.1
-2.4
-2.6
-2.5
-2.4
-2.4
-2.4
-2.6
-2.8
-2.9
-2.9
-2.7
-2.5
-2.4
-2.4
-2.5
-2.5
-2.5
-2.4
-2.4
-2.5
-2.5
-2.4
-2.3
-2.3
-2.3
-2.3
-2.4
-2.4
-2.4
-2.4
-2.3
-2.2
-2.2
-2.2
-2.4
-2.5
-2.6
-2.6
-2.6
-2.6
-2.5
-2.5
-2.5
-2.4
-2.4
-2.4
-2.4
-2.4
-2.4
-2.4
-2.5
-2.6
-2.7
-2.6
-2.4
-2.1
-2.0
-1.9
-1.8
-1.8
-1.7
-1.7
-1.6
-1.6
-1.7
-1.8
-1.9
-2.0
-1.9
-1.8
-1.9
-2.0
-2.1
-2.4
-2.6
-2.7
-2.7
-2.6
-2.6
-2.5
-2.6
-2.5
-2.4
-2.2
-2.2
-2.1
-2.1
-2.0
-2.0
-2.0
-2.0
-2.0
-2.2
-2.4
-2.5
-2.5
-2.6
-2.6
-2.7
-2.9
-2.9
-2.8
-2.6
-2.4
-2.5
-2.7
-2.9
-2.9
-2.8
-2.5
-2.3
-2.4
-2.5
-2.9
-3.2
-3.4
-3.5
-3.5
-3.4
-3.3
-3.2
-3.0
-3.0
-3.0
-3.2
-3.3
-3.3
-3.4
-3.4
-3.5
-3.6
-3.5
-3.3
-3.2
-3.3
-3.2
-3.2
-3.1
-2.9
-2.7
-2.8
-2.9
-2.9
-2.8
-2.7
-2.4
-2.2
-1.9
-1.7
-1.6
-1.6
-1.5
-1.6
-1.6
-1.5
-1.3
-1.1
-1.0
-1.0
-1.1
-1.1
-1.2
-1.1
-1.0
-1.0
-0.9
-0.8
-0.7
-0.6
-0.4
-0.3
-0.4
-0.4
-0.4
-0.4
-0.3
-0.1
-0.2
-0.1
0.0
0.0
-0.1
-0.1
-0.1
-0.1
-0.1
0.0
0.0
0.0
0.1
0.3
0.5
0.6
0.6
0.4
0.2
0.2
0.2
0.3
0.4
0.4
0.2
0.1
0.1
0.2
0.4
0.5
0.4
0.3
0.4
0.5
0.5
0.5
0.5
0.3
0.3
0.2
0.1
0.0
0.0
-0.1
-0.3
-0.4
-0.5
-0.6
-0.6
-0.8
-1.0
-1.2
-1.4
-1.4
-1.3
-1.1
-0.9
-0.9
-1.0
-1.3
-1.6
-1.7
-1.8
-1.8
-1.8
-1.8
-1.7
-1.6
-1.6
-1.5
-1.6
-1.6
-1.6
-1.9
-1.9
-2.0
-2.0
-2.0
-1.9
-1.9
-2.0
-2.0
-2.2
-2.2
-2.2
-2.0
-1.9
-1.7
-1.7
-1.7
-1.9
-2.1
-2.2
-2.2
-2.3
-2.4
-2.4
-2.5
-2.6
-2.7
-2.8
-3.1
-3.3
-3.3
-3.4
-3.2
-3.1
-3.2
-3.4
-3.7
-3.7
-3.2
-2.4
-1.5
-0.9
-0.7
-0.6
-0.8
-1.0
-1.2
-1.5
-1.7
-2.0
-2.1
-2.3
-2.2
-2.1
-1.9
-1.9
-2.0
-2.0
-2.2
-2.2
-2.2
-2.3
-2.3
-2.3
-2.5
-2.7
-2.9
-3.1
-3.1
-3.0
-2.9
-2.9
-2.7
-2.7
-2.8
-2.9
-3.1
-3.3
-3.4
-3.3
-3.1
-2.7
-2.6
-2.4
-2.4
-2.4
-2.4
-2.3
-2.1
-2.0
-2.0
-2.0
-2.2
-2.5
-2.6
-2.6
-2.5
-2.3
-2.4
-2.6
-3.0
-3.1
-3.3
-3.5
-3.6
-3.6
-3.5
-3.4
-3.3
-3.1
-3.1
-3.2
-3.4
-3.6
-3.8
-3.9
-3.7
-3.5
-3.2
-2.9
-2.6
-2.4
-2.4
-2.5
-2.4
-2.3
-2.2
-2.3
-2.4
-2.6
-2.7
-2.7
-2.6
-2.5
-2.4
-2.4
-2.4
-2.5
-2.5
-2.6
-2.7
-2.7
-2.6
-2.5
-2.2
-2.1
-2.2
-2.2
-2.3
-2.1
-2.0
-1.8
-1.6
-1.6
-1.7
-1.8
-1.8
-1.8
-1.7
-1.6
-1.4
-1.3
-1.3
-1.3
-1.6
-1.8
-2.0
-2.0
-1.8
-1.5
-1.2
-0.9
-0.6
-0.5
-0.5
-0.5
-0.6
-0.7
-0.7
-0.6
-0.4
-0.2
0.0
0.1
0.0
0.0
0.0
-0.1
-0.2
-0.2
-0.1
0.0
0.1
0.2
0.2
0.3
0.4
0.5
0.5
0.4
0.2
0.2
0.1
0.0
0.1
0.1
0.0
0.1
0.1
0.1
0.0
-0.1
-0.2
-0.2
-0.2
-0.1
-0.2
-0.3
-0.4
-0.4
-0.5
-0.6
-0.8
-0.8
-0.9
-0.8
-0.6
-0.3
-0.2
-0.1
-0.1
0.0
0.0
0.2
0.3
0.4
0.4
0.4
0.4
0.5
0.5
0.7
0.8
0.8
1.0
0.9
0.8
0.8
0.7
0.5
0.5
0.4
0.2
0.1
0.0
0.0
-0.1
0.0
0.0
0.0
-0.1
-0.2
-0.2
-0.3
-0.3
-0.4
-0.5
-0.5
-0.5
-0.6
-0.7
-0.8
-0.7
-0.7
-0.5
-0.5
-0.5
-0.5
-0.6
-0.6
-0.7
-0.7
-0.7
-0.6
-0.5
-0.4
-0.4
-0.4
-0.4
-0.5
-0.7
-0.8
-0.8
-0.8
-0.9
-0.8
-0.9
-0.9
-0.8
-0.8
-0.7
-0.6
-0.6
-0.5
-0.5
-0.4
-0.5
-0.6
-0.7
-1.0
-1.2
-1.3
-1.2
-1.2
-1.2
-1.2
-1.3
-1.4
-1.6
-1.7
-1.8
-1.9
-1.9
-2.0
-2.1
-2.2
-2.1
-1.9
-1.7
-1.5
-1.5
-1.5
-1.7
-1.8
-2.0
-2.1
-2.0
-1.8
-1.7
-1.5
-1.6
-1.6
-1.4
-1.2
-0.9
-0.6
-0.3
-0.3
-0.3
-0.2
-0.2
-0.3
-0.3
-0.4
-0.4
-0.3
-0.5
-0.5
-0.7
-0.8
-0.8
-0.6
-0.5
-0.3
-0.2
-0.2
-0.4
-0.5
-0.6
-0.6
-0.5
-0.3
-0.1
0.0
-0.1
-0.2
-0.4
-0.6
-0.7
-0.9
-0.9
-0.8
-0.7
-0.6
-0.6
-0.8
-0.8
-0.9
-1.0
-1.0
-1.0
-0.8
-0.6
-0.4
-0.2
-0.1
0.0
-0.1
-0.3
-0.5
-0.7
-0.9
-0.8
-0.7
-0.6
-0.5
-0.5
-0.5
-0.5
-0.5
-0.5
-0.4
-0.4
-0.3
-0.2
-0.2
-0.3
-0.3
-0.4
-0.5
-0.5
-0.5
-0.5
-0.6
-0.8
-0.9
-0.9
-0.7
-0.6
-0.3
-0.1
0.0
0.2
0.3
0.3
0.2
0.2
0.4
0.6
0.8
1.2
1.3
1.2
0.8
0.5
0.4
0.5
0.8
0.9
0.8
0.7
0.4
0.4
0.4
0.4
0.4
0.5
0.5
0.5
0.5
0.4
0.3
0.2
0.2
0.2
0.1
0.1
0.0
-0.1
-0.4
-0.6
-0.9
-1.0
-0.7
-0.6
-0.7
-1.0
-1.4
-1.8
-2.1
-2.3
-2.6
-2.7
-2.8
-2.9
-2.9
-3.4
-4.1
-4.7
-5.1
-5.4
-5.5
-5.8
-6.2
-6.5
-6.8
-7.0
-7.3
-7.6
-8.0
-8.4
-8.8
-9.1
-9.5
-9.8
-10.0
-10.1
-10.1
-10.2
-10.4
-10.9
-11.3
-11.6
-11.8
-11.8
-12.0
-12.1
-12.3
-12.4
-12.6
-12.8
-12.9
-13.1
-13.3
-13.6
-14.0
-14.4
-14.8
-15.0
-15.1
-15.1
-14.9
-14.8
-14.8
-14.8
-14.8
-14.9
-14.8
-14.9
-15.0
-15.0
-15.1
-15.2
-15.3
-15.5
-15.8
-16.1
-16.3
-16.2
-15.9
-15.6
-15.2
-15.0
-15.0
-15.0
-15.2
-15.3
-15.2
-15.3
-15.6
-16.0
-16.2
-15.9
-15.2
-14.4
-14.0
-13.9
-13.9
-13.6
-13.3
-12.9
-12.9
-12.9
-13.0
-13.1
-13.4
-13.5
-13.5
-13.4
-13.0
-12.4
-12.0
-11.8
-11.6
-11.3
-11.0
-10.9
-10.9
-11.0
-11.2
-11.2
-11.2
-11.3
-11.3
-11.3
-11.1
-10.7
-10.5
-10.3
-10.1
-9.9
-9.6
-9.3
-9.1
-9.1
-9.2
-9.4
-9.5
-9.6
-9.6
-9.5
-9.6
-9.9
-10.2
-10.2
-10.1
-9.7
-9.3
-9.1
-8.9
-8.6
-8.4
-8.3
-8.2
-8.2
-8.4
-8.6
-8.7
-8.8
-8.8
-8.9
-8.7
-8.6
-8.6
-8.5
-8.6
-8.6
-8.6
-8.8
-8.5
-8.2
-8.0
-7.5
-7.0
-6.5
-5.9
-5.2
-4.7
-4.2
-3.8
-3.6
-3.4
-3.5
-3.8
-4.2
-4.5
-4.7
-4.8
-4.7
-4.6
-4.4
-4.4
-4.4
-4.5
-4.5
-4.4
-4.3
-4.2
-4.4
-4.6
-4.7
-4.6
-4.4
-3.9
-3.6
-3.4
-3.1
-3.0
-3.1
-3.3
-3.4
-3.3
-3.0
-2.7
-2.5
-2.7
-2.8
-2.9
-3.0
-3.1
-3.2
-3.2
-3.4
-3.4
-3.4
-3.4
-3.3
-3.2
-3.0
-2.9
-3.0
-3.2
-3.4
-3.6
-3.5
-3.4
-3.2
-2.9
-2.9
-2.9
-3.0
-3.2
-3.5
-3.5
-3.6
-3.7
-3.7
-3.8
-3.7
-3.7
-3.6
-3.6
-3.7
-3.7
-3.7
-3.7
-3.6
-3.6
-3.6
-3.7
-4.0
-4.2
-4.4
-4.5
-4.4
-4.4
-4.5
-4.7
-4.7
-4.7
-4.8
-4.9
-5.1
-5.4
-5.6
-5.6
-5.3
-4.9
-4.6
-4.5
-4.5
-4.8
-5.2
-5.5
-5.5
-5.6
-5.5
-5.5
-5.6
-5.6
-5.8
-5.7
-5.6
-5.4
-5.2
-5.3
-5.4
-5.6
-5.6
-5.6
-5.7
-5.7
-5.7
-5.8
-5.7
-5.8
-5.7
-5.7
-5.8
-5.8
-6.0
-6.2
-6.4
-6.5
-6.4
-6.2
-6.0
-5.8
-5.9
-6.0
-6.1
-6.2
-6.3
-6.4
-6.5
-6.3
-6.1
-5.9
-5.9
-5.9
-6.0
-6.0
-6.0
-6.0
-6.1
-6.2
-6.2
-6.3
-6.4
-6.5
-6.6
-6.7
-6.7
-6.7
-6.8
-6.8
-6.6
-6.5
-6.4
-6.3
-6.4
-6.4
-6.3
-6.4
-6.5
-6.6
-6.7
-6.8
-6.8
-7.0
-6.9
-7.0
-7.0
-7.0
-7.0
-7.0
-7.0
-6.9
-6.8
-6.6
-6.5
-6.6
-6.9
-7.1
-7.4
-7.4
-7.3
-7.1
-6.9
-6.9
-7.0
-7.2
-7.4
-7.5
-7.4
-7.5
-7.7
-7.8
-8.2
-8.2
-8.1
-8.0
-7.8
-7.6
-7.6
-7.9
-8.2
-8.4
-8.5
-8.4
-8.2
-8.2
-8.2
-8.4
-8.5
-8.4
-8.4
-8.3
-8.3
-8.3
-8.4
-8.2
-8.0
-7.8
-7.9
-8.0
-8.1
-8.0
-7.9
-7.9
-8.0
-8.0
-8.1
-8.0
-7.9
-7.7
-7.6
-7.7
-7.8
-7.8
-7.8
-7.7
-7.7
-7.8
-7.9
-7.9
-8.0
-8.0
-7.9
-7.8
-8.0
-7.9
-8.0
-8.1
-8.1
-8.2
-8.1
-8.0
-8.0
-7.9
-8.0
-8.0
-7.9
-7.9
-8.1
-8.2
-8.5
-8.6
-8.6
-8.5
-8.2
-8.0
-7.9
-8.0
-8.2
-8.6
-8.8
-8.8
-8.5
-8.1
-7.9
-7.8
-7.8
-8.0
-8.0
-8.0
-8.0
-7.8
-7.8
-7.9
-8.1
-8.4
-8.7
-8.7
-8.4
-8.1
-7.8
-7.5
-7.4
-7.4
-7.3
-7.3
-7.3
-7.4
-7.5
-7.5
-7.6
-7.8
-7.9
-7.9
-7.9
-7.7
-7.6
-7.7
-7.7
-7.9
-7.8
-7.7
-7.4
-7.2
-7.2
-7.3
-7.4
-7.5
-7.6
-7.7
-7.8
-7.9
-7.9
-8.1
-8.1
-8.0
-7.9
-7.9
-7.9
-8.0
-8.1
-8.1
-8.0
-8.2
-8.4
-8.6
-8.7
-8.6
-8.5
-8.4
-8.5
-8.5
-8.4
-8.2
-8.0
-7.7
-7.8
-8.0
-8.2
-8.5
-8.7
-8.7
-8.7
-8.5
-8.4
-8.4
-8.3
-8.3
-8.1
-8.0
-8.0
-8.2
-8.5
-8.7
-8.8
-8.7
-8.6
-8.5
-8.5
-8.5
-8.6
-8.6
-8.7
-8.7
-8.5
-8.5
-8.4
-8.2
-8.2
-8.1
-8.0
-8.0
-8.1
-8.1
-8.1
-8.1
-8.1
-8.0
-8.2
-8.1
-8.1
-8.1
-8.0
-8.1
-8.1
-8.1
-8.2
-8.3
-8.4
-8.5
-8.6
-8.7
-8.8
-9.0
-8.9
-8.7
-8.3
-8.0
-7.7
-7.6
-7.7
-7.9
-8.0
-8.2
-8.4
-8.5
-8.7
-8.6
-8.5
-8.2
-8.0
-7.9
-8.1
-8.3
-8.5
-8.5
-8.2
-7.9
-7.7
-7.6
-7.6
-7.7
-7.9
-8.1
-8.4
-8.6
-8.8
-8.9
-8.9
-8.8
-8.7
-8.4
-8.1
-8.0
-8.0
-8.1
-8.3
-8.5
-8.6
-8.6
-8.5
-8.4
-8.3
-8.3
-8.3
-8.4
-8.4
-8.3
-8.3
-8.3
-8.3
-8.5
-8.6
-8.6
-8.8
-8.8
-8.8
-8.8
-8.9
-9.1
-9.1
-8.9
-8.7
-8.5
-8.3
-8.4
-8.5
-8.6
-8.8
-8.9
-8.8
-8.8
-8.6
-8.6
-8.5
-8.6
-8.8
-8.8
-8.6
-8.4
-8.1
-8.2
-8.4
-8.6
-8.5
-8.2
-7.9
-7.7
-7.8
-7.8
-7.7
-7.6
-7.4
-7.3
-7.3
-7.2
-7.2
-7.1
-7.1
-7.2
-7.3
-7.4
-7.5
-7.6
-7.6
-7.5
-7.4
-7.4
-7.2
-7.1
-7.0
-6.9
-7.0
-7.1
-7.1
-7.3
-7.4
-7.4
-7.4
-7.4
-7.2
-7.0
-7.0
-7.0
-7.0
-7.1
-7.3
-7.4
-7.5
-7.6
-7.4
-7.4
-7.4
-7.6
-7.7
-7.4
-7.0
-6.4
-5.7
-4.9
-3.8
-2.6
-1.6
-0.6
0.2
1.0
1.8
2.6
3.4
4.4
5.4
6.5
7.4
8.2
9.0
9.9
10.8
11.7
12.5
13.0
13.1
13.1
12.7
12.1
11.4
10.6
9.6
8.8
8.1
7.6
7.3
6.9
6.5
5.7
4.8
3.8
2.7
1.6
0.7
0.0
-0.7
-1.2
-1.7
-2.2
-2.7
-3.1
-3.6
-4.1
-4.5
-5.0
-5.4
-5.8
-6.2
-6.5
-6.6
-6.7
-6.9
-7.2
-7.6
-8.0
-8.3
-8.6
-8.8
-9.1
-9.1
-9.1
-9.1
-9.2
-9.6
-10.0
-10.3
-10.7
-10.9
-11.2
-11.4
-11.5
-11.4
-11.6
-11.6
-11.9
-12.2
-12.3
-12.2
-12.1
-12.1
-12.1
-12.4
-12.6
-12.6
-12.7
-12.6
-12.2
-11.8
-11.3
-11.0
-10.8
-10.8
-10.8
-10.8
-10.9
-11.0
-11.1
-11.0
-11.1
-11.1
-11.1
-11.1
-11.0
-11.0
-11.0
-11.0
-11.0
-11.0
-11.0
-10.8
-10.5
-10.3
-10.1
-10.1
-10.1
-10.1
-10.0
-9.9
-10.0
-10.1
-10.3
-10.3
-10.3
-10.3
-10.5
-10.7
-10.7
-10.6
-10.3
-10.0
-9.9
-10.0
-10.1
-10.2
-10.1
-10.0
-9.8
-9.7
-9.7
-9.8
-10.0
-10.3
-10.3
-10.1
-10.0
-9.8
-9.7
-9.9
-10.0
-10.0
-10.0
-9.8
-9.8
-9.8
-9.7
-9.7
-9.6
-9.6
-9.7
-9.7
-9.7
-9.6
-9.6
-9.5
-9.5
-9.5
-9.4
-9.4
-9.5
-9.5
-9.7
-9.8
-10.0
-10.0
-9.9
-9.6
-9.1
-8.5
-8.2
-8.0
-7.9
-8.1
-8.1
-8.3
-8.5
-8.5
-8.6
-8.6
-8.5
-8.4
-8.3
-8.1
-8.0
-7.9
-8.0
-8.3
-8.5
-8.6
-8.8
-9.0
-9.1
-9.0
-9.0
-8.8
-8.7
-8.8
-9.0
-8.9
-8.7
-8.6
-8.4
-8.3
-8.3
-8.1
-7.9
-7.9
-7.9
-8.0
-8.2
-8.2
-8.1
-8.1
-8.2
-8.4
-8.5
-8.4
-8.3
-8.2
-8.1
-8.1
-8.3
-8.2
-8.1
-8.0
-7.9
-7.8
-7.9
-8.2
-8.3
-8.3
-8.2
-8.0
-7.7
-7.5
-7.4
-7.3
-7.4
-7.5
-7.6
-7.4
-6.8
-5.7
-4.3
-2.7
-0.8
0.9
2.5
4.1
5.8
7.8
9.8
11.7
13.5
15.1
16.7
18.2
19.2
20.0
20.5
20.7
20.7
20.6
20.1
19.4
18.6
17.5
16.4
15.3
13.9
12.5
11.1
9.7
8.1
6.6
5.0
3.5
2.1
0.7
-0.6
-1.8
-3.1
-4.2
-5.1
-5.8
-6.5
-7.1
-7.9
-8.7
-9.6
-10.6
-11.2
-11.8
-12.2
-12.5
-13.0
-13.7
-14.4
-14.9
-15.1
-15.0
-14.9
-14.8
-14.9
-15.2
-15.6
-16.1
-16.3
-16.5
-16.5
-16.5
-16.6
-16.8
-17.0
-17.3
-17.6
-17.8
-17.9
-18.0
-18.2
-18.4
-18.5
-18.5
-18.3
-18.0
-17.8
-17.8
-18.0
-18.2
-18.3
-18.2
-17.9
-17.7
-17.7
-17.7
-17.7
-17.3
-16.9
-16.3
-15.8
-15.2
-14.8
-14.6
-14.6
-14.8
-14.9
-14.8
-14.8
-14.7
-14.6
-14.3
-14.1
-14.1
-14.1
-14.3
-14.4
-14.3
-14.1
-13.9
-13.8
-14.0
-14.0
-13.9
-13.9
-13.8
-13.9
-14.0
-14.0
-13.8
-13.6
-13.3
-12.8
-12.2
-11.6
-11.2
-11.1
-11.1
-11.3
-11.1
-11.0
-11.0
-11.1
-11.2
-11.3
-11.1
-10.9
-10.8
-10.8
-10.8
-10.9
-10.8
-10.9
-11.0
-11.0
-11.1
-11.0
-10.7
-10.7
-10.8
-10.9
-11.2
-11.2
-11.1
-10.9
-10.6
-10.3
-9.9
-9.6
-9.6
-9.8
-10.3
-10.5
-10.5
-10.4
-10.2
-9.9
-9.9
-9.7
-9.6
-9.6
-9.6
-9.6
-9.7
-9.7
-9.6
-9.5
-9.3
-9.2
-9.1
-9.4
-9.6
-9.5
-9.1
-8.5
-8.0
-7.6
-7.5
-7.4
-7.2
-7.3
-7.4
-7.6
-7.7
-7.6
-7.8
-8.0
-7.9
-8.0
-7.9
-7.8
-7.7
-7.6
-7.5
-7.4
-7.3
-7.3
-7.1
-7.0
-7.0
-7.0
-7.1
-7.3
-7.3
-7.4
-7.6
-7.8
-7.9
-7.9
-7.7
-7.4
-7.1
-6.9
-7.0
-7.0
-7.4
-7.5
-7.6
-7.7
-7.7
-7.8
-7.8
-7.8
-7.9
-7.8
-7.8
-7.9
-8.0
-8.1
-8.2
-8.1
-8.1
-8.2
-8.3
-8.5
-8.7
-8.8
-8.8
-8.7
-8.6
-8.4
-8.3
-8.4
-8.5
-8.7
-8.8
-9.0
-9.0
-8.9
-8.8
-8.6
-8.4
-8.4
-8.3
-8.3
-8.3
-8.4
-8.3
-8.3
-8.5
-8.5
-8.5
-8.5
-8.3
-8.1
-7.9
-8.0
-8.1
-8.3
-8.4
-8.5
-8.5
-8.4
-8.4
-8.3
-8.3
-8.2
-8.2
-8.1
-8.0
-8.0
-8.1
-8.2
-8.3
-8.5
-8.5
-8.5
-8.6
-8.6
-8.4
-8.5
-8.4
-8.4
-8.6
-8.5
-8.3
-8.1
-7.9
-7.9
-7.9
-8.0
-8.2
-8.1
-8.0
-7.9
-7.7
-7.6
-7.9
-8.2
-8.4
-8.6
-8.5
-8.3
-8.2
-8.1
-8.0
-7.8
-7.5
-7.4
-7.4
-7.6
-8.0
-8.3
-8.4
-8.4
-8.2
-7.8
-7.6
-7.6
-7.6
-7.6
-7.7
-7.5
-7.3
-7.2
-7.1
-7.3
-7.8
-7.9
-8.1
-8.2
-8.2
-8.1
-8.0
-7.8
-7.8
-7.7
-7.6
-7.7
-7.6
-7.6
-7.5
-7.7
-7.8
-8.0
-8.1
-8.1
-8.0
-7.9
-7.9
-7.9
-8.0
-7.9
-7.8
-7.8
-7.8
-7.8
-7.7
-7.7
-7.7
-7.9
-8.0
-8.0
-8.0
-8.0
-7.8
-7.8
-7.8
-7.9
-8.0
-7.9
-8.0
-7.8
-7.7
-7.6
-7.7
-7.6
-7.6
-7.6
-7.4
-7.4
-7.4
-7.3
-7.3
-7.4
-7.4
-7.5
-7.5
-7.3
-6.9
-6.6
-6.6
-6.5
-6.8
-7.0
-7.2
-7.1
-7.0
-6.8
-6.7
-6.9
-7.2
-7.5
-7.6
-7.5
-7.3
-7.1
-7.0
-7.0
-7.0
-7.1
-7.1
-7.1
-7.1
-7.2
-7.5
-7.8
-7.9
-7.9
-7.8
-7.5
-7.4
-7.3
-7.3
-7.4
-7.5
-7.5
-7.5
-7.4
-7.4
-7.4
-7.4
-7.4
-7.5
-7.5
-7.5
-7.4
-7.3
-7.0
-6.8
-6.7
-6.7
-6.9
-7.1
-7.3
-7.4
-7.3
-7.3
-7.2
-6.9
-6.6
-6.3
-6.1
-6.4
-6.5
-6.8
-7.1
-7.2
-7.1
-7.2
-6.9
-6.8
-6.8
-6.7
-6.9
-7.0
-7.0
-6.9
-6.6
-6.3
-6.1
-5.8
-5.2
-4.5
-3.5
-2.6
-1.7
-0.8
0.2
1.4
2.6
3.9
5.3
6.3
7.4
8.4
9.4
10.7
12.0
13.6
15.0
16.1
16.8
17.1
17.0
16.6
16.2
15.7
15.0
14.5
13.7
12.8
11.6
10.0
8.4
7.1
6.0
4.8
3.6
2.4
1.2
0.0
-0.8
-1.7
-2.5
-3.3
-3.9
-4.4
-4.9
-5.3
-5.8
-6.5
-7.0
-7.3
-7.4
-7.6
-7.9
-8.1
-8.5
-8.7
-8.8
-8.8
-9.1
-9.5
-10.0
-10.4
-10.8
-11.2
-11.4
-11.6
-11.6
-11.5
-11.3
-11.3
-11.3
-11.5
-11.7
-11.9
-12.0
-11.8
-11.6
-11.3
-11.0
-10.9
-11.0
-11.2
-11.3
-11.4
-11.4
-11.2
-11.2
-11.2
-11.1
-11.0
-10.8
-10.5
-10.5
-10.6
-10.6
-10.9
-11.3
-11.3
-11.2
-11.0
-10.5
-10.0
-9.8
-9.6
-9.5
-9.6
-9.8
-10.1
-10.3
-10.3
-10.3
-10.0
-9.8
-9.7
-9.8
-9.8
-9.8
-9.9
-10.1
-10.1
-10.2
-10.2
-10.1
-9.9
-9.8
-9.7
-9.7
-9.8
-9.8
-9.9
-9.8
-9.7
-9.6
-9.6
-9.6
-9.6
-9.7
-9.7
-9.8
-9.8
-9.7
-9.5
-9.3
-9.1
-9.1
-9.1
-9.2
-9.3
-9.5
-9.6
-9.7
-9.9
-10.1
-10.1
-10.1
-10.0
-9.8
-9.8
-9.8
-9.5
-9.2
-9.1
-9.0
-9.2
-9.6
-9.8
-9.8
-9.7
-9.6
-9.7
-9.7
-9.8
-9.8
-9.8
-9.8
-9.9
-10.1
-10.1
-10.1
-10.0
-9.8
-9.9
-9.9
-9.9
-9.9
-9.8
-9.7
-9.8
-9.8
-9.9
-9.9
-9.9
-9.7
-9.6
-9.5
-9.6
-9.7
-9.7
-9.8
-9.7
-9.6
-9.5
-9.5
-9.4
-9.4
-9.4
-9.4
-9.4
-9.4
-9.3
-9.2
-9.2
-9.2
-9.3
-9.3
-9.3
-9.2
-9.1
-9.3
-9.5
-9.6
-9.7
-9.6
-9.5
-9.4
-9.4
-9.5
-9.5
-9.6
-9.7
-9.8
-9.7
-9.7
-9.7
-9.6
-9.6
-9.6
-9.6
-9.7
-9.7
-9.7
-9.7
-9.7
-9.8
-9.9
-10.0
-10.0
-10.1
-10.0
-10.0
-10.0
-10.0
-10.0
-10.3
-10.6
-10.6
-10.6
-10.3
-9.9
-9.6
-9.5
-9.6
-9.7
-10.0
-10.3
-10.4
-10.3
-10.3
-10.2
-10.2
-10.2
-10.3
-10.2
-10.1
-10.1
-10.2
-10.3
-10.2
-10.2
-10.0
-9.9
-9.8
-9.9
-10.0
-9.9
-9.8
-9.7
-9.6
-9.6
-9.9
-10.3
-10.3
-10.1
-9.8
-9.5
-9.5
-9.6
-9.7
-9.9
-10.0
-10.1
-10.2
-10.3
-10.3
-10.2
-10.1
-10.0
-9.8
-9.7
-9.7
-9.6
-9.7
-9.8
-9.8
-9.7
-9.6
-9.5
-9.5
-9.7
-9.8
-9.9
-10.0
-10.1
-9.7
-9.5
-9.1
-8.8
-8.7
-8.7
-8.8
-8.9
