-8.4
-8.2
-8.2
-8.2
-8.1
-8.2
-8.1
-8.1
-8.1
-8.1
-8.3
-8.5
-8.6
-8.5
-8.1
-7.7
-7.3
-7.3
-7.2
-7.1
-7.2
-7.2
-7.5
-7.7
-7.9
-8.0
-8.1
-8.2
-8.3
-8.3
-8.2
-8.1
-8.0
-8.1
-8.0
-8.2
-8.3
-8.3
-8.3
-8.3
-8.3
-8.3
-8.3
-8.2
-8.1
-7.8
-7.9
-8.0
-7.9
-8.0
-7.9
-7.8
-7.7
-7.6
-7.7
-7.6
-7.5
-7.6
-7.7
-7.9
-7.8
-7.8
-7.5
-7.4
-7.5
-7.6
-7.6
-7.5
-7.5
-7.5
-7.6
-7.7
-7.5
-7.4
-7.3
-7.4
-7.4
-7.6
-7.8
-7.9
-8.0
-8.0
-8.0
-8.1
-8.1
-8.1
-8.0
-7.9
-8.0
-8.2
-8.3
-8.2
-8.1
-8.3
-8.4
-8.3
-8.2
-7.8
-7.5
-7.7
-7.8
-8.0
-8.1
-8.0
-7.7
-7.6
-7.5
-7.3
-7.4
-7.3
-7.2
-7.3
-7.5
-7.6
-7.9
-8.1
-8.1
-8.2
-8.3
-8.2
-8.0
-7.9
-7.7
-7.6
-7.5
-7.4
-7.2
-7.2
-7.4
-7.6
-7.7
-7.8
-7.9
-7.9
-8.0
-7.8
-7.6
-7.7
-8.0
-8.2
-8.3
-8.1
-7.7
-7.5
-7.4
-7.3
-7.3
-7.1
-7.1
-7.1
-7.3
-7.3
-7.5
-7.7
-7.7
-7.9
-7.9
-8.0
-8.3
-8.3
-8.3
-8.3
-8.0
-8.0
-8.0
-8.1
-8.1
-8.2
-8.2
-8.1
-8.2
-8.3
-8.4
-8.5
-8.6
-8.6
-8.5
-8.4
-8.3
-8.3
-8.4
-8.6
-8.6
-8.6
-8.6
-8.5
-8.3
-8.2
-8.0
-7.8
-8.0
-8.2
-8.3
-8.7
-8.8
-8.8
-8.9
-8.9
-8.6
-8.3
-7.9
-7.4
-7.0
-7.0
-7.1
-7.2
-7.3
-7.7
-7.9
-8.1
-8.1
-8.2
-8.0
-8.0
-7.9
-7.7
-7.6
-7.5
-7.5
-7.4
-7.5
-7.5
-7.5
-7.6
-7.6
-7.6
-7.6
-7.8
-7.8
-7.8
-7.9
-7.8
-7.9
-7.9
-8.0
-8.1
-8.1
-8.1
-8.0
-8.0
-8.1
-8.2
-8.3
-8.5
-8.3
-8.2
-8.1
-7.9
-7.9
-7.8
-7.6
-7.5
-7.5
-7.5
-7.6
-7.7
-7.6
-7.5
-7.4
-7.3
-7.2
-7.4
-7.4
-7.5
-7.5
-7.5
-7.6
-7.7
-7.8
-7.6
-7.3
-6.9
-6.6
-6.6
-6.7
-6.9
-7.0
-7.2
-7.3
-7.5
-7.7
-7.7
-7.6
-7.6
-7.5
-7.4
-7.5
-7.5
-7.7
-7.9
-8.0
-8.0
-7.9
-7.8
-7.7
-7.8
-7.9
-7.9
-7.7
-7.6
-7.4
-7.3
-7.3
-7.3
-7.6
-8.0
-8.2
-8.0
-7.6
-7.0
-6.6
-6.6
-6.8
-7.0
-7.3
-7.3
-7.4
-7.5
-7.5
-7.5
-7.4
-7.4
-7.3
-7.2
-7.2
-7.1
-7.1
-7.1
-7.2
-7.3
-7.5
-7.6
-7.5
-7.5
-7.3
-7.4
-7.6
-7.6
-7.7
-7.7
-7.7
-7.9
-8.1
-8.3
-8.2
-8.2
-8.0
-7.9
-8.0
-8.0
-8.0
-8.2
-8.2
-8.1
-7.9
-7.7
-7.5
-7.3
-7.3
-7.5
-7.7
-7.8
-7.8
-7.9
-7.8
-7.8
-7.8
-7.7
-7.8
-8.0
-8.1
-8.1
-7.8
-7.5
-7.3
-7.3
-7.3
-7.3
-7.2
-7.0
-6.8
-6.7
-6.6
-6.4
-6.3
-6.4
-6.6
-6.8
-6.9
-6.8
-6.7
-6.7
-7.0
-7.2
-7.3
-7.3
-7.3
-7.3
-7.5
-7.5
-7.5
-7.3
-7.2
-7.2
-7.3
-7.4
-7.4
-7.4
-7.2
-7.2
-7.3
-7.3
-7.5
-7.6
-7.6
-7.5
-7.4
-7.2
-7.0
-6.9
-7.0
-7.1
-7.3
-7.4
-7.4
-7.2
-7.0
-6.9
-6.8
-6.7
-6.7
-6.8
-6.9
-6.9
-6.9
-7.0
-6.9
-7.0
-7.1
-7.0
-6.8
-6.7
-6.6
-6.8
-7.1
-7.4
-7.5
-7.5
-7.2
-7.0
-7.0
-7.0
-7.2
-7.5
-7.6
-7.6
-7.7
-7.7
-7.6
-7.5
-7.3
-7.1
-6.8
-6.5
-6.1
-5.4
-4.6
-3.6
-2.3
-0.8
0.7
2.5
4.4
6.4
8.2
9.9
11.1
12.0
13.2
14.5
15.9
17.3
18.2
18.4
18.4
18.2
17.9
17.5
17.0
16.4
15.5
14.6
13.7
12.7
11.7
10.5
9.1
7.8
6.5
5.4
4.4
3.4
2.4
1.5
0.6
-0.1
-0.9
-1.9
-2.7
-3.4
-4.1
-4.7
-5.2
-5.6
-5.9
-6.2
-6.6
-6.9
-7.2
-7.4
-7.6
-7.7
-7.8
-7.9
-8.1
-8.3
-8.7
-9.0
-9.3
-9.6
-9.7
-9.8
-9.7
-9.7
-9.7
-9.8
-10.0
-10.2
-10.2
-10.2
-10.4
-10.3
-10.3
-10.3
-10.4
-10.6
-10.7
-10.8
-10.7
-10.5
-10.3
-10.2
-10.2
-10.5
-10.7
-11.0
-11.2
-11.2
-11.0
-10.9
-10.9
-11.0
-11.0
-11.0
-11.0
-11.1
-11.3
-11.2
-11.1
-10.8
-10.5
-10.3
-10.4
-10.6
-10.8
-10.9
-10.8
-10.6
-10.5
-10.4
-10.5
-10.5
-10.4
-10.5
-10.3
-10.3
-10.4
-10.2
-10.1
-9.8
-9.6
-9.5
-9.5
-9.4
-9.2
-9.1
-9.0
-9.1
-9.3
-9.3
-9.3
-9.3
-9.3
-9.4
-9.6
-9.7
-9.6
-9.5
-9.3
-9.3
-9.4
-9.5
-9.5
-9.6
-9.5
-9.3
-9.3
-9.3
-9.4
-9.4
-9.3
-9.2
-9.1
-9.2
-9.5
-9.5
-9.6
-9.8
-9.8
-9.8
-9.9
-10.1
-10.2
-10.4
-10.4
-10.1
-10.0
-9.7
-9.5
-9.4
-9.3
-9.2
-9.3
-9.4
-9.4
-9.4
-9.3
-9.2
-9.1
-9.0
-9.0
-9.0
-9.1
-9.2
-9.3
-9.3
-9.2
-9.0
-9.0
-9.1
-9.4
-9.6
-9.6
-9.6
-9.6
-9.6
-9.7
-10.0
-10.1
-10.2
-10.3
-10.3
-10.1
-10.1
-10.1
-9.9
-9.9
-9.8
-9.6
-9.5
-9.3
-9.3
-9.3
-9.4
-9.5
-9.6
-9.5
-9.2
-9.0
-8.8
-9.0
-9.1
-9.2
-9.3
-9.3
-9.3
-9.3
-9.2
-9.1
-8.8
-8.7
-8.7
-8.8
-9.0
-9.1
-9.2
-9.2
-9.1
-9.1
-9.3
-9.7
-10.0
-10.1
-9.9
-9.6
-9.5
-9.6
-9.6
-9.7
-9.7
-9.6
-9.4
-9.3
-9.2
-9.4
-9.6
-9.7
-9.6
-9.5
-9.2
-9.0
-8.8
-8.7
-8.7
-8.8
-8.8
-8.8
-8.5
-8.2
-8.4
-8.6
-8.9
-9.2
-9.2
-9.0
-8.9
-8.8
-8.8
-8.9
-8.7
-8.7
-8.9
-9.1
-9.3
-9.4
-9.2
-8.9
-8.9
-9.1
-9.2
-9.2
-9.0
-9.0
-8.9
-8.9
-8.9
-9.0
-9.0
-9.0
-9.1
-9.2
-9.3
-9.5
-9.5
-9.4
-9.1
-8.8
-8.6
-8.6
-8.5
-8.6
-8.8
-9.0
-9.0
-9.0
-8.8
-8.6
-8.5
-8.5
-8.6
-8.6
-8.7
-8.8
-8.8
-9.0
-9.0
-9.0
-9.0
-8.9
-8.7
-8.5
-8.4
-8.3
-8.4
-8.6
-8.8
-9.0
-8.9
-9.1
-9.2
-9.0
-8.9
-8.7
-8.3
-8.1
-8.3
-8.5
-8.8
-9.1
-9.0
-8.9
-8.6
-8.5
-8.3
-8.3
-8.4
-8.4
-8.6
-8.7
-8.8
-8.7
-8.7
-8.6
-8.4
-8.2
-8.1
-7.8
-7.7
-7.8
-7.9
-8.2
-8.5
-8.6
-8.7
-8.7
-8.5
-8.6
-8.5
-8.6
-8.7
-9.4
-10.4
-11.8
-13.2
-14.3
-15.0
-15.3
-15.2
-15.0
-14.6
-14.2
-14.0
-14.0
-14.2
-14.5
-14.7
-14.7
-14.4
-14.1
-13.9
-13.9
-13.8
-13.8
-13.8
-13.7
-13.7
-13.6
-13.5
-13.3
-13.2
-13.3
-13.5
-13.4
-13.1
-12.8
-12.7
-12.7
-13.0
-13.1
-13.3
-13.2
-13.4
-13.6
-13.7
-13.8
-13.7
-13.5
-13.2
-13.0
-13.2
-13.2
-13.5
-13.5
-13.1
-12.8
-12.5
-12.2
-12.3
-12.3
-12.3
-12.4
-12.4
-12.4
-12.4
-12.4
-12.4
-12.5
-12.7
-12.7
-12.6
-12.5
-12.4
-12.3
-12.1
-11.9
-11.8
-11.7
-11.8
-12.0
-12.0
-11.9
-11.5
-11.1
-10.9
-10.7
-10.9
-11.1
-11.5
-11.6
-11.6
-11.5
-11.2
-11.2
-11.3
-11.2
-11.2
-11.1
-11.1
-11.3
-11.5
-11.6
-11.5
-11.4
-11.1
-11.0
-11.0
-10.9
-11.0
-10.9
-10.9
-11.0
-11.0
-11.1
-11.0
-10.9
-10.8
-10.7
-10.7
-10.7
-10.6
-10.5
-10.3
-10.0
-9.7
-9.6
-9.3
-9.4
-9.6
-9.7
-9.8
-9.8
-9.7
-9.8
-9.7
-9.6
-9.7
-9.7
-9.5
-9.5
-9.4
-9.5
-9.6
-9.8
-9.7
-9.6
-9.4
-9.2
-9.0
-8.9
-9.0
-9.0
-9.1
-9.0
-8.8
-8.4
-8.0
-7.2
-6.3
-5.1
-4.1
-3.2
-2.0
-0.7
0.6
1.8
3.1
4.2
5.4
6.8
7.9
9.1
10.0
10.9
11.7
12.2
12.9
13.5
14.0
14.5
14.8
14.6
14.3
14.0
13.3
12.6
12.0
11.3
10.9
10.4
9.8
9.0
8.0
6.7
5.1
3.9
2.9
2.3
1.8
1.3
0.7
0.0
-0.7
-1.4
-2.2
-2.8
-3.5
-4.0
-4.6
-5.1
-5.6
-6.0
-6.5
-6.9
-7.1
-7.4
-7.5
-7.7
-8.0
-8.3
-8.7
-9.0
-9.0
-9.1
-9.0
-8.9
-8.9
-9.1
-9.4
-10.0
-10.5
-10.6
-10.6
-10.6
-10.5
-10.6
-10.7
-10.7
-10.5
-10.2
-10.2
-10.2
-10.3
-10.5
-10.7
-10.6
-10.7
-10.6
-10.6
-10.8
-10.9
-10.8
-10.9
-10.8
-10.6
-10.7
-10.7
-10.7
-10.8
-10.8
-10.7
-10.5
-10.5
-10.5
-10.7
-10.8
-10.8
-10.6
-10.4
-10.3
-10.3
-10.5
-10.5
-10.5
-10.5
-10.2
-10.1
-10.0
-9.8
-9.8
-9.8
-9.8
-9.6
-9.4
-9.3
-9.5
-9.7
-10.1
-10.4
-10.4
-10.4
-10.3
-10.0
-9.8
-9.7
-9.7
-9.7
-9.8
-9.9
-9.9
-9.7
-9.5
-9.3
-8.9
-8.9
-8.9
-9.0
-9.1
-9.2
-9.2
-9.2
-9.2
-9.1
-9.1
-8.9
-8.8
-8.7
-8.6
-8.7
-8.7
-8.5
-8.4
-8.2
-8.1
-8.1
-8.1
-7.9
-7.7
-7.2
-6.9
-6.6
-6.3
-6.0
-5.9
-5.6
-5.6
-5.7
-5.7
-6.0
-6.3
-6.4
-6.6
-6.4
-6.0
-5.6
-5.4
-5.3
-5.4
-5.4
-5.4
-5.4
-5.4
-5.4
-5.5
-5.4
-5.2
-5.1
-5.0
-5.1
-5.1
-5.2
-5.2
-5.2
-5.3
-5.4
-5.5
-5.5
-5.4
-5.4
-5.4
-5.2
-5.1
-5.0
-4.8
-4.9
-5.0
-5.1
-5.2
-5.3
-5.4
-5.5
-5.6
-5.6
-5.5
-5.4
-5.3
-5.2
-5.2
-5.2
-5.3
-5.5
-5.6
-5.5
-5.4
-5.5
-5.5
-5.6
-5.7
-5.8
-5.7
-5.7
-5.6
-5.4
-5.1
-5.0
-5.1
-5.4
-5.9
-6.3
-6.4
-6.3
-6.1
-5.8
-5.5
-5.5
-5.5
-5.6
-5.6
-5.6
-5.6
-5.9
-6.0
-6.1
-6.1
-5.8
-5.5
-5.2
-5.0
-5.2
-5.6
-6.0
-6.4
-6.5
-6.2
-5.9
-5.6
-5.5
-5.7
-5.9
-6.2
-6.3
-6.1
-5.9
-5.7
-5.6
-5.5
-5.7
-5.7
-5.6
-5.6
-5.5
-5.6
-5.8
-5.9
-5.9
-5.9
-6.0
-5.9
-5.8
-5.8
-5.9
-6.0
-6.2
-6.3
-6.1
-5.9
-5.6
-5.5
-5.4
-5.3
-5.3
-5.4
-5.4
-5.7
-5.9
-6.0
-6.0
-5.9
-5.7
-5.7
-5.8
-5.9
-6.0
-6.1
-6.1
-6.0
-5.8
-5.6
-5.6
-5.8
-6.2
-6.4
-6.4
-6.4
-6.2
-6.3
-6.4
-6.5
-6.5
-6.6
-6.8
-7.0
-7.3
-7.4
-7.4
-7.3
-7.1
-7.0
-6.9
-6.9
-7.0
-7.1
-7.2
-7.4
-7.4
-7.4
-7.5
-7.7
-7.9
-7.8
-7.7
-7.5
-7.4
-7.5
-7.6
-7.7
-7.8
-7.8
-7.8
-7.7
-7.3
-7.0
-6.8
-6.8
-6.9
-6.8
-6.8
-6.7
-6.7
-6.7
-6.9
-7.0
-7.0
-6.8
-6.5
-6.2
-6.0
-6.1
-6.2
-6.4
-6.4
-6.3
-6.2
-6.2
-6.2
-6.2
-6.4
-6.5
-6.5
-6.6
-6.6
-6.9
-7.3
-7.6
-7.5
-7.1
-6.6
-6.0
-5.8
-5.8
-5.7
-5.6
-5.7
-5.8
-6.0
-6.3
-6.4
-6.5
-6.4
-6.3
-6.1
-5.9
-5.7
-5.7
-5.8
-5.9
-6.2
-6.3
-6.5
-6.7
-6.6
-6.5
-6.5
-6.4
-6.4
-6.6
-6.9
-7.1
-7.4
-7.4
-7.4
-7.3
-7.5
-7.7
-7.7
-7.7
-7.6
-7.4
-7.1
-6.9
-6.7
-6.5
-6.7
-6.8
-6.9
-6.9
-6.8
-6.6
-6.5
-6.4
-6.2
-6.1
-5.9
-5.8
-5.9
-6.1
-6.4
-6.6
-6.8
-6.7
-6.6
-6.5
-6.6
-6.7
-6.9
-6.8
-6.5
-6.2
-6.0
-6.3
-6.7
-7.1
-7.4
-7.4
-7.2
-7.1
-7.1
-7.1
-7.2
-7.4
-7.4
-7.6
-7.8
-8.0
-8.1
-8.2
-8.2
-8.1
-8.1
-8.1
-8.0
-8.0
-8.1
-8.0
-7.9
-8.0
-8.0
-8.1
-8.1
-8.0
-7.9
-7.7
-7.6
-7.7
-7.7
-7.8
-8.0
-8.1
-8.0
-7.7
-7.3
-6.8
-6.8
-7.0
-7.1
-7.3
-7.3
-7.1
-7.1
-7.1
-7.1
-7.3
-7.4
-7.6
-7.9
-8.1
-8.1
-8.1
-8.1
-7.9
-7.8
-7.9
-7.9
-8.0
-8.0
-8.0
-8.1
-8.4
-8.6
-8.7
-8.5
-8.2
-8.0
-8.0
-8.1
-8.1
-8.1
-8.1
-8.0
-7.9
-7.9
-7.8
-7.9
-7.9
-7.9
-7.9
-7.9
-7.8
-7.6
-7.4
-7.1
-7.1
-7.3
-7.7
-7.9
-8.1
-8.1
-7.9
-7.9
-7.8
-7.6
-7.5
-7.4
-7.4
-7.6
-7.8
-7.8
-7.7
-7.5
-7.4
-7.5
-7.8
-7.9
-7.8
-7.6
-7.2
-6.9
-6.9
-6.9
-6.8
-7.1
-7.4
-7.5
-7.7
-7.8
-7.7
-7.5
-7.3
-7.2
-7.1
-7.1
-7.3
-7.4
-7.6
-7.7
-7.7
-7.6
-7.3
-7.0
-6.8
-6.7
-6.7
-6.6
-6.5
-6.4
-6.1
-6.1
-6.0
-6.0
-6.0
-6.0
-6.3
-6.7
-7.0
-7.1
-7.0
-7.0
-6.9
-7.1
-7.1
-7.0
-7.0
-7.0
-7.0
-7.3
-7.4
-7.6
-7.8
-7.5
-7.2
-7.0
-6.7
-6.7
-6.9
-7.1
-7.3
-7.5
-7.7
-7.8
-7.8
-7.8
-7.7
-7.6
-7.7
-7.5
-7.3
-7.3
-7.3
-7.2
-7.2
-7.1
-6.9
-6.8
-6.8
-6.9
-7.0
-7.3
-7.4
-7.5
-7.8
-7.7
-7.5
-7.2
-7.1
-7.0
-7.2
-7.4
-7.4
-7.1
-7.0
-7.1
-7.1
-7.1
-7.2
-7.1
-7.2
-7.4
-7.6
-7.6
-7.5
-7.3
-7.1
-7.0
-7.3
-7.5
-7.6
-7.5
-7.4
-7.3
-7.2
-7.2
-7.2
-7.0
-7.1
-7.1
-7.0
-6.9
-7.0
-7.2
-7.5
-7.6
-7.5
-7.3
-7.2
-7.2
-7.4
-7.4
-7.3
-7.1
-6.9
-6.9
-7.1
-7.3
-7.5
-7.6
-7.5
-7.4
-7.2
-7.1
-7.1
-7.1
-7.2
-7.2
-7.2
-7.2
-7.1
-7.1
-7.2
-7.2
-7.4
-7.5
-7.6
-7.4
-7.2
-6.9
-6.6
-6.5
-6.6
-6.9
-7.3
-7.4
-7.4
-7.3
-7.2
-7.2
-7.1
-7.0
-6.9
-6.9
-7.1
-7.2
-7.3
-7.4
-7.4
-7.4
-7.4
-7.4
-7.4
-7.5
-7.3
-7.0
-6.8
-6.6
-6.7
-6.8
-7.1
-7.4
-7.5
-7.5
-7.2
-6.9
-6.6
-6.6
-6.6
-6.6
-6.6
-6.8
-6.7
-6.8
-6.7
-6.6
-6.8
-7.1
-7.4
-7.6
-7.7
-7.5
-7.3
-7.0
-6.9
-6.9
-7.2
-7.7
-7.6
-7.6
-7.2
-6.8
-6.6
-6.5
-6.4
-6.4
-6.5
-6.6
-6.8
-6.8
-6.8
-6.8
-6.9
-7.1
-7.1
-7.1
-7.1
-7.1
-7.1
-7.0
-6.8
-6.7
-6.7
-6.8
-6.9
-7.2
-7.4
-7.6
-7.7
-7.5
-7.1
-6.8
-6.7
-6.7
-7.0
-6.9
-6.7
-6.6
-6.6
-6.9
-7.2
-7.4
-7.3
-7.1
-6.8
-6.7
-6.6
-6.6
-6.7
-6.7
-6.9
-7.0
-7.1
-6.9
-6.6
-6.3
-6.2
-6.4
-6.7
-6.7
-6.5
-6.3
-6.2
-6.3
-6.5
-6.7
-6.8
-6.8
-6.7
-6.5
-6.1
-5.8
-5.7
-5.7
-5.9
-6.0
-6.2
-6.5
-6.8
-7.0
-7.0
-6.8
-6.7
-6.5
-6.4
-6.4
-6.5
-6.5
-6.6
-6.7
-6.8
-6.6
-6.5
-6.5
-6.5
-6.5
-6.6
-6.7
-6.7
-6.6
-6.6
-6.5
-6.5
-6.5
-6.5
-6.6
-6.7
-6.8
-6.8
-6.8
-6.8
-6.8
-7.0
-7.0
-6.9
-6.9
-6.7
-6.7
-6.9
-7.1
-7.2
-7.3
-7.2
-6.9
-6.7
-6.5
-6.5
-6.6
-6.6
-6.6
-6.6
-6.4
-6.3
-6.1
-5.6
-5.1
-4.5
-3.4
-2.2
-0.5
1.3
3.1
4.9
6.7
8.6
10.4
12.5
14.3
15.9
17.6
18.9
20.1
21.1
21.8
22.4
22.8
23.0
23.0
22.7
22.3
21.7
20.9
19.9
18.7
17.5
16.6
15.6
14.4
13.3
12.1
10.9
10.0
9.1
8.2
7.1
6.0
4.8
3.6
2.3
1.2
0.4
-0.3
-0.8
-1.3
-1.9
-2.5
-3.2
-3.9
-4.7
-5.3
-5.7
-5.9
-6.2
-6.7
-7.2
-7.6
-7.8
-7.8
-7.9
-8.1
-8.6
-9.1
-9.6
-9.9
-10.1
-10.1
-10.3
-10.5
-10.6
-10.9
-11.1
-11.0
-11.2
-11.4
-11.6
-11.8
-11.8
-11.6
-11.2
-11.1
-11.1
-11.0
-11.2
-11.3
-11.5
-11.6
-11.7
-11.7
-11.6
-11.6
-11.5
-11.4
-11.3
-11.2
-11.1
-11.0
-11.0
-10.8
-10.5
-10.2
-10.0
-10.1
-10.5
-10.9
-11.3
-11.3
-11.1
-11.0
-10.8
-10.7
-10.7
-10.7
-10.7
-10.6
-10.6
-10.6
-10.5
-10.6
-10.6
-10.6
-10.7
-10.7
-10.8
-10.8
-10.8
-10.8
-10.7
-10.6
-10.6
-10.4
-10.3
-10.3
-10.6
-10.8
-10.9
-10.8
-10.7
-10.6
-10.6
-10.7
-10.8
-10.7
-10.7
-10.8
-10.8
-10.8
-10.7
-10.7
-10.8
-10.8
-10.8
-10.7
-10.4
-10.3
-10.2
-10.1
-9.9
-9.8
-9.5
-9.3
-9.5
-9.7
-9.8
-10.2
-10.3
-10.3
-10.2
-10.1
-9.9
-9.9
-10.0
-10.1
-10.2
-10.3
-10.2
-10.2
-10.3
-10.5
-10.6
-10.7
-10.8
-10.8
-10.7
-10.7
-10.5
-10.5
-10.4
-10.4
-10.4
-10.5
-10.3
-10.3
-10.3
-10.2
-10.2
-10.2
-10.2
-10.2
-10.1
-10.1
-10.1
-10.1
-10.0
-10.1
-10.0
-10.0
-10.0
-9.8
-9.7
-9.8
-9.9
-10.0
-10.1
-9.9
-9.6
-9.5
-9.5
-9.7
-9.8
-10.0
-9.9
-9.8
-9.6
-9.3
-9.3
-9.2
-9.2
-9.4
-9.5
-9.5
-9.4
-9.3
-9.3
-9.2
-9.2
-9.2
-9.3
-9.3
-9.3
-9.2
-9.1
-9.1
-9.2
-9.3
-9.4
-9.4
-9.3
-9.3
-9.1
-9.0
-9.0
-9.0
-9.2
-9.2
-9.3
-9.2
-9.2
-9.0
-8.8
-8.6
-8.4
-8.4
-8.7
-8.8
-8.9
-8.8
-8.5
-8.3
-8.2
-8.2
-8.2
-8.3
-8.2
-8.1
-8.2
-8.4
-8.9
-9.2
-9.2
-9.0
-8.6
-8.3
-8.2
-8.2
-8.2
-8.1
-8.2
-8.3
-8.3
-8.5
-8.4
-8.3
-8.3
-8.2
-8.2
-8.3
-8.3
-8.4
-8.5
-8.5
-8.6
-8.6
-8.5
-8.6
-8.8
-8.9
-9.0
-9.1
-9.1
-9.0
-9.0
-9.0
-9.0
-8.8
-8.8
-8.7
-8.4
-8.4
-8.4
-8.5
-8.8
-9.1
-9.1
-9.2
-9.2
-9.0
-8.9
-8.8
-8.7
-8.5
-8.6
-8.6
-8.7
-8.8
-8.9
-9.0
-8.9
-8.8
-8.8
-8.8
-8.7
-8.8
-8.8
-8.8
-8.8
-8.8
-8.8
-8.6
-8.5
-8.4
-8.3
-8.3
-8.3
-8.5
-8.7
-8.9
-8.9
-8.9
-8.8
-8.8
-8.8
-8.9
-8.8
-8.7
-8.7
-8.6
-8.8
-8.9
-8.9
-8.9
-8.9
-8.9
-8.8
-8.8
-8.8
-8.8
-8.8
-8.7
-8.5
-8.3
-8.3
-8.4
-8.5
-8.4
-8.3
-8.2
-8.2
-8.4
-8.6
-8.9
-9.0
-8.9
-8.8
-8.6
-8.3
-8.2
-8.3
-8.6
-8.8
-8.7
-8.5
-8.1
-7.8
-7.6
-7.6
-7.9
-8.2
-8.4
-8.6
-8.6
-8.2
-8.1
-8.1
-8.0
-8.3
-8.5
-8.5
-8.5
-8.4
-8.3
-8.5
-8.7
-8.8
-8.8
-8.7
-8.5
-8.3
-8.3
-8.4
-8.6
-8.8
-8.8
-8.9
-8.8
-8.5
-8.3
-8.2
-8.3
-8.6
-8.9
-9.0
-8.8
-8.5
-8.2
-8.1
-8.1
-7.9
-7.7
-7.5
-7.5
-7.6
-7.8
-8.0
-8.0
-8.0
-8.0
-7.8
-7.9
-8.1
-8.0
-8.0
-7.9
-7.8
-7.8
-7.9
-7.9
-8.0
-8.0
-8.0
-8.0
-7.9
-7.9
-7.9
-8.0
-8.3
-8.4
-8.5
-8.3
-8.0
-7.7
-7.6
-7.8
-8.0
-8.2
-8.3
-8.4
-8.4
-8.3
-8.4
-8.4
-8.6
-8.7
-8.7
-8.5
-8.4
-8.3
-8.3
-8.4
-8.4
-8.4
-8.4
-8.4
-8.5
-8.5
-8.6
-8.7
-8.7
-8.7
-8.6
-8.4
-8.3
-8.4
-8.6
-8.8
-8.8
-8.8
-8.6
-8.2
-8.1
-8.2
-8.2
-8.3
-8.3
-8.2
-8.2
-8.1
-8.2
-8.2
-8.1
-8.2
-8.1
-8.1
-8.0
-7.9
-8.0
-7.9
-7.6
-7.5
-7.5
-7.6
-7.8
-8.0
-8.0
-7.8
-7.7
-7.7
-7.7
-7.8
-8.1
-8.2
-8.4
-8.4
-8.3
-8.1
-8.1
-8.3
-8.3
-8.3
-8.4
-8.4
-8.3
-8.3
-8.2
-8.0
-8.0
-8.0
-8.3
-8.5
-8.7
-8.7
-8.6
-8.5
-8.2
-8.0
-8.0
-8.0
-7.9
-7.9
-7.9
-7.9
-8.0
-8.1
-8.1
-8.3
-8.4
-8.6
-8.8
-8.8
-8.6
-8.3
-8.1
-7.9
-7.7
-7.6
-7.5
-7.5
-7.7
-7.9
-7.9
-8.1
-8.0
-8.1
-8.2
-8.1
-8.0
-7.8
-7.7
-7.5
-7.5
-7.4
-7.5
-7.5
-7.6
-7.4
-7.2
-7.2
-7.1
-7.1
-7.1
-7.1
-7.1
-6.9
-6.8
-6.9
-6.9
-7.1
-7.3
-7.4
-7.4
-7.2
-7.1
-6.8
-6.8
-6.9
-7.0
-7.1
-7.3
-7.4
-7.5
-7.6
-7.7
-7.7
-7.5
-7.5
-7.5
-7.5
-7.5
-7.4
-7.3
-7.3
-7.2
-7.2
-7.4
-7.4
-7.4
-7.5
-7.5
-7.6
-7.5
-7.4
-7.2
-7.2
-7.4
-7.5
-7.5
-7.3
-7.1
-6.9
-6.9
-7.0
-6.9
-6.9
-7.0
-7.2
-7.5
-7.5
-7.2
-6.9
-6.8
-6.8
-6.8
-6.9
-6.8
-6.7
-6.7
-6.7
-6.8
-6.9
-6.9
-7.0
-6.8
-6.5
-6.3
-6.1
-6.1
-6.3
-6.5
-6.8
-6.9
-6.9
-6.9
-7.0
-6.9
-6.9
-6.8
-6.6
-6.5
-6.4
-6.3
-6.2
-6.3
-6.5
-6.8
-7.1
-7.3
-7.4
-7.4
-7.3
-7.4
-7.5
-7.7
-7.9
-8.0
-7.9
-7.8
-7.6
-7.3
-7.0
-6.8
-6.7
-6.8
-6.8
-7.0
-7.1
-7.2
-7.1
-6.8
-6.5
-6.1
-6.0
-6.2
-6.8
-7.1
-7.4
-7.3
-7.1
-6.7
-6.5
-6.4
-6.3
-6.3
-6.5
-6.6
-6.7
-6.7
-6.6
-6.4
-6.5
-7.0
-7.4
-7.7
-8.0
-8.0
-7.9
-7.9
-8.0
-7.9
-7.9
-8.0
-7.9
-7.8
-7.6
-7.6
-7.6
-7.7
-7.9
-8.0
-8.1
-8.3
-8.3
-8.2
-8.1
-8.0
-7.8
-8.0
-8.1
-8.2
-8.3
-8.3
-8.2
-8.1
-8.3
-8.5
-8.6
-8.6
-8.4
-8.1
-7.8
-7.6
-7.6
-7.7
-7.8
-8.0
-8.1
-8.2
-8.2
-8.1
-7.8
-7.7
-7.6
-7.5
-7.3
-7.3
-7.3
-7.5
-7.6
-7.8
-7.7
-7.5
-7.4
-7.4
-7.2
-7.4
-7.5
-7.6
-7.6
-7.5
-7.4
-7.2
-7.1
-7.0
-6.8
-6.7
-6.8
-6.9
-7.1
-7.0
-6.8
-6.5
-6.4
-6.6
-6.8
-7.0
-7.3
-7.1
-7.0
-7.0
-6.9
-7.0
-7.2
-7.2
-7.1
-6.9
-6.8
-6.6
-6.6
-6.7
-6.8
-6.9
-6.9
-6.8
-6.8
-6.9
-7.1
-7.3
-7.4
-7.4
-7.3
-7.2
-7.1
-7.1
-7.2
-7.3
-7.4
-7.5
-7.6
-7.5
-7.5
-7.4
-7.4
-7.4
-7.5
-7.4
-7.3
-7.1
-7.0
-7.1
-7.0
-7.1
-7.2
-7.2
-7.2
-7.2
-7.1
-7.1
-6.9
-6.7
-6.7
-6.4
-6.3
-6.3
-6.1
-6.2
-6.3
-6.3
-6.4
-6.2
-6.0
-6.0
-6.1
-6.1
-6.3
-6.5
-6.6
-6.7
-6.9
-6.8
-6.7
-6.6
-6.5
-6.6
-6.6
-6.5
-6.4
-6.4
-6.4
-6.5
-6.7
-7.0
-7.3
-7.5
-7.5
-7.4
-7.2
-7.1
-7.0
-7.0
-6.8
-6.7
-6.9
-7.1
-7.5
-7.7
-7.8
-7.7
-7.6
-7.4
-7.3
-7.1
-7.1
-7.1
-7.0
-6.9
-6.9
-6.7
-6.6
-6.7
-6.7
-6.9
-6.9
-6.7
-6.5
-6.4
-6.5
-6.8
-7.0
-7.2
-7.2
-7.4
-7.7
-7.9
-8.0
-7.9
-7.8
-7.7
-7.6
-7.6
-7.4
-7.3
-7.3
-7.5
-7.7
-7.8
-7.6
-7.3
-7.1
-7.0
-7.2
-7.4
-7.3
-7.3
-7.1
-7.1
-7.1
-6.9
-6.5
-6.2
-6.0
-6.0
-6.2
-6.3
-6.4
-6.4
-6.4
-6.5
-6.5
-6.6
-6.8
-6.8
-6.9
-7.1
-7.1
-7.2
-7.1
-7.0
-7.0
-6.9
-6.8
-6.9
-6.8
-6.8
-7.2
-7.5
-7.9
-8.3
-8.7
-9.0
-9.3
-9.3
-9.2
-8.9
-8.6
-8.5
-8.4
-8.6
-8.6
-8.6
-8.5
-8.3
-8.3
-8.2
-8.3
-8.5
-8.6
-8.7
-8.7
-8.6
-8.6
-8.6
-8.7
-8.8
-8.6
-8.2
-7.9
-7.6
-7.6
-7.8
-8.0
-8.1
-8.2
-8.1
-8.1
-8.1
-8.1
-8.3
-8.6
-9.0
-9.3
-9.5
-9.6
-9.7
-9.6
-9.4
-9.1
-8.7
-8.5
-8.3
-8.1
-8.0
-8.0
-7.9
-7.9
-8.1
-8.3
-8.3
-8.3
-8.2
-8.1
-8.1
-8.3
-8.5
-8.5
-8.3
-7.9
-7.6
-7.5
-7.5
-7.8
-8.1
-8.4
-8.4
-8.3
-8.2
-8.0
-7.9
-8.2
-8.4
-8.5
-8.6
-8.5
-8.3
-8.3
-8.3
-8.5
-8.6
-8.6
-8.6
-8.7
-8.9
-9.2
-9.6
-9.8
-9.8
-9.5
-9.2
-8.9
-8.6
-8.5
-8.6
-8.6
-8.7
-8.8
-8.8
-8.7
-8.6
-8.4
-8.4
-8.2
-8.0
-7.6
-7.4
-7.3
-7.2
-7.1
-7.1
-7.3
-7.6
-8.0
-8.0
-7.9
-7.6
-7.3
-7.2
-7.1
-7.0
-7.0
-6.9
-6.9
-7.0
-7.1
-7.2
-7.2
-7.3
-7.2
-7.3
-7.5
-7.7
-7.9
-8.0
-8.2
-8.3
-8.5
-8.7
-8.7
-8.7
-8.6
-8.6
-8.4
-8.3
-8.1
-7.8
-7.6
-7.6
-7.5
-7.6
-7.6
-7.4
-7.2
-7.1
-7.1
-7.0
-7.1
-7.2
-7.2
-7.1
-7.2
-7.2
-7.4
-7.6
-7.5
-7.3
-6.9
-6.5
-6.3
-6.1
-6.0
-5.7
-5.5
-5.6
-5.7
-5.9
-6.2
-6.4
-6.7
-6.9
-7.0
-7.1
-7.0
-6.9
-6.7
-6.7
-6.7
-6.8
-6.8
-6.8
-6.6
-6.6
-6.6
-6.6
-6.6
-6.7
-6.7
-6.7
-6.6
-6.4
-6.4
-6.5
-6.6
-6.6
-6.5
-6.3
-6.1
-6.1
-6.3
-6.5
-6.9
-7.0
-6.9
-7.0
-7.1
-7.2
-7.3
-7.3
-7.0
-6.9
-6.7
-6.5
-6.3
-6.1
-6.1
-6.3
-6.5
-6.5
-6.6
-6.7
-6.8
-6.9
-7.0
-7.0
-7.0
-7.0
-6.9
-6.9
-6.9
-6.9
-6.8
-6.7
-6.5
-6.5
-6.4
-6.5
-6.5
-6.7
-7.0
-7.2
-7.3
-7.1
-7.0
-6.9
-6.9
-6.9
-6.9
-6.9
-6.9
-7.0
-7.1
-7.1
-7.2
-7.2
-7.2
-7.1
-7.1
-7.0
-6.9
-7.2
-7.3
-7.5
-7.7
-7.8
-7.9
-8.1
-8.2
-8.2
-8.0
-7.9
-7.7
-7.6
-7.7
-7.9
-7.9
-8.0
-7.9
-7.8
-7.9
-7.9
-7.8
-7.7
-7.5
-7.2
-7.1
-7.2
-7.2
-7.3
-7.4
-7.3
-7.3
-7.2
-7.0
-7.0
-7.0
-7.0
-7.1
-7.3
-7.3
-7.3
-7.3
-7.2
-7.2
-7.4
-7.5
-7.6
-7.5
-7.5
-7.6
-7.6
-7.7
-7.7
-7.4
-7.3
-7.5
-7.5
-7.6
-7.6
-7.2
-7.0
-7.0
-6.9
-7.0
-6.8
-6.6
-6.3
-5.9
-5.3
-4.7
-4.0
-3.4
-2.8
-2.0
-1.2
-0.4
0.0
0.4
0.8
1.2
1.7
2.2
2.6
3.1
3.5
3.7
3.9
4.2
4.6
5.0
5.3
5.4
5.3
5.4
5.7
6.0
6.1
6.0
6.0
6.0
6.2
6.6
6.8
6.9
6.9
6.8
6.6
6.5
6.4
6.4
6.4
6.3
6.1
5.9
6.0
6.1
6.2
6.2
6.0
5.8
5.7
5.8
5.8
5.8
5.7
5.7
5.8
5.6
5.3
5.1
5.0
5.1
5.4
5.7
5.8
5.8
5.7
5.6
5.4
5.1
4.7
4.4
4.3
4.3
4.1
3.8
3.4
3.1
2.9
3.0
3.1
3.1
3.2
3.1
3.2
3.3
3.4
3.4
3.1
2.7
2.5
2.3
2.2
2.1
2.1
1.9
2.0
2.0
1.9
1.8
1.8
1.8
1.7
1.6
1.3
1.1
0.9
0.8
0.8
0.8
0.6
0.4
0.1
-0.2
-0.4
-0.5
-0.4
0.0
0.3
0.6
0.6
0.4
0.0
-0.4
-0.7
-0.9
-0.9
-0.9
-1.0
-1.0
-1.2
-1.6
-2.0
-2.3
-2.5
-2.5
-2.5
-2.6
-2.7
-2.8
-2.7
-2.7
-2.8
-3.0
-3.2
-3.4
-3.4
-3.3
-3.1
-3.1
-3.3
-3.4
-3.4
-3.4
-3.3
-3.2
-3.4
-3.5
-3.6
-3.8
-4.0
-4.2
-4.3
-4.3
-4.4
-4.5
-4.5
-4.5
-4.2
-4.1
-4.1
-4.2
-4.4
-4.6
-4.8
-5.0
-5.2
-5.1
-5.1
-5.1
-5.2
-5.4
-5.7
-5.8
-5.8
-5.8
-5.7
-5.8
-6.1
-6.2
-6.2
-6.1
-5.9
-5.7
-5.5
-5.4
-5.5
-5.8
-6.1
-6.4
-6.5
-6.6
-6.8
-6.9
-6.9
-6.7
-6.6
-6.7
-7.0
-7.3
-7.5
-7.5
-7.3
-7.1
-6.9
-6.8
-6.9
-7.1
-7.3
-7.4
-7.5
-7.8
-7.9
-8.0
-8.0
-7.9
-7.9
-8.0
-8.1
-8.1
-8.1
-8.0
-8.0
-8.1
-8.2
-8.3
-8.3
-8.4
-8.6
-8.6
-8.6
-8.6
-8.6
-8.6
-8.7
-8.9
-9.1
-9.1
-9.1
-8.9
-8.6
-8.4
-8.4
-8.6
-8.8
-8.9
-8.9
-8.8
-8.9
-8.8
-8.8
-8.9
-8.8
-8.8
-8.9
-9.1
-9.2
-9.4
-9.5
-9.4
-9.2
-9.0
-8.8
-8.8
-8.8
-9.1
-9.3
-9.3
-9.3
-9.4
-9.4
-9.5
-9.5
-9.4
-9.3
-9.4
-9.5
-9.7
-9.8
-9.8
-9.5
-9.2
-9.2
-9.4
-9.7
-10.0
-10.0
-9.9
-9.5
-9.4
-9.4
-9.5
-9.6
-9.5
-9.4
-9.4
-9.6
-9.9
-10.1
-10.2
-10.1
-9.8
-9.6
-9.6
-9.7
-10.0
-10.3
-10.4
-10.5
-10.4
-10.2
-10.0
-10.0
-10.1
-10.4
-10.7
-10.9
-10.8
-10.7
-10.7
-10.7
-10.8
-10.8
-10.7
-10.7
-10.9
-11.1
-11.3
-11.5
-11.6
-11.4
-11.3
-11.2
-11.0
-10.8
-10.7
-10.8
-10.9
-10.8
-10.9
-10.9
-11.0
-11.2
-11.4
-11.5
-11.5
-11.7
-11.9
-12.0
-12.0
-12.0
-12.1
-12.1
-12.0
-11.9
-11.9
-12.0
-12.1
-12.2
-12.3
-12.3
-12.3
-12.2
-12.2
-12.1
-12.0
-11.9
-11.9
-11.8
-11.9
-12.1
-12.3
-12.5
-12.6
-12.5
-12.5
-12.5
-12.4
-12.2
-12.1
-11.8
-11.8
-12.0
-12.3
-12.6
-12.6
-12.6
-12.7
-12.7
-12.7
-12.8
-12.7
-12.6
-12.8
-12.7
-12.6
-12.3
-12.1
-12.1
-12.2
-12.4
-12.5
-12.7
-12.7
-12.8
-12.8
-12.7
-12.6
-12.6
-12.5
-12.6
-12.6
-12.6
-12.7
-12.8
-12.7
-12.8
-12.9
-13.1
-13.4
-13.5
-13.4
-13.4
-13.3
-13.1
-13.0
-13.1
-13.1
-13.2
-13.3
-13.1
-12.9
-12.9
-12.8
-12.8
-12.8
-12.6
-12.6
-12.7
-12.8
-13.0
-13.3
-13.3
-13.3
-13.4
-13.3
-13.5
-13.6
-13.5
-13.4
-13.4
-13.5
-13.5
-13.4
-13.3
-13.2
-13.1
-13.1
-13.0
-12.9
-12.8
-13.0
-13.1
-13.1
-13.3
-13.3
-13.4
-13.5
-13.7
-13.8
-13.8
-13.6
-13.4
-13.2
-13.2
-13.3
-13.5
-13.5
-13.4
-13.1
-12.9
-13.0
-13.1
-13.5
-14.0
-14.1
-14.4
-14.3
-14.0
-13.8
-13.6
-13.4
-13.4
-13.4
-13.2
-13.2
-13.3
-13.4
-13.6
-13.8
-13.9
-14.0
-14.0
-14.0
-14.1
-14.1
-14.2
-14.2
-14.2
-14.3
-14.5
-14.5
-14.4
-14.4
-14.3
-14.3
-14.2
-14.1
-14.0
-13.8
-13.9
-13.9
-14.0
-14.0
-13.9
-13.6
-13.5
-13.5
-13.7
-14.0
-14.4
-14.5
-14.4
-14.3
-14.1
-14.0
-14.0
-14.2
-14.1
-13.9
-13.7
-13.4
-13.2
-13.5
-13.7
-13.9
-13.8
-13.8
-13.8
-13.9
-14.1
-14.3
-14.2
-14.0
-14.0
-14.0
-14.0
-14.1
-13.9
-13.4
-13.3
-13.0
-13.1
-13.5
-13.8
-13.8
-13.6
-13.3
-13.1
-13.1
-13.3
-13.6
-13.8
-13.9
-13.8
-13.6
-13.5
-13.5
-13.5
-13.6
-13.6
-13.4
-13.4
-13.3
-12.9
-12.6
-12.3
-12.0
-11.8
-11.9
-12.2
-12.4
-12.6
-12.9
-12.8
-12.7
-12.8
-12.8
-12.8
-13.0
-13.1
-13.2
-13.3
-13.3
-13.0
-12.7
-12.4
-12.1
-12.1
-12.2
-12.4
-12.3
-12.2
-12.0
-11.8
-11.9
-11.9
-12.0
-12.0
-12.0
-12.0
-12.0
-12.0
-11.7
-11.5
-11.3
-11.2
-11.3
-11.5
-11.5
-11.5
-11.4
-11.2
-11.1
-11.1
-11.0
-11.1
-11.1
-11.0
-10.9
-10.9
-11.0
-11.1
-11.2
-11.3
-11.3
-11.3
-11.3
-11.4
-11.3
-10.8
-10.6
-10.5
-10.4
-10.4
-10.4
-10.3
-10.2
-10.2
-10.2
-10.1
-10.0
-9.9
-10.0
-10.1
-10.0
-9.8
-9.6
-9.3
-9.2
-9.0
-8.9
-8.8
-8.6
-8.7
-8.9
-8.9
-8.9
-8.8
-8.9
-8.9
-8.8
-8.7
-8.4
-8.3
-8.3
-8.3
-8.3
-8.1
-7.9
-7.8
-7.5
-7.3
-7.1
-6.8
-6.8
-6.6
-6.4
-6.3
-6.2
-6.1
-6.1
-6.0
-6.0
-5.7
-5.3
-5.1
-5.0
-5.0
-5.1
-5.3
-5.1
-4.9
-4.8
-4.5
-4.4
-4.2
-3.9
-3.6
-3.2
-2.8
-2.5
-2.2
-1.8
-1.4
-1.0
-0.6
-0.1
0.0
0.1
0.6
0.9
1.3
2.2
3.0
4.0
5.4
6.7
8.1
9.6
11.2
13.4
15.8
18.8
22.0
25.2
28.5
31.9
35.6
39.4
43.8
48.5
53.6
58.5
63.8
69.2
74.3
79.8
85.7
91.4
97.1
103.4
109.6
115.5
121.4
127.4
133.0
138.2
142.8
146.7
150.2
153.9
157.2
160.4
163.5
166.5
169.8
172.9
175.8
178.2
180.6
183.1
185.5
187.7
189.3
191.0
192.7
194.4
196.3
197.7
198.9
199.9
200.8
201.7
202.8
203.7
204.6
205.3
205.7
206.1
206.9
207.5
208.1
208.5
208.8
208.7
209.0
209.2
209.0
209.0
209.3
209.4
209.1
208.9
208.1
207.2
206.5
205.8
204.5
203.7
202.8
202.2
201.6
200.9
200.1
199.2
198.3
197.0
195.7
194.1
192.8
191.7
190.3
188.8
187.2
185.8
184.1
182.8
181.4
179.6
178.1
176.4
174.6
172.8
171.4
170.0
168.5
166.7
165.0
163.0
161.4
160.0
158.2
156.1
154.1
151.8
149.6
148.0
146.0
144.1
142.2
140.1
138.0
135.5
133.1
130.4
127.7
124.8
121.6
118.5
115.2
112.3
109.6
106.8
103.6
99.8
95.8
91.8
88.0
84.4
81.0
77.3
73.8
70.3
66.9
63.6
60.5
57.7
54.7
51.8
48.8
45.8
42.9
39.9
36.8
33.9
31.2
28.8
26.7
24.7
22.7
20.8
18.9
17.2
15.6
14.3
13.2
11.9
10.7
9.3
8.0
6.6
5.3
4.2
3.0
2.1
1.4
0.6
-0.1
-1.1
-2.0
-2.8
-3.3
-3.6
-3.7
-3.7
-4.0
-4.2
-4.5
-4.9
-5.1
-5.3
-5.6
-5.8
-5.9
-6.3
-6.5
-6.8
-7.0
-6.9
-7.0
-7.1
-7.3
-7.6
-8.0
-7.9
-7.9
-8.1
-8.2
-8.5
-8.7
-8.9
-9.2
-9.5
-10.1
-10.5
-10.8
-11.2
-11.8
-12.2
-12.4
-12.5
-12.6
-13.0
-13.6
-14.2
-15.2
-16.0
-16.9
-17.7
-17.8
-18.1
-18.2
-18.4
-19.0
-19.5
-20.0
-20.4
-20.7
-21.1
-21.4
-21.6
-21.7
-21.4
-21.4
-21.7
-22.1
-22.6
-22.9
-23.2
-23.3
-23.3
-23.3
-23.2
-23.2
-23.5
-23.7
-23.5
-23.2
-22.6
-22.1
-22.1
-22.2
-22.1
-21.7
-21.5
-21.1
-20.9
-21.0
-20.8
-20.6
-20.4
-20.2
-20.1
-20.1
-20.3
-20.3
-20.1
-19.6
-19.1
-19.2
-19.4
-19.6
-19.9
-19.6
-19.4
-19.3
-19.3
-19.4
-19.5
-19.7
-20.0
-20.5
-21.1
-21.8
-22.5
-23.1
-23.6
-24.1
-24.7
-25.7
-26.5
-27.4
-28.1
-28.8
-29.6
-30.4
-31.3
-32.1
-32.9
-33.7
-34.7
-35.7
-36.6
-37.4
-38.0
-38.6
-39.2
-40.1
-40.8
-41.7
-42.6
-43.3
-44.0
-44.8
-45.6
-46.4
-47.2
-48.0
-48.7
-49.2
-49.6
-49.8
-50.0
-50.5
-51.0
-51.6
-52.2
-52.6
-52.9
-53.2
-53.5
-53.8
-54.0
-54.4
-54.7
-54.9
-55.0
-55.2
-55.4
-55.6
-56.0
-56.2
-56.3
-56.5
-56.5
-56.5
-56.4
-56.4
-56.5
-56.7
-56.9
-57.2
-57.4
-57.8
-58.1
-58.4
-58.5
-58.6
-58.8
-58.9
-58.9
-59.0
-58.9
-58.7
-58.8
-58.9
-59.0
-59.1
-59.1
-59.1
-59.0
-59.0
-59.1
-59.2
-59.2
-59.3
-59.3
-59.3
-59.3
-59.4
-59.6
-59.7
-59.7
-59.7
-59.8
-59.7
-59.8
-59.8
-59.7
-59.6
-59.8
-59.7
-59.7
-59.8
-59.8
-59.6
-59.7
-59.8
-59.9
-60.2
-60.5
-60.5
-60.5
-60.5
-60.4
-60.4
-60.4
-60.3
-60.2
-60.1
-59.9
-59.8
-59.7
-59.6
-59.7
-59.9
-59.9
-60.0
-59.7
-59.5
-59.4
-59.3
-59.5
-59.6
-59.5
-59.4
-59.2
-59.0
-58.8
-58.7
-58.4
-58.0
-57.7
-57.2
-57.1
-57.1
-57.3
-57.6
-57.7
-57.9
-57.7
-57.5
-57.6
-57.6
-57.5
-57.3
-56.9
-56.7
-56.7
-56.9
-57.0
-57.0
-56.8
-56.6
-56.4
-56.2
-56.2
-56.0
-55.8
-55.6
-55.5
-55.7
-55.9
-56.3
-56.6
-56.7
-56.6
-56.4
-56.3
-56.1
-56.0
-55.9
-55.8
-55.7
-55.4
-55.2
-54.9
-54.6
-54.5
-54.4
-54.2
-54.2
-54.0
-53.8
-53.5
-53.3
-53.2
-53.0
-52.9
-52.9
-52.9
-52.7
-52.6
-52.4
-52.3
-52.1
-51.9
-51.7
-51.4
-51.2
-51.0
-50.8
-50.6
-50.4
-50.0
-49.9
-49.9
-49.9
-50.0
-50.0
-49.9
-49.8
-49.6
-49.4
-49.2
-49.0
-48.9
-49.1
-49.1
-49.1
-49.0
-48.9
-48.7
-48.7
-48.6
-48.2
-47.9
-47.5
-47.2
-47.2
-47.1
-47.1
-47.1
-47.0
-46.8
-46.7
-46.6
-46.7
-46.7
-46.6
-46.2
-45.9
-45.5
-45.2
-45.1
-44.9
-44.8
-44.6
-44.2
-43.9
-43.5
-43.4
-43.5
-43.7
-43.8
-43.7
-43.5
-43.3
-43.4
-43.5
-43.6
-43.4
-43.0
-42.6
-42.3
-42.2
-42.2
-41.9
-41.4
-40.8
-40.3
-40.1
-40.2
-40.4
-40.7
-40.7
-40.6
-40.4
-40.3
-40.4
-40.5
-40.7
-40.7
-40.6
-40.2
-39.7
-39.3
-39.0
-38.8
-38.6
-38.3
-37.9
-37.5
-37.0
-36.8
-36.7
-36.5
-36.3
-36.0
-35.9
-35.9
-36.1
-36.1
-36.0
-36.0
-35.9
-35.8
-35.8
-35.6
-35.5
-35.5
-35.4
-35.1
-34.8
-34.2
-33.9
-33.8
-33.8
-33.9
-33.9
-33.9
-33.9
-33.9
-34.0
-34.1
-33.9
-33.8
-33.7
-33.7
-33.9
-34.1
-34.3
-34.4
-34.1
-34.0
-33.8
-33.6
-33.5
-33.3
-33.1
-32.8
-32.6
-32.5
-32.2
-32.1
-32.2
-32.1
-32.0
-32.0
-32.0
-31.9
-31.8
-31.7
-31.5
-31.3
-31.3
-31.3
-31.2
-31.1
-31.0
-31.0
-30.9
-30.7
-30.5
-30.1
-29.9
-29.8
-29.9
-29.9
-30.0
-30.0
-30.0
-30.0
-29.9
-30.0
-30.1
-30.1
-30.3
-30.4
-30.4
-30.4
-30.5
-30.3
-30.2
-30.0
-29.8
-29.8
-30.0
-30.1
-30.0
-30.0
-29.9
-29.8
-30.0
-30.2
-30.2
-30.3
-30.3
-30.2
-30.4
-30.4
-30.3
-30.3
-30.1
-30.0
-29.7
-29.5
-29.4
-29.2
-29.4
-29.7
-29.8
-30.0
-29.9
-29.7
-29.7
-29.5
-29.5
-29.7
-29.7
-29.7
-29.7
-29.7
-29.6
-29.8
-29.9
-29.9
-29.8
-29.8
-29.7
-29.7
-29.8
-29.9
-29.9
-30.0
-29.8
-29.5
-29.4
-29.3
-29.4
-29.6
-29.7
-29.6
-29.5
-29.2
-29.1
-28.9
-28.9
-28.8
-28.7
-28.7
-28.6
-28.6
-28.8
-28.9
-28.9
-28.8
-28.7
-28.6
-28.6
-28.6
-28.5
-28.7
-28.9
-29.2
-29.5
-29.6
-29.7
-29.7
-29.7
-29.7
-29.7
-29.9
-30.1
-30.4
-30.7
-30.9
-30.9
-30.8
-30.7
-30.5
-30.5
-30.5
-30.5
-30.4
-30.4
-30.4
-30.5
-30.7
-30.8
-30.9
-31.0
-30.8
-30.7
-30.6
-30.3
-30.2
-30.0
-30.1
-30.2
-30.3
-30.3
-30.2
-29.9
-29.6
-29.5
-29.4
-29.4
-29.3
-29.4
-29.4
-29.3
-29.4
-29.4
-29.5
-29.4
-29.4
-29.4
-29.3
-29.2
-29.0
-28.7
-28.3
-28.2
-28.2
-28.2
-28.2
-28.1
-27.9
-27.8
-27.7
-27.5
-27.4
-27.4
-27.7
-28.0
-28.2
-28.3
-28.1
-27.9
-27.6
-27.3
-27.3
-27.2
-27.2
-27.2
-27.0
-26.9
-27.0
-27.2
-27.5
-27.7
-27.8
-27.7
-27.5
-27.2
-27.0
-27.0
-27.1
-27.4
-27.7
-27.8
-27.9
-27.8
-27.5
-27.2
-27.1
-27.1
-27.1
-27.2
-27.2
-27.4
-27.5
-27.6
-27.7
-27.9
-27.9
-28.0
-28.1
-28.1
-28.2
-28.3
-28.3
-28.1
-27.9
-27.7
-27.6
-27.5
-27.3
-27.1
-26.8
-26.8
-26.7
-26.6
-26.6
-26.6
-26.5
-26.5
-26.7
-26.7
-26.8
-26.9
-27.0
-27.0
-27.1
-27.1
-27.2
-27.1
-27.0
-26.8
-26.6
-26.6
-26.5
-26.5
-26.4
-26.1
-25.8
-25.6
-25.4
-25.3
-25.1
-25.3
-25.6
-25.9
-26.0
-26.0
-25.9
-25.7
-25.7
-25.7
-25.6
-25.5
-25.5
-25.6
-25.8
-25.8
-25.7
-25.5
-25.1
-24.7
-24.2
-24.1
-24.0
-24.1
-24.3
-24.3
-24.4
-24.4
-24.3
-24.3
-24.1
-24.2
-24.2
-24.2
-24.2
-24.1
-24.0
-24.0
-24.0
-24.1
-24.1
-24.1
-24.1
-24.0
-23.8
-23.6
-23.4
-23.3
-23.4
-23.5
-23.5
-23.5
-23.3
-23.2
-23.1
-23.1
-23.0
-23.0
-22.8
-22.7
-22.5
-22.6
-22.8
-22.8
-23.0
-22.8
-22.6
-22.3
-22.1
-22.0
-21.8
-21.7
-21.7
-21.8
-21.9
-22.1
-22.1
-22.0
-21.9
-21.8
-21.8
-21.6
-21.4
-21.3
-21.0
-20.8
-20.8
-20.7
-20.8
-20.8
-20.8
-20.7
-20.6
-20.6
-20.7
-20.7
-20.6
-20.4
-20.1
-19.8
-19.7
-19.7
-19.7
-19.6
-19.5
-19.3
-19.2
-19.1
-19.1
-19.0
-19.2
-19.3
-19.2
-19.1
-18.8
-18.6
-18.6
-18.8
-18.9
-19.0
-18.8
-18.8
-18.7
-18.6
-18.5
-18.5
-18.4
-18.3
-18.3
-18.3
-18.4
-18.5
-18.7
-18.8
-18.7
-18.7
-18.5
-18.3
-18.3
-18.5
-18.7
-18.7
-18.4
-18.1
-17.7
-17.6
-17.8
-17.9
-18.2
-18.3
-18.2
-18.0
-17.8
-17.6
-17.5
-17.4
-17.2
-17.2
-17.2
-17.2
-17.3
-17.3
-17.3
-17.2
-17.2
-17.2
-17.1
-16.9
-16.6
-16.5
-16.5
-16.4
-16.4
-16.3
-16.1
-16.0
-16.1
-16.3
-16.6
-16.8
-16.9
-16.7
-16.5
-16.4
-16.3
-16.3
-16.5
-16.7
-17.1
-17.4
-17.4
-17.4
-17.3
-17.1
-17.0
-17.0
-17.1
-17.3
-17.5
-17.6
-17.8
-18.0
-18.1
-18.2
-18.2
-18.4
-18.5
-18.7
-19.0
-19.2
-19.4
-19.4
-19.3
-19.2
-19.3
-19.4
-19.5
-19.5
-19.4
-19.2
-19.1
-19.0
-18.9
-18.8
-18.7
-18.5
-18.4
-18.5
-18.7
-18.8
-19.0
-19.0
-19.0
-19.0
-18.9
-18.8
-18.6
-18.5
-18.7
-18.8
-19.1
-19.4
-19.5
-19.6
-19.7
-19.7
-19.8
-19.9
-19.9
-19.7
-19.6
-19.5
-19.3
-19.3
-19.4
-19.4
-19.6
-19.8
-20.1
-20.2
-20.2
-20.1
-20.0
-20.0
-19.9
-19.7
-19.7
-19.7
-19.7
-19.9
-19.7
-19.6
-19.3
-19.1
-19.1
-19.1
-19.0
-18.9
-18.9
-18.8
-18.7
-18.7
-18.6
-18.4
-18.4
-18.2
-18.4
-18.6
-18.7
-18.8
-18.7
-18.4
-18.4
-18.4
-18.5
-18.4
-18.5
-18.5
-18.6
-18.8
-19.0
-19.2
-19.3
-19.5
-19.5
-19.6
-19.6
-19.5
-19.5
-19.3
-19.2
-19.3
-19.5
-19.6
-19.7
-19.8
-19.9
-19.9
-19.8
-19.6
-19.4
-19.4
-19.5
-19.8
-19.9
-19.9
-19.8
-19.6
-19.5
-19.4
-19.3
-19.5
-19.5
-19.6
-19.6
-19.6
-19.6
-19.7
-19.7
-19.7
-19.6
-19.5
-19.4
-19.4
-19.5
-19.6
-19.6
-19.8
-19.9
-20.0
-20.1
-20.1
-20.0
-19.8
-19.8
-20.0
-20.2
-20.6
-20.7
-20.5
-20.4
-20.3
-20.4
-20.5
-20.7
-20.8
-20.7
-20.7
-20.7
-20.7
-20.8
-20.8
-20.7
-20.6
-20.5
-20.3
-20.2
-20.1
-20.1
-20.3
-20.7
-20.9
-21.0
-20.9
-20.8
-20.7
-20.5
-20.3
-20.0
-19.8
-19.6
-19.6
-19.5
-19.5
-19.5
-19.5
-19.5
-19.4
-19.1
-18.8
-18.4
-18.2
-18.2
-18.2
-18.3
-18.3
-18.3
-18.3
-18.1
-18.0
-17.9
-17.9
-18.0
-18.3
-18.7
-19.0
-19.3
-19.3
-19.1
-19.0
-19.0
-19.2
-19.5
-19.8
-20.0
-20.0
-19.9
-19.9
-19.6
-19.6
-19.6
-19.6
-19.8
-20.0
-20.0
-20.1
-20.1
-20.1
-20.1
-20.3
-20.3
-20.3
-20.1
-19.9
-19.6
-19.2
-19.0
-18.7
-18.6
-18.7
-18.9
-19.0
-19.1
-18.9
-18.8
-18.7
-18.7
-18.7
-18.7
-18.7
-18.7
-18.8
-18.9
-19.0
-19.0
-19.1
-19.1
-19.0
-18.9
-18.8
-18.9
-19.1
-19.5
-19.8
-19.9
-20.0
-19.9
-20.0
-20.1
-20.2
-20.5
-20.6
-20.8
-21.1
-21.1
-21.0
-20.9
-21.0
-21.2
-21.7
-22.0
-22.0
-21.8
-21.7
-21.5
-21.5
-21.5
-21.3
-21.1
-20.8
-20.6
-20.4
-20.3
-20.2
-20.2
-20.1
-20.0
-19.9
-19.8
-19.7
-19.7
-19.5
-19.2
-19.0
-18.7
-18.6
-18.5
-18.6
-18.6
-18.6
-18.6
-18.5
-18.4
-18.2
-18.2
-18.1
-18.1
-18.0
-17.8
-17.7
-17.8
-18.0
-18.3
-18.4
-18.3
-18.0
-17.8
-17.7
-17.6
-17.6
-17.6
-17.5
-17.5
-17.5
-17.4
-17.5
-17.6
-17.6
-17.6
-17.4
-17.1
-16.9
-16.7
-16.4
-16.0
-15.6
-15.1
-14.8
-14.7
-14.6
-14.7
-14.6
-14.4
-14.2
-14.0
-13.9
-14.0
-14.2
-14.2
-14.2
-13.9
-13.4
-13.0
-12.5
-12.3
-12.2
-12.2
-12.3
-12.2
-12.0
-11.8
-11.8
-11.7
-11.7
-11.7
-11.6
-11.4
-11.1
-10.9
-10.8
-10.5
-10.3
-9.9
-9.6
-9.3
-9.2
-9.3
-9.4
-9.4
-9.3
-9.2
-9.1
-9.0
-8.8
-8.6
-8.3
-8.1
-7.9
-7.9
-7.6
-7.4
-7.2
-7.1
-6.9
-6.8
-6.6
-6.3
-6.1
-6.0
-5.8
-5.9
-5.9
-6.0
-6.0
-5.9
-5.6
-5.4
-5.3
-5.2
-5.1
-5.0
-4.8
-4.7
-4.6
-4.6
-4.6
-4.5
-4.5
-4.3
-4.2
-4.0
-3.9
-3.9
-3.9
-3.9
-4.0
-3.8
-3.7
-3.6
-3.4
-3.3
-3.4
-3.5
-3.5
-3.4
-3.3
-3.0
-2.7
-2.6
-2.5
-2.6
-2.7
-2.8
-2.7
-2.5
-2.3
-2.3
-2.2
-2.0
-1.9
-1.8
-2.0
-2.1
-2.2
-2.1
-1.9
-1.7
-1.7
-1.7
-1.7
-1.7
-1.5
-1.3
-1.2
-1.0
-0.8
-0.6
-0.4
-0.2
-0.1
0.0
0.0
0.2
0.5
0.7
1.0
1.1
1.0
1.1
1.2
1.3
1.5
1.6
1.6
1.6
1.6
1.6
1.8
1.9
2.1
2.2
2.1
2.0
2.0
2.1
2.2
2.4
2.4
2.4
2.4
2.6
2.8
3.1
3.4
3.5
3.4
3.2
3.2
3.2
3.4
3.6
3.7
3.5
3.4
3.3
3.4
3.5
3.8
4.1
4.4
4.5
4.6
4.4
4.2
4.2
4.3
4.5
4.6
4.6
4.4
4.2
4.0
3.9
3.8
3.7
3.5
3.5
3.5
3.4
3.5
3.5
3.5
3.4
3.2
3.0
2.9
2.8
2.8
2.8
2.9
2.8
2.6
2.5
2.3
2.2
2.1
2.1
2.1
1.9
1.7
1.4
1.1
1.0
1.0
1.0
1.0
0.9
0.9
0.9
1.0
1.0
0.9
0.8
0.5
0.5
0.3
0.1
-0.1
-0.4
-0.5
-0.5
-0.4
-0.4
-0.5
-0.6
-0.5
-0.5
-0.3
-0.3
-0.4
-0.3
-0.4
-0.3
-0.3
-0.2
0.0
0.1
0.1
0.0
-0.2
-0.3
-0.2
0.0
0.1
0.1
0.0
-0.1
-0.3
-0.4
-0.4
-0.5
-0.6
-0.6
-0.6
-0.6
-0.6
-0.7
-0.8
-0.9
-1.0
-1.0
-1.1
-1.2
-1.2
-1.3
-1.2
-1.2
-1.2
-1.3
-1.6
-1.8
-2.1
-2.5
-2.9
-3.1
-3.3
-3.4
-3.5
-3.7
-4.0
-4.3
-4.6
-4.7
-4.7
-4.4
-4.2
-4.0
-3.9
-4.0
-4.0
-4.0
-4.0
-4.2
-4.3
-4.3
-4.2
-3.9
-3.7
-3.5
-3.6
-3.9
-4.3
-4.6
-4.7
-4.7
-4.7
-4.9
-5.2
-5.4
-5.5
-5.4
-5.3
-5.3
-5.3
-5.3
-5.3
-5.2
-5.3
-5.5
-5.7
-5.9
-5.9
-5.8
-5.8
-5.6
-5.5
-5.5
-5.6
-5.8
-6.0
-6.1
-6.2
-6.2
-6.3
-6.4
-6.2
-6.0
-5.9
-5.8
-6.0
-6.0
-6.1
-6.1
-6.1
-6.0
-5.9
-5.9
-5.8
-5.7
-5.8
-5.7
-5.9
-6.2
-6.4
-6.5
-6.4
-6.5
-6.5
-6.5
-6.6
-6.5
-6.4
-6.3
-6.5
-6.8
-7.1
-7.4
-7.6
-7.6
-7.6
-7.6
-7.7
-7.8
-7.9
-7.8
-7.8
-7.9
-7.9
-8.0
-8.0
-7.9
-7.9
-7.8
-7.8
-7.7
-7.5
-7.3
-7.3
-7.4
-7.5
-7.6
-7.5
-7.3
-7.0
-6.9
-7.1
-7.2
-7.5
-7.8
-7.9
-8.1
-8.2
-8.3
-8.3
-8.3
-8.2
-8.1
-8.2
-8.2
-8.3
-8.5
-8.5
-8.6
-8.6
-8.3
-8.1
-8.0
-8.0
-8.0
-8.0
-7.9
-7.6
-7.5
-7.3
-7.3
-7.3
-7.3
-7.4
-7.5
-7.5
-7.4
-7.3
-7.2
-7.3
-7.4
-7.5
-7.7
-7.9
-7.9
-7.9
-7.8
-7.6
-7.6
-7.6
-7.7
-7.6
-7.4
-7.2
-7.2
-7.3
-7.4
-7.5
-7.5
-7.6
-7.6
-7.5
-7.3
-7.1
-7.0
-7.1
-7.2
-7.3
-7.4
-7.5
-7.4
-7.4
-7.4
-7.3
-7.1
-6.9
-6.7
-6.5
-6.6
-6.9
-7.2
-7.4
-7.3
-7.1
-6.9
-6.7
-6.7
-6.9
-7.2
-7.4
-7.5
-7.5
-7.3
-7.2
-7.3
-7.3
-7.4
-7.5
-7.6
-7.6
-7.8
-8.0
-8.3
-8.6
-9.0
-9.1
-9.3
-9.4
-9.5
-9.6
-9.7
-9.8
-10.0
-10.1
-10.1
-10.1
-10.1
-10.1
-10.3
-10.6
-10.8
-11.2
-11.6
-11.9
-12.2
-12.3
-12.4
-12.4
-12.5
-12.6
-12.7
-12.7
-12.7
-12.6
-12.8
-13.0
-13.2
-13.4
-13.6
-14.0
-14.3
-14.7
-15.0
-15.1
-15.4
-15.8
-16.2
-16.6
-16.9
-17.1
-17.2
-17.1
-17.0
-16.9
-17.1
-17.4
-17.8
-18.1
-18.1
-18.1
-18.0
-17.9
-18.0
-18.1
-18.2
-18.3
-18.4
-18.2
-18.1
-18.0
-17.8
-17.9
-18.0
-18.0
-17.9
-17.8
-17.7
-17.8
-18.0
-18.2
-18.3
-18.3
-18.2
-18.3
-18.4
-18.4
-18.4
-18.3
-18.2
-18.1
-18.0
-17.9
-18.0
-18.2
-18.4
-18.7
-18.9
-19.0
-19.3
-19.5
-19.7
-19.8
-19.7
-19.5
-19.4
-19.4
-19.7
-19.9
-20.0
-20.0
-20.1
-20.2
-20.6
-21.0
-21.2
-21.5
-21.6
-21.7
-21.8
-21.7
-21.7
-21.7
-21.6
-21.5
-21.6
-21.8
-22.2
-22.4
-22.4
-22.4
-22.4
-22.5
-22.9
-23.1
-23.3
-23.3
-23.1
-22.9
-22.8
-22.7
-22.8
-23.0
-23.1
-23.3
-23.3
-23.2
-23.4
-23.5
-23.6
-23.5
-23.3
-23.1
-23.1
-23.1
-23.3
-23.3
-23.1
-22.8
-22.4
-22.3
-22.2
-22.3
-22.4
-22.5
-22.6
-22.6
-22.6
-22.7
-22.7
-22.5
-22.3
-22.1
-21.9
-21.8
-21.9
-21.8
-21.9
-22.0
-22.0
-21.9
-21.7
-21.4
-21.2
-20.9
-20.7
-20.5
-20.4
-20.2
-20.1
-20.1
-20.0
-20.1
-20.2
-20.1
-20.0
-19.9
-19.8
-19.6
-19.5
-19.5
-19.5
-19.4
-19.4
-19.3
-19.2
-19.2
-19.3
-19.3
-19.2
-19.2
-19.1
-19.1
-18.9
-18.5
-18.1
-17.7
-17.4
-17.3
-17.3
-17.3
-17.2
-17.2
-17.0
-16.9
-16.9
-17.0
-17.0
-16.8
-16.6
-16.4
-16.2
-16.1
-16.0
-16.0
-16.1
-16.2
-16.2
-16.3
-16.1
-15.7
-15.5
-15.1
-14.8
-14.7
-14.6
-14.6
-14.8
-14.9
-14.9
-14.9
-14.9
-14.8
-14.6
-14.6
-14.6
-14.4
-14.3
-14.1
-14.0
-13.9
-13.9
-14.0
-14.1
-14.0
-14.0
-13.7
-13.5
-13.3
-13.3
-13.4
-13.5
-13.6
-13.7
-13.7
-13.7
-13.7
-13.7
-13.8
-13.8
-13.8
-13.8
-13.8
-13.6
-13.5
-13.5
-13.4
-13.4
-13.4
-13.3
-13.3
-13.2
-13.1
-13.2
-13.1
-13.1
-13.1
-13.0
-12.9
-13.0
-13.1
-13.0
-12.9
-12.8
-12.7
-12.7
-12.8
-13.0
-13.1
-13.3
-13.5
-13.6
-13.5
-13.1
-12.7
-12.3
-12.1
-12.0
-12.2
-12.2
-12.2
-12.3
-12.3
-12.1
-12.1
-12.1
-12.0
-12.0
-12.1
-12.2
-12.4
-12.5
-12.4
-12.4
-12.4
-12.4
-12.3
-12.2
-11.8
-11.3
-11.0
-10.8
-10.7
-10.9
-11.1
-11.2
-11.3
-11.2
-10.8
-10.6
-10.5
-10.6
-10.6
-10.6
-10.6
-10.4
-10.2
-10.1
-10.0
-10.1
-10.2
-10.4
-10.3
-10.2
-10.1
-9.9
-9.8
-9.6
-9.5
-9.7
-9.8
-9.9
-10.0
-9.8
-9.6
-9.4
-9.3
-9.1
-9.0
-9.0
-8.8
-8.6
-8.4
-8.2
-8.2
-8.3
-8.3
-8.3
-8.2
-8.0
-8.0
-7.8
-7.8
-7.8
-7.9
-8.1
-8.2
-8.2
-8.1
-7.9
-7.7
-7.6
-7.6
-7.5
-7.5
-7.6
-7.4
-7.2
-6.8
-6.5
-6.6
-6.8
-7.0
-7.0
-6.8
-6.6
-6.5
-6.5
-6.6
-6.6
-6.5
-6.3
-6.0
-5.7
-5.6
-5.7
-5.9
-5.9
-5.7
-5.3
-5.0
-4.7
-4.6
-4.5
-4.4
-4.4
-4.3
-4.3
-4.3
-4.2
-4.3
-4.3
-4.3
-4.2
-4.0
-3.8
-3.5
-3.3
-3.1
-3.0
-3.0
-2.9
-3.0
-2.9
-2.9
-2.9
-2.9
-2.8
-2.7
-2.5
-2.4
-2.5
-2.5
-2.5
-2.5
-2.3
-2.0
-1.9
-1.8
-1.7
-1.6
-1.3
-1.2
-0.9
-0.9
-0.9
-1.1
-1.1
-1.1
-1.1
-1.0
-0.9
-0.8
-0.8
-1.0
-1.1
-1.2
-1.2
-1.0
-0.8
-0.6
-0.6
-0.6
-0.5
-0.1
0.3
0.7
0.7
0.4
0.1
0.0
0.1
0.4
0.5
0.5
0.6
0.6
0.6
0.5
0.4
0.3
0.2
0.1
0.3
0.3
0.3
0.4
0.5
0.7
0.9
1.0
1.0
0.8
0.8
0.6
0.8
0.9
0.9
0.9
0.9
0.7
0.7
0.7
0.5
0.4
0.2
0.0
0.0
0.3
0.6
1.0
1.4
1.5
1.3
1.2
1.1
1.0
1.0
1.0
0.8
0.6
0.3
0.0
-0.2
-0.2
-0.2
0.0
0.0
0.1
0.1
0.1
0.3
0.5
0.8
1.0
1.2
1.3
1.2
1.1
1.0
0.8
0.6
0.3
0.1
0.0
0.0
0.0
-0.1
-0.2
-0.1
0.0
0.0
0.1
0.0
0.0
0.1
0.0
-0.1
0.0
-0.1
0.0
0.2
0.2
0.3
0.2
0.0
-0.1
-0.2
-0.3
-0.3
-0.3
-0.3
-0.3
-0.3
-0.3
-0.2
-0.2
-0.2
-0.1
-0.2
-0.3
-0.3
-0.3
-0.3
-0.2
-0.1
0.0
0.0
0.0
0.1
0.0
0.0
0.0
-0.3
-0.5
-0.7
-0.8
-1.0
-1.0
-0.9
-0.8
-0.7
-0.6
-0.8
-1.0
-1.0
-0.9
-0.8
-0.6
-0.6
-0.8
-0.9
-0.8
-0.9
-0.9
-1.2
-1.5
-1.8
-1.9
-2.0
-2.0
-1.8
-1.8
-1.8
-1.9
-1.9
-2.0
-2.0
-1.9
-1.8
-1.8
-1.9
-2.0
-2.2
-2.4
-2.5
-2.5
-2.4
-2.2
-1.9
-1.5
-1.3
-1.2
-1.2
-1.3
-1.6
-1.9
-2.1
-2.3
-2.4
-2.6
-2.5
-2.4
-2.4
-2.4
-2.4
-2.6
-2.7
-2.7
-3.0
-3.3
-3.5
-3.5
-3.2
-3.0
-2.9
-2.9
-3.1
-3.2
-3.4
-3.5
-3.6
-3.8
-4.0
-4.1
-4.2
-4.3
-4.3
-4.3
-4.5
-4.5
-4.5
-4.5
-4.4
-4.4
-4.2
-4.3
-4.3
-4.3
-4.4
-4.4
-4.2
-4.1
-4.0
-4.0
-4.1
-4.3
-4.4
-4.5
-4.5
-4.5
-4.5
-4.5
-4.7
-4.9
-5.0
-5.1
-5.1
-5.1
-5.1
-5.1
-4.9
-4.8
-4.8
-4.9
-5.0
-5.1
-5.1
-5.0
-5.2
-5.3
-5.6
-6.0
-6.2
-6.2
-5.9
-5.3
-4.6
-4.2
-4.1
-4.4
-4.8
-5.4
-5.9
-6.3
-6.5
-6.6
-6.6
-6.3
-6.0
-5.6
-5.4
-5.2
-5.2
-5.2
-5.3
-5.6
-6.0
-6.5
-6.8
-7.1
-7.4
-7.6
-7.9
-8.0
-7.9
-7.8
-7.7
-7.6
-7.6
-7.5
-7.5
-7.3
-7.1
-6.9
-6.7
-6.6
-6.6
-6.7
-6.8
-6.9
-7.0
-7.0
-6.9
-6.9
-6.8
-6.6
-6.3
-5.8
-5.4
-5.1
-5.1
-5.2
-5.2
-5.3
-5.4
-5.5
-5.7
-6.0
-6.2
-6.4
-6.5
-6.2
-5.9
-5.5
-5.2
-5.2
-5.3
-5.3
-5.4
-5.3
-5.2
-5.2
-5.2
-5.2
-5.2
-5.2
-5.0
-4.9
-4.8
-4.8
-4.9
-5.0
-5.0
-5.0
-5.2
-5.4
-5.4
-5.5
-5.3
-5.2
-5.1
-5.0
-5.0
-4.9
-4.7
-4.6
-4.6
-4.7
-4.9
-5.1
-5.2
-5.3
-5.4
-5.5
-5.5
-5.5
-5.5
-5.6
-5.5
-5.4
-5.2
-5.1
-5.1
-5.1
-5.2
-5.4
-5.5
-5.6
-5.8
-5.8
-5.7
-5.8
-5.8
-5.7
-5.7
-5.8
-5.9
-6.2
-6.3
-6.3
-6.5
-6.5
-6.5
-6.5
-6.4
-6.2
-6.2
-6.4
-6.4
-6.4
-6.4
-6.4
-6.4
-6.5
-6.5
-6.4
-6.2
-6.1
-6.0
-5.9
-5.9
-6.0
-6.3
-6.6
-6.6
-6.4
-6.2
-6.1
-6.2
-6.3
-6.4
-6.3
-6.3
-6.4
-6.5
-6.5
-6.4
-6.3
-6.2
-6.2
-6.1
-6.1
-5.9
-5.6
-5.5
-5.4
-5.4
-5.6
-5.7
-5.8
-5.8
-5.7
-5.6
-5.7
-5.7
-5.8
-5.9
-5.8
-5.6
-5.6
-5.5
-5.5
-5.6
-5.5
-5.3
-5.2
-5.0
-5.0
-4.9
-4.9
-4.9
-4.9
-4.9
-5.0
-5.2
-5.3
-5.5
-5.6
-5.6
-5.5
-5.3
-5.1
-5.0
-5.1
-5.4
-5.5
-5.7
-5.7
-5.6
-5.5
-5.2
-5.0
-4.9
-4.9
-4.9
-4.9
-4.9
-4.8
-4.9
-5.0
-5.2
-5.3
-5.2
-5.1
-5.1
-5.4
-5.9
-6.3
-6.6
-6.7
-6.5
-6.2
-5.9
-5.7
-5.5
-5.5
-5.5
-5.6
-5.7
-5.7
-5.7
-5.6
-5.5
-5.5
-5.5
-5.8
-6.0
-6.2
-6.3
-6.3
-6.2
-6.1
-6.0
-6.0
-6.0
-6.0
-6.1
-6.1
-6.2
-6.2
-6.2
-6.1
-6.1
-6.0
-6.0
-6.1
-6.2
-6.2
-6.2
-6.1
-6.1
-6.1
-6.3
-6.6
-6.7
-6.8
-6.8
-6.8
-6.9
-7.0
-6.9
-6.8
-6.5
-6.3
-6.2
-6.3
-6.5
-6.7
-6.6
-6.4
-6.2
-6.2
-6.1
-6.1
-6.0
-5.6
-5.4
-5.4
-5.5
-5.8
-6.0
-6.1
-6.0
-5.9
-5.8
-5.8
-5.8
-5.8
-5.9
-6.0
-6.3
-6.4
-6.4
-6.3
-6.0
-5.9
-6.0
-6.2
-6.4
-6.5
-6.4
-6.1
-5.8
-5.3
-5.0
-5.0
-5.2
-5.5
-5.8
-6.0
-6.0
-6.0
-6.1
-6.1
-6.1
-6.2
-6.2
-6.2
-6.3
-6.4
-6.5
-6.6
-6.6
-6.6
-6.5
-6.4
-6.2
-6.0
-5.8
-5.8
-5.6
-5.7
-5.7
-5.8
-6.0
-6.2
-6.3
-6.4
-6.4
-6.4
-6.4
-6.4
-6.4
-6.4
-6.4
-6.4
-6.3
-6.3
-6.4
-6.6
-6.8
-7.0
-7.0
-6.8
-6.6
-6.5
-6.4
-6.4
-6.5
-6.7
-6.9
-6.9
-6.9
-6.8
-6.9
-7.2
-7.5
-7.7
-7.7
-7.5
-7.2
-7.2
-7.3
-7.7
-8.0
-8.1
-8.1
-7.7
-7.4
-7.3
-7.2
-7.2
-7.3
-7.1
-6.9
-6.9
-7.0
-7.0
-7.0
-6.9
-6.8
-6.9
-7.1
-7.2
-7.3
-7.5
-7.5
-7.6
-7.7
-7.9
-8.1
-8.2
-8.3
-8.2
-8.3
-8.3
-8.4
-8.4
-8.4
-8.4
-8.5
-8.6
-8.6
-8.6
-8.7
-8.7
-8.8
-8.8
-8.7
-8.6
-8.5
-8.6
-8.7
-8.8
-8.8
-8.8
-8.9
-8.8
-8.8
-8.7
-8.6
-8.7
-8.8
-8.9
-9.0
-8.9
-8.8
-8.7
-8.5
-8.5
-8.3
-8.1
-7.9
-7.9
-7.8
-7.9
-8.1
-8.2
-8.3
-8.3
-8.3
-8.3
-8.2
-8.1
-8.0
-7.8
-7.6
-7.7
-7.8
-8.1
-8.2
-8.2
-8.0
-7.9
-7.7
-7.7
-7.6
-7.6
-7.7
-7.7
-7.5
-7.5
-7.4
-7.4
-7.5
-7.4
-7.2
-6.9
-6.8
-7.0
-7.2
-7.5
-7.7
-7.7
-7.6
-7.5
-7.4
-7.5
-7.6
-7.6
-7.5
-7.4
-7.4
-7.4
-7.4
-7.4
-7.5
-7.5
-7.6
-7.5
-7.4
-7.2
-7.0
-6.9
-6.9
-6.9
-7.0
-7.1
-7.2
-7.4
-7.4
-7.3
-7.3
-7.3
-7.2
-7.4
-7.5
-7.6
-7.6
-7.6
-7.5
-7.3
-7.1
-6.9
-6.8
-6.8
-6.9
-6.9
-6.8
-6.7
-6.6
-6.4
-6.5
-6.5
-6.5
-6.3
-6.2
-6.0
-5.9
-5.8
-5.7
-5.4
-5.4
-5.5
-5.6
-5.7
-5.8
-5.9
-5.8
-5.7
-5.6
-5.6
-5.4
-5.4
-5.1
-4.8
-4.6
-4.5
-4.4
-4.4
-4.4
-4.4
-4.5
-4.6
-4.7
-4.5
-4.3
-4.1
-4.1
-4.0
-4.0
-3.9
-3.8
-3.9
-3.9
-4.0
-4.1
-3.9
-3.7
-3.5
-3.4
-3.4
-3.3
-3.3
-3.2
-3.3
-3.4
-3.5
-3.6
-3.6
-3.5
-3.4
-3.3
-3.2
-3.1
-3.1
-3.0
-3.2
-3.3
-3.4
-3.4
-3.2
-3.2
-3.1
-3.0
-3.0
-3.2
-3.2
-3.0
-2.9
-2.5
-2.3
-2.2
-2.3
-2.5
-2.7
-2.8
-2.7
-2.6
-2.2
-2.0
-1.9
-2.0
-2.2
-2.5
-2.7
-2.9
-3.0
-2.9
-2.7
-2.4
-2.2
-2.1
-2.2
-2.2
-2.0
-1.7
-1.3
-1.1
-1.0
-1.1
-1.4
-1.7
-1.8
-1.8
-1.6
-1.4
-1.3
-1.3
-1.4
-1.4
-1.3
-1.1
-1.1
-1.3
-1.4
-1.5
-1.4
-1.1
-0.7
-0.4
-0.3
-0.2
-0.4
-0.4
-0.3
-0.3
-0.2
-0.1
-0.2
-0.1
0.0
-0.1
-0.2
-0.3
-0.3
-0.2
-0.1
0.0
-0.1
-0.2
-0.2
-0.3
-0.3
-0.3
-0.1
0.0
0.0
0.2
0.2
0.2
0.1
0.0
-0.1
-0.1
0.0
0.0
0.1
0.2
0.1
0.1
0.0
0.0
0.0
-0.1
0.0
0.0
0.2
0.5
0.4
0.5
0.6
0.8
1.3
2.0
2.3
2.4
2.4
2.0
1.6
1.3
1.0
0.9
1.0
0.7
0.5
0.3
0.1
0.2
0.2
0.1
0.0
-0.3
-0.6
-0.8
-0.8
-0.7
-0.5
-0.5
-0.5
-0.7
-0.8
-1.0
-1.1
-1.2
-1.3
-1.3
-1.4
-1.5
-1.6
-1.8
-1.9
-2.0
-2.0
-2.0
-1.9
-1.7
-1.4
-0.9
-0.4
-0.2
0.0
-0.2
-0.5
-0.8
-1.0
-1.2
-1.3
-1.6
-1.9
-1.9
-1.7
-1.3
-0.7
-0.2
0.1
0.4
0.5
0.5
0.4
0.2
0.0
-0.2
-0.5
-0.7
-0.5
-0.2
0.0
0.2
0.2
-0.2
-1.0
-1.4
-1.7
-1.5
-0.9
-0.2
