-2.6
-3.5
-2.7
-3.4
-2.2
-2.1
-3.5
-3.4
-3.2
-2.8
-2.6
-3.3
-2.5
-2.0
-1.2
-2.4
-2.6
-2.2
-2.5
-2.8
-3.7
-3.2
-3.8
-4.6
-4.7
-5.0
-3.7
-3.4
-2.9
-2.8
-3.4
-3.2
-3.3
-3.5
-2.9
-2.5
-2.8
-2.1
-2.9
-3.0
-3.3
-3.9
-4.6
-5.0
-4.2
-3.7
-3.1
-3.8
-3.3
-2.9
-1.5
-2.2
-4.4
-3.4
-4.2
-3.9
-2.7
-3.3
-1.8
-2.1
-2.9
-2.9
-3.3
-2.8
-3.4
-4.3
-2.9
-3.6
-2.7
-3.0
-2.2
-2.4
-3.1
-3.0
-3.4
-2.8
-2.9
-3.3
-2.6
-2.7
-2.1
-1.3
-1.3
-2.5
-2.5
-2.7
-3.3
-3.7
-3.7
-3.1
-3.3
-2.2
-2.4
-2.2
-2.4
-2.9
-2.9
-1.9
-2.7
-2.4
-2.1
-2.8
-2.8
-2.1
-2.2
-1.4
-1.9
-1.6
-2.4
-1.9
-2.9
-2.6
-3.2
-3.6
-2.6
-2.5
-3.0
-2.9
-2.7
-3.1
-3.2
-2.5
-2.4
-2.3
-2.8
-2.9
-1.7
-1.7
-1.2
-1.5
-1.8
-2.7
-2.5
-2.7
-3.2
-2.8
-3.3
-3.5
-3.4
-3.4
-3.3
-3.8
-3.6
-2.8
-2.0
-2.0
-1.5
-1.7
-2.0
-2.7
-2.4
-2.5
-1.5
-2.4
-1.8
-3.3
-4.6
-3.5
-3.2
-3.1
-3.2
-3.1
-3.0
-3.3
-3.2
-4.0
-1.7
-3.0
-1.9
-0.7
-1.2
-1.8
-2.8
-3.4
-3.2
-5.0
-3.7
-3.5
-1.6
-1.9
-2.3
-2.1
-2.2
-2.8
-2.5
-2.3
-3.1
-3.6
-2.9
-2.5
-1.6
-2.4
-2.0
-2.2
-1.8
-2.4
-1.9
-2.0
-2.1
-2.5
-2.6
-3.0
-4.0
-3.4
-2.7
-1.9
-2.0
-2.3
-2.6
-2.0
-2.4
-2.8
-2.9
-3.2
-2.6
-1.9
-1.9
-1.3
-2.9
-4.0
-3.1
-3.1
-3.0
-3.7
-3.0
-2.4
-1.7
-2.5
-3.9
-3.5
-3.4
-1.7
-1.6
-1.9
-2.2
-1.2
-0.8
-0.4
-1.1
-1.2
-1.8
-1.1
-0.8
-0.5
0.0
-0.4
-0.6
0.0
0.1
0.2
0.1
0.9
1.7
1.2
-0.1
1.1
1.3
2.8
2.2
1.9
1.1
0.9
0.5
1.3
0.6
0.8
0.4
0.3
-0.3
-0.7
-1.1
-1.1
-1.4
-1.0
-0.7
-1.1
-1.2
-1.6
-2.0
-1.4
-2.6
-2.3
-2.3
-2.0
-1.9
-1.4
-3.6
-1.7
-2.2
-2.1
-1.5
-3.3
-3.4
-3.1
-3.6
-2.6
-2.8
-3.0
-1.9
-2.5
-2.6
-3.3
-2.0
-2.2
-1.4
-1.5
-1.7
-2.6
-3.2
-3.0
-2.5
-2.5
-2.4
-2.1
-2.0
-2.4
-2.7
-2.5
-3.1
-4.2
-3.7
-4.2
-2.4
-3.0
-2.9
-2.7
-2.2
-2.3
-3.0
-3.1
-2.2
-3.1
-2.6
-2.8
-2.8
-3.0
-3.2
-3.9
-3.3
-3.3
-3.2
-2.5
-3.2
-3.5
-3.1
-3.5
-4.1
-3.7
-3.6
-3.7
-3.5
-3.3
-3.2
-3.8
-3.2
-4.0
-4.6
-3.9
-3.9
-2.1
-3.1
-4.1
-3.9
-2.6
-3.6
-3.0
-3.8
-3.5
-3.4
-3.9
-4.4
-3.2
-2.8
-3.5
-4.4
-5.0
-3.6
-2.5
-2.1
-2.3
-3.1
-3.6
-3.2
-4.5
-3.1
-4.2
-5.0
-3.9
-4.6
-3.0
-2.9
-3.3
-3.1
-3.2
-3.0
-2.8
-1.6
-1.5
-2.4
-3.3
-3.8
-3.3
-2.4
-2.4
-2.7
-3.1
-3.4
-2.8
-2.8
-2.3
-3.2
-4.6
-5.6
-5.8
-5.0
-4.5
-3.1
-2.4
-2.0
-1.5
-2.1
-2.8
-3.7
-3.0
-2.7
-2.9
-2.5
-3.0
-3.3
-3.5
-3.7
-3.7
-3.9
-4.2
-3.7
-3.9
-3.3
-3.5
-3.7
-2.3
-3.6
-3.3
-3.2
-3.0
-3.3
-3.4
-3.9
-3.2
-3.6
-2.8
-3.2
-3.1
-3.5
-3.8
-4.0
-4.3
-5.3
-4.3
-3.2
-3.3
-2.5
-2.8
-3.2
-2.8
-3.2
-2.7
-3.1
-3.1
-4.1
-3.7
-3.9
-3.2
-3.3
-3.4
-2.7
-2.9
-4.6
-3.7
-3.5
-2.6
-2.9
-4.1
-3.2
-3.3
-2.9
-2.8
-4.0
-2.7
-3.0
-2.9
-3.5
-3.1
-3.7
-3.0
-3.3
-3.0
-2.3
-3.3
-3.1
-3.0
-4.0
-3.0
-3.6
-3.1
-3.4
-3.2
-3.6
-3.1
-3.1
-3.2
-2.9
-3.0
-3.2
-3.1
-3.2
-3.2
-3.1
-2.8
-3.3
-2.8
-2.7
-2.4
-2.7
-3.1
-3.9
-3.6
-3.5
-2.5
-2.7
-2.7
-2.4
-2.0
-1.4
-3.0
-3.3
-3.9
-2.8
-2.4
-2.5
-3.2
-3.5
-3.1
-2.5
-2.1
-1.9
-2.6
-3.4
-3.7
-2.7
-1.3
-1.4
-1.6
-2.1
-2.6
-3.3
-2.1
-2.5
-1.3
-0.8
-1.1
-1.1
-1.8
-2.2
-2.4
-1.7
-1.8
-1.3
-1.7
-1.3
-1.3
-1.8
-2.0
-2.6
-1.8
-1.5
-3.5
-2.8
-3.2
-2.5
-2.3
-1.8
-2.7
-2.0
-2.5
-3.1
-2.4
-2.4
-1.5
-1.2
-2.0
-3.2
-2.4
-1.6
-2.7
-2.3
-2.6
-1.7
-1.1
-1.1
-0.9
-0.6
-1.7
-2.4
-2.0
-2.4
-2.3
-2.3
-1.9
-2.5
-2.6
-2.5
-2.6
-2.3
-2.4
-2.7
-1.7
-2.9
-2.6
-3.0
-3.4
-3.2
-2.9
-2.3
-2.2
-2.7
-2.5
-2.2
-1.4
-1.6
-1.3
-1.5
-2.0
-1.8
-1.0
-0.2
-0.4
-1.2
-1.7
-1.1
-0.6
-1.2
0.0
0.4
0.6
0.7
0.0
0.0
0.0
-0.7
-1.0
-0.7
-0.2
-0.5
-1.6
-1.0
-2.3
-1.3
-2.1
-2.2
-1.0
-0.5
-1.0
-0.2
-0.9
-1.6
-3.0
-3.3
-3.4
-2.0
-1.6
-2.2
-2.4
-2.7
-2.5
-1.8
-2.1
-2.4
-2.7
-2.8
-2.3
-1.8
-1.0
-0.7
-1.9
-1.5
-2.1
-2.3
-2.4
-2.2
-2.3
-2.1
-3.2
-3.1
-2.3
-2.8
-1.4
-1.2
-1.0
-0.5
-1.3
-1.9
-1.8
-2.3
-1.2
-2.2
-2.6
-2.6
-1.8
-2.2
-2.4
-3.1
-2.3
-3.3
-4.5
-2.6
-2.6
-2.1
-1.6
-3.0
-3.3
-3.8
-3.8
-3.8
-4.4
-3.6
-3.7
-2.7
-2.8
-2.4
-2.5
-3.2
-4.1
-2.6
-2.5
-2.2
-2.2
-2.3
-2.5
-2.2
-2.1
-2.9
-2.9
-3.6
-3.3
-2.4
-2.7
-3.6
-4.7
-4.0
-3.5
-2.6
-2.4
-2.3
-2.6
-2.7
-1.2
-1.5
-3.2
-3.0
-3.0
-2.0
-2.3
-3.3
-2.8
-3.8
-2.7
-3.1
-2.8
-2.2
-1.8
-1.7
-1.9
-2.6
-2.0
-2.2
-2.2
-2.2
-3.2
-2.4
-2.5
-2.3
-1.3
-2.0
-1.9
-2.3
-3.4
-2.8
-2.5
-3.0
-2.4
-2.6
-2.6
-2.9
-3.4
-3.2
-3.0
-3.0
-2.0
-0.8
-1.4
-2.7
-2.7
-2.5
-2.2
-2.8
-2.9
-3.4
-4.6
-4.6
-3.9
-3.6
-2.2
-1.8
-1.0
0.0
-1.2
-1.1
-1.0
-2.2
-1.9
-2.1
-3.6
-2.5
-2.8
-2.7
-3.7
-3.8
-3.6
-3.7
-4.5
-3.0
-3.5
-2.5
-2.2
-2.9
-2.4
-2.9
-2.4
-2.5
-2.8
-3.4
-3.4
-3.6
-3.1
-2.4
-2.2
-2.6
-2.2
-1.8
-1.5
-2.4
-3.6
-3.7
-3.7
-3.1
-1.6
-2.0
-2.0
-2.1
-2.4
-3.1
-3.5
-2.4
-1.5
-0.6
-0.7
-1.8
-1.0
-2.1
-1.5
-2.3
-1.9
-3.6
-3.7
-3.2
-2.6
-2.0
-2.1
-3.2
-1.4
-1.7
-1.2
-1.1
-1.2
-1.3
-2.3
-3.2
-3.3
-2.2
-2.0
-1.5
-1.4
-2.0
-3.0
-4.6
-3.6
-3.6
-3.1
-3.1
-3.2
-2.2
-1.2
-1.7
-2.4
-3.1
-2.6
-3.1
-1.4
-1.5
-1.1
-0.6
-1.1
-2.2
-2.2
-2.5
-2.7
-2.6
-3.5
-3.5
-3.9
-3.6
-3.4
-3.4
-3.2
-2.1
-1.9
-2.0
-1.1
-0.8
-0.9
-0.8
-1.9
-1.1
-1.8
-2.3
-2.0
-1.9
-2.3
-3.2
-2.9
-2.4
-2.3
-3.0
-3.7
-2.6
-1.0
-1.4
-0.9
-2.1
-1.7
-1.7
-1.2
-0.6
0.1
0.8
1.2
1.5
2.3
3.0
3.1
3.1
2.3
2.7
2.3
2.2
2.1
2.1
2.7
3.1
3.6
3.5
2.0
2.7
1.1
2.0
1.8
2.3
1.6
1.2
1.2
1.5
1.8
1.5
0.4
0.0
-0.5
-0.6
-0.7
-2.0
-1.3
-0.1
1.7
1.3
0.8
0.0
-1.5
-1.1
-2.9
-0.2
-1.5
-1.2
-1.6
-1.2
-0.5
-1.0
-1.4
-0.9
-1.5
-2.0
-2.5
-1.1
-0.7
-0.2
-0.4
-1.4
-1.6
-2.6
-1.7
-1.3
-0.5
-0.9
-0.9
-1.1
-1.2
-1.9
-1.5
-1.2
-0.6
-1.0
-1.5
-1.7
-1.3
-0.7
-0.2
-0.9
-1.2
-2.2
-0.5
-0.6
0.0
-1.9
-1.2
-1.9
-1.7
-1.5
-1.0
-2.1
-1.6
-1.1
-0.7
-0.1
-1.4
-3.3
-2.7
-2.9
-1.3
0.0
0.7
-0.5
-0.7
-1.6
-1.4
-0.7
-0.2
-0.7
-0.9
-1.8
-2.1
-1.2
-0.9
-0.3
-0.5
-1.8
-1.3
-1.0
-1.0
-0.2
-1.2
-2.5
-2.2
-2.7
-2.6
-2.6
-1.8
-1.3
-0.6
-0.6
-0.6
-0.3
-0.7
-0.8
-1.7
-2.3
-1.6
-1.1
-0.6
-2.0
-1.1
-1.1
-0.5
-0.4
-1.1
-1.7
-1.7
-2.7
-1.3
-1.1
-1.2
-0.4
-1.8
-1.0
-0.3
0.0
0.7
0.0
-0.2
-0.3
-1.1
-2.4
-1.7
-1.3
-0.4
0.1
-0.5
0.0
0.1
0.2
-0.2
-0.5
-0.8
-0.5
-2.0
-1.9
-1.9
-1.7
-1.1
-1.0
-0.7
-0.6
-0.3
-0.4
0.7
0.5
1.4
1.4
2.0
3.2
3.2
3.7
4.5
3.0
3.1
2.3
1.5
2.6
2.1
2.7
3.2
3.4
4.4
4.2
5.0
4.0
4.8
4.5
3.5
3.0
1.1
1.8
1.9
1.8
1.7
1.7
1.4
1.1
0.9
0.2
0.2
-0.5
-0.1
0.4
1.0
0.2
0.4
-0.2
-0.6
-1.3
-0.7
-0.8
-0.4
0.1
0.8
1.5
0.4
0.1
1.1
-0.2
0.0
-1.3
-1.7
-2.5
-3.0
-1.6
-0.8
-0.3
-0.1
-0.3
-0.2
-0.7
-1.3
-2.0
-3.9
-4.2
-3.6
-3.0
-0.9
-1.1
-1.0
-0.9
-0.6
-1.4
-1.0
-2.5
-3.2
-2.2
-3.5
-1.6
-1.6
-0.6
0.1
0.2
0.0
0.8
-0.3
0.4
-2.0
-1.9
-2.9
-2.7
-2.7
-1.6
-1.6
-0.4
-1.1
-0.2
0.6
0.9
0.6
-0.1
-0.3
0.0
-0.5
-0.5
-1.9
-1.6
-0.3
0.0
-0.1
-0.4
-0.7
0.5
0.8
0.4
-0.3
0.4
-0.2
-0.6
-1.1
-1.2
-1.5
-1.5
-1.7
-2.2
-1.8
-1.8
-1.1
-0.4
-0.7
-0.6
-1.0
-0.4
-0.9
-0.7
-1.6
-1.0
-0.5
-1.2
-1.5
-2.4
-0.8
-0.5
-0.1
-0.3
0.1
-0.3
-1.1
0.0
-0.4
-0.9
-0.9
-1.1
-0.5
-0.1
-0.6
0.5
0.4
0.0
-0.8
-0.6
-1.5
-0.5
-0.1
0.6
0.0
-0.4
-0.5
-0.2
-1.1
-1.0
-1.4
-1.1
-1.8
-0.4
-0.9
-0.1
0.3
-0.5
0.0
0.0
0.3
0.0
-0.6
-0.9
0.2
-0.3
-0.4
-1.0
-0.3
-1.0
-0.3
0.1
0.8
0.3
-0.2
0.6
0.5
0.6
-0.2
-0.3
-0.6
0.0
-0.1
-0.7
-1.1
-0.9
-1.3
0.0
-0.6
-0.3
-0.6
-0.7
-0.2
-0.4
0.6
-0.7
-1.1
0.2
-0.1
0.0
-0.8
0.0
0.3
-0.2
-0.8
-0.5
-1.3
0.2
-0.4
-0.1
0.5
-0.5
-0.2
-0.2
-0.5
-0.9
-0.8
-1.0
-0.3
0.0
-0.4
-1.2
-1.4
-1.2
-1.3
-0.9
-0.7
-0.5
0.3
0.4
-0.5
-0.6
-1.2
-0.3
-0.4
-0.4
-1.1
-0.3
-1.0
-0.7
-0.9
-0.9
-0.6
-0.4
-0.3
0.0
-0.4
-0.9
-0.5
-1.1
-1.1
-0.9
-0.2
0.1
-0.3
-0.7
-0.8
-0.1
-0.3
0.0
-0.5
-0.9
-1.3
-0.8
-1.0
-0.5
-0.8
-0.2
0.0
-0.4
0.1
-0.6
-0.4
-0.5
-0.4
-0.9
-1.0
-1.0
0.0
-0.6
-1.0
-0.9
-1.2
-1.1
-0.8
-0.1
-1.1
0.1
-0.9
-0.5
-0.1
-1.7
0.7
0.4
0.0
0.0
-0.3
0.0
0.5
1.0
0.6
0.2
-0.9
-0.2
-0.4
-0.8
0.1
0.2
1.0
0.2
-0.5
-0.2
-0.1
0.7
0.3
-0.4
-0.2
0.0
0.7
1.0
0.8
1.0
0.2
0.0
0.4
0.5
-0.1
0.2
0.2
0.5
-0.1
-0.8
-0.5
0.4
1.3
0.7
1.3
0.7
1.0
0.5
0.2
-0.4
1.7
0.4
0.7
0.2
0.1
0.3
0.7
0.0
0.2
1.0
0.0
1.3
0.5
0.6
0.1
0.5
-0.1
0.3
1.0
1.1
1.1
0.5
-0.2
0.0
-0.8
-0.3
-0.4
0.3
0.1
-0.4
-0.1
-0.3
0.3
-1.6
-0.2
0.0
0.3
-0.3
-0.7
-1.0
-0.5
-1.5
-1.0
-1.7
-0.3
-0.5
0.0
-0.1
0.0
0.6
0.7
-0.8
-0.2
-0.3
-1.2
-1.7
-0.4
-0.4
1.1
-0.1
0.0
-0.5
-2.1
-1.3
-1.7
-0.5
-0.9
-1.1
-0.4
-0.8
-0.1
0.0
0.0
-0.6
-1.3
-1.0
-0.1
-0.1
0.7
-0.1
-0.5
-0.2
0.5
0.4
0.0
-0.3
-0.5
0.2
-0.2
0.5
0.0
0.3
0.0
0.0
0.9
1.0
1.7
1.7
2.5
2.3
2.7
1.5
2.3
2.5
3.7
3.9
3.8
3.6
3.6
3.4
2.8
2.6
2.6
2.9
2.3
1.7
1.6
2.0
2.0
1.8
2.6
2.3
1.9
1.2
1.2
0.1
0.5
-0.2
0.6
0.2
0.4
1.1
0.2
0.6
0.4
0.8
0.0
-0.5
-0.5
-0.9
-0.5
-1.1
-1.3
-0.4
-0.7
1.1
1.5
0.5
-0.5
-1.0
-2.0
0.0
0.6
0.0
0.0
-0.4
-0.8
0.5
0.0
-1.3
-1.4
-2.5
-1.4
0.2
0.1
1.6
0.0
-0.6
-0.7
-0.1
0.2
-0.1
-0.4
-0.1
-0.6
-1.6
-1.2
-0.2
0.3
0.6
-0.8
-0.3
-1.1
-1.4
-1.4
-2.0
-0.9
-0.7
-0.2
-0.7
0.0
-0.6
-0.6
-1.2
-1.9
-1.0
-0.5
-1.3
-0.6
-1.2
-0.8
0.0
-0.6
-0.4
-0.5
-0.9
-1.1
-0.8
-0.3
-0.5
-0.6
-1.2
-0.8
-0.6
-0.7
-1.1
-1.7
-1.4
-0.7
-0.9
-2.0
-1.5
-1.4
-0.1
-0.6
-0.7
-0.8
-1.0
-0.2
-0.5
0.6
-0.6
0.4
0.0
0.2
-0.3
-0.5
0.2
0.1
0.4
0.0
-0.2
-0.4
0.2
-0.4
0.0
0.2
-0.1
-0.6
-1.0
-0.3
-0.4
-0.5
-0.9
-1.4
-0.7
-0.7
-1.3
-0.1
-0.5
-1.1
-0.4
-1.9
-0.8
-0.4
-0.3
-0.2
0.0
0.0
0.0
-0.2
-1.5
-0.1
-0.6
-0.1
-0.9
-0.6
0.2
-0.3
0.7
0.4
1.1
1.0
-0.6
0.4
0.0
0.5
0.5
0.0
-0.8
0.0
-0.1
0.2
-0.5
0.3
0.3
-0.1
0.3
-0.3
-0.1
-0.9
-1.2
0.0
-0.8
-0.7
-0.4
-0.3
-0.4
-0.9
-1.2
-0.9
-0.4
0.6
0.1
-0.3
-1.3
-0.6
-0.4
-0.4
-0.9
-0.7
0.0
0.6
0.1
-0.1
-1.3
0.0
0.7
1.3
1.1
0.9
0.9
0.4
1.2
0.3
0.2
1.0
1.3
1.2
0.3
0.3
0.6
0.6
0.8
0.1
0.6
0.6
0.4
0.1
1.2
-0.1
0.1
-0.9
-0.5
0.2
-0.2
-0.5
-0.3
0.0
0.0
-0.4
0.1
-0.6
0.0
0.3
0.8
0.1
0.1
0.7
1.5
1.5
0.7
1.3
2.5
2.2
2.8
2.4
3.6
2.8
3.1
3.4
4.3
3.8
4.9
3.2
3.9
3.8
4.6
4.8
4.7
2.4
2.5
1.9
2.3
2.9
2.9
1.5
1.0
1.7
1.8
3.2
2.2
2.6
2.0
1.2
0.6
1.0
1.5
1.4
1.4
1.2
0.5
0.5
-0.4
-0.3
0.3
0.5
1.3
1.4
0.5
-0.2
0.5
0.1
0.9
-0.1
-0.2
-0.1
-0.6
-0.4
-0.7
-0.5
-1.0
0.2
-1.0
-0.3
-1.0
-0.9
-0.7
-0.4
0.4
0.0
1.0
0.4
1.0
0.6
1.0
1.3
0.5
0.4
0.6
0.8
0.5
-0.4
1.1
0.4
0.6
-0.2
0.4
0.0
-0.8
0.2
0.0
1.2
0.0
0.7
1.2
1.3
1.1
0.3
1.0
0.2
0.2
0.1
1.3
0.8
0.5
0.0
0.2
0.9
0.0
0.9
0.7
1.2
0.4
0.0
1.2
0.2
0.5
0.9
0.4
0.6
0.0
-0.8
-0.6
-0.6
0.2
1.0
0.6
-0.5
-0.3
-0.9
-0.4
0.0
0.4
0.7
0.8
0.4
0.8
1.4
1.1
-0.2
1.6
0.5
0.4
-0.4
0.5
1.2
1.6
0.3
0.3
0.7
0.0
0.7
0.8
0.7
0.1
0.2
0.8
2.1
1.4
1.1
1.7
0.8
-0.1
0.4
0.6
0.9
1.1
1.3
2.6
2.6
2.6
2.1
2.0
1.5
1.2
1.7
1.3
0.3
1.0
-0.3
0.5
0.6
-0.2
0.9
0.5
0.2
-0.5
0.3
0.8
1.0
1.0
1.4
1.3
1.1
1.5
0.2
0.0
-0.3
-0.1
-0.5
-0.7
-0.8
0.0
0.8
0.4
0.2
0.9
1.2
1.5
1.0
1.0
0.4
-0.3
-0.2
-0.1
-0.1
0.4
0.0
0.2
-0.1
1.1
0.5
0.6
0.3
0.4
-0.2
0.0
-0.2
-0.5
0.3
0.1
1.3
1.0
1.5
0.8
1.2
1.1
0.9
0.2
0.5
0.0
0.4
0.6
0.5
0.4
1.1
0.9
0.2
0.1
-0.2
0.0
0.4
0.3
0.2
0.2
0.0
0.3
-0.7
-0.7
0.0
-1.0
0.1
0.0
0.0
0.6
-0.7
0.4
0.3
0.0
-0.8
-1.7
0.2
0.3
0.2
0.0
0.3
0.7
0.9
0.1
0.7
0.2
0.1
0.1
0.1
0.8
0.4
0.4
0.4
1.1
0.1
0.8
0.9
0.0
1.3
0.0
0.9
0.6
0.9
0.9
0.9
0.0
0.1
0.5
0.7
0.5
0.2
0.7
0.9
0.5
0.4
0.1
-0.4
0.1
-1.2
0.0
-0.3
-0.5
0.7
0.0
0.0
-0.1
-0.6
0.3
0.4
0.3
1.0
0.1
0.2
0.0
0.3
1.2
0.7
0.0
-0.6
-1.7
-0.8
0.3
0.3
0.1
-0.6
-0.9
-0.6
0.0
-0.3
0.0
-0.1
0.6
0.1
0.0
-0.1
-0.2
0.5
-0.1
0.6
0.2
0.5
1.0
0.6
0.4
0.0
-0.8
0.2
0.2
0.1
-0.5
-0.2
-0.1
0.1
0.4
0.3
1.3
1.3
0.0
-0.1
-1.5
-0.7
-0.5
-0.1
0.0
0.5
0.5
0.2
-0.8
-1.1
-1.2
-1.4
0.2
1.7
1.2
0.3
-0.6
-0.8
-0.6
-0.3
1.0
0.8
0.2
0.1
-0.9
0.0
-0.6
-0.7
0.1
-1.0
0.3
-0.1
0.3
0.0
0.3
0.2
-1.5
-0.5
-0.4
-0.1
0.9
-0.4
0.0
-0.6
-0.3
-0.4
-0.1
-0.2
-0.9
-1.0
-0.1
-0.4
0.8
-0.5
1.3
1.1
1.1
1.2
0.7
1.4
1.6
1.1
1.8
2.3
2.5
2.7
2.6
2.8
2.4
3.7
3.2
3.4
4.0
3.2
3.2
2.3
2.2
2.2
2.0
2.4
2.4
3.2
2.8
2.4
2.6
0.9
1.3
1.1
0.8
1.1
1.0
1.7
1.6
1.1
1.3
0.9
1.2
2.0
2.2
1.7
1.2
1.0
0.1
0.1
0.0
0.0
-0.5
0.0
0.8
0.9
0.7
0.2
0.7
0.5
0.0
0.2
0.3
0.9
-0.3
0.6
-0.2
0.7
1.2
1.1
1.1
1.9
0.0
0.7
1.1
1.5
1.5
1.4
1.1
2.2
1.4
1.3
0.9
0.0
1.3
0.3
0.1
-0.6
-1.0
-0.3
-0.2
-0.6
0.0
-0.2
-1.7
0.1
0.2
0.8
0.0
-0.6
-0.1
0.7
0.3
0.0
-0.7
0.1
-0.8
-0.2
0.2
-0.5
0.7
-0.3
-0.5
-0.7
-0.2
0.4
0.7
-0.8
-0.6
0.1
0.3
0.0
-0.1
0.8
0.3
0.7
1.0
1.7
1.0
-1.0
0.4
0.6
0.3
0.8
-0.7
0.1
0.4
-0.5
0.5
0.0
0.4
1.0
0.8
0.1
-0.2
-1.1
0.2
-0.2
0.6
0.4
-0.5
-0.8
-0.5
-0.4
-0.8
-0.3
0.0
0.0
0.0
-0.1
-0.7
-1.0
-1.4
0.0
0.0
0.1
-1.1
-0.6
0.6
0.0
0.1
0.6
0.1
-1.1
-0.8
-0.6
0.0
0.9
0.3
-0.3
0.2
0.1
1.4
0.5
-0.4
-0.2
-0.2
-0.2
-0.9
0.4
0.5
0.8
0.6
0.1
-0.1
0.6
-0.9
-0.5
-0.8
-0.9
-0.6
-0.8
0.0
0.5
0.3
-0.5
0.3
0.2
1.2
1.7
1.9
1.9
1.7
1.3
0.4
0.5
0.0
-0.2
-0.5
-0.5
0.0
-0.5
-0.6
0.0
0.0
0.4
0.9
0.9
1.8
1.9
1.2
0.6
-0.3
0.0
0.4
0.5
0.8
1.2
2.6
1.5
1.4
0.5
1.2
1.5
1.4
1.6
3.0
3.9
3.5
3.3
3.7
4.6
4.2
4.3
3.2
2.9
2.5
1.7
0.9
0.9
0.0
-0.4
-0.3
0.6
0.8
1.5
2.3
1.8
1.5
1.1
-0.5
0.4
-0.8
-1.0
-1.6
-1.4
-0.5
1.2
0.8
0.2
0.0
-0.2
0.2
0.1
0.0
-0.5
0.4
-0.6
-0.1
-1.1
-2.1
0.3
-0.5
-0.5
-1.5
-1.0
-1.2
-1.3
-1.8
-1.4
0.0
0.5
0.0
0.0
0.0
-0.6
0.5
-0.9
-1.3
-0.7
-0.5
0.6
0.0
1.1
0.5
-0.2
-2.6
-3.2
-4.5
-4.8
-4.3
-3.6
-2.4
0.1
0.0
0.6
-0.2
-0.3
-1.6
-3.4
-4.8
-5.4
-5.5
-3.6
-1.8
0.2
2.1
1.3
1.5
-0.2
-1.3
-1.4
-2.4
-3.6
-4.0
-4.6
-4.4
-4.0
-4.0
-3.1
-2.3
-1.1
-0.2
0.0
-0.8
-0.9
-1.7
-2.1
-2.4
-2.4
-2.6
-3.0
-2.4
-1.8
-1.8
-1.7
-1.8
-1.8
-2.5
-1.8
-2.0
-1.2
-1.0
-1.7
-0.9
-0.2
0.1
-0.6
-0.2
-0.4
-1.0
-2.6
-3.0
-4.4
-5.6
-5.3
-4.1
-2.1
-2.2
-1.6
-1.5
-0.2
-0.6
-0.8
-1.8
-2.1
-2.8
-3.6
-3.7
-3.6
-3.5
-2.8
-2.5
-2.1
-1.7
-1.2
-1.4
-0.4
-1.2
-2.2
-3.4
-4.7
-5.2
-4.7
-3.6
-3.7
-0.5
-0.6
0.1
-0.4
-0.8
-1.3
-2.7
-3.2
-3.2
-2.7
-1.9
-2.0
-2.2
-2.3
-2.5
-2.2
-1.3
-2.7
-2.1
-2.8
-3.5
-3.2
-3.2
-4.0
-4.7
-6.3
-5.7
-4.7
-4.5
-3.8
-3.0
-2.6
-3.2
-1.7
-2.0
-2.0
-2.5
-3.7
-5.5
-5.5
-6.8
-5.5
-5.0
-2.9
-1.6
-0.3
-0.5
-0.8
-0.8
-1.3
-1.4
-2.4
-2.8
-4.6
-4.5
-3.3
-2.3
-1.5
-2.0
-1.0
-0.8
-0.4
-0.2
-0.7
0.1
-0.2
0.0
0.5
-0.5
-1.1
-0.9
-2.3
-0.7
-1.7
-0.2
-0.5
-0.1
-0.2
0.0
-1.4
-0.4
-2.3
-2.6
-2.0
-2.0
-1.3
-0.9
-0.1
0.4
2.9
0.8
1.2
-1.1
-0.8
-1.1
-1.8
-1.7
-2.1
-3.6
-1.8
-1.9
-1.4
-1.0
-1.3
-0.5
-0.8
-1.6
-2.2
-3.4
-2.7
-3.4
-3.8
-3.6
-4.8
-3.1
-1.7
-1.6
-1.1
-1.7
-1.0
-0.7
0.1
0.3
-0.3
-0.7
-1.6
-2.0
-2.3
-3.3
-4.0
-3.0
-3.1
-3.0
-2.3
-1.5
-1.5
-1.1
-2.0
-2.6
-1.6
-2.0
-2.5
-2.7
-2.0
-2.3
-1.4
-2.6
-4.9
-4.0
-4.4
-1.5
-1.2
-0.8
-1.0
-0.8
-1.3
-2.1
-1.1
-2.0
-0.8
0.0
-0.1
0.0
-0.2
-0.6
0.0
0.0
-1.7
-2.5
-3.4
-3.2
-1.9
-1.3
-1.5
-1.0
-1.8
-0.8
-0.3
-1.5
-1.1
-0.1
1.5
1.3
1.6
0.5
0.6
0.3
0.6
1.1
0.8
-0.4
0.3
0.6
0.6
0.5
0.5
0.1
-0.9
-2.8
-2.7
-2.1
-1.7
-0.6
0.0
0.9
1.7
2.1
1.9
1.4
0.5
0.7
-0.2
-0.5
-3.0
-2.6
-2.8
-2.5
-1.2
-2.3
-1.8
-1.6
-1.1
-1.8
-1.5
-2.2
-0.8
-1.2
-0.8
-0.2
-0.3
0.0
-0.2
-0.3
0.6
0.7
0.3
0.3
-0.8
-0.6
0.0
1.6
1.4
0.9
0.1
0.3
0.7
-0.1
-1.1
-2.3
-1.4
-1.1
-0.1
-0.9
-1.3
-1.4
-1.4
-2.1
-2.0
-1.3
-1.1
-0.4
0.5
1.7
1.1
1.3
0.1
1.0
0.0
-0.8
-0.7
-2.6
-0.5
-1.2
-1.3
-2.3
-3.5
-3.2
-2.9
-3.3
-2.6
-2.0
-1.1
0.3
0.2
0.7
1.3
1.7
2.1
1.1
0.5
0.2
-0.4
-0.2
-0.6
-0.3
-0.6
-0.2
0.5
-0.6
-2.1
-2.8
-2.5
-1.1
-0.7
0.2
0.6
0.4
0.8
0.0
1.5
0.2
1.0
0.7
1.3
1.0
1.1
0.5
0.4
-0.1
0.0
0.0
0.6
0.3
0.8
0.2
-0.1
0.0
-0.3
0.8
0.4
1.9
1.5
1.4
0.7
1.5
1.2
1.3
2.5
2.3
1.5
1.3
1.2
1.6
1.3
0.6
0.7
1.8
0.1
1.3
0.8
1.8
-0.1
0.9
1.1
0.6
1.2
0.3
0.2
0.5
0.6
0.9
0.0
-1.0
0.0
0.2
1.0
0.6
-0.5
-0.9
-0.4
0.8
1.5
1.2
0.8
0.7
1.4
2.3
3.6
4.6
4.9
4.6
4.9
5.1
4.0
5.3
3.9
4.0
4.3
3.5
3.2
3.1
3.3
4.8
5.2
5.3
4.8
3.9
3.8
3.7
3.4
3.0
2.6
2.8
2.5
1.5
1.8
2.5
1.6
1.6
2.1
2.8
3.3
2.1
2.0
1.7
1.8
2.1
3.5
2.5
2.3
1.4
0.2
1.1
0.7
0.9
1.3
1.1
0.9
0.9
0.4
1.0
1.0
1.3
1.1
1.1
0.5
0.0
-0.4
0.1
0.0
0.2
0.3
1.0
0.4
1.5
2.1
1.8
1.5
1.3
0.9
1.1
0.9
1.3
0.5
0.8
-0.3
-0.2
0.0
0.3
0.4
1.5
1.7
1.8
1.4
1.4
0.0
1.0
0.0
-0.2
1.0
1.0
1.3
1.3
0.7
1.4
0.0
0.8
0.8
0.9
1.4
0.3
-0.5
-0.8
-0.9
-0.6
0.0
1.8
1.1
2.3
1.5
2.1
1.4
0.9
1.9
2.5
2.0
1.2
0.8
0.8
1.0
0.0
0.1
0.0
0.6
1.5
1.4
2.0
2.0
0.5
2.2
1.8
3.0
2.2
1.0
1.0
-0.7
-0.3
-0.1
0.0
1.3
0.5
1.1
0.9
0.3
0.8
1.3
1.4
1.5
2.3
1.5
1.7
1.4
0.4
0.8
-0.1
0.2
0.3
0.3
-0.2
0.6
0.2
1.1
0.6
1.4
-0.2
-0.9
-0.6
0.1
0.2
0.1
-0.3
-0.3
0.4
1.3
0.1
1.2
0.8
1.0
0.3
-0.2
0.3
1.2
2.1
0.8
0.1
-0.5
-0.8
0.0
0.2
0.4
1.8
1.7
1.2
0.0
-0.7
0.1
0.1
-0.5
-0.2
-0.4
0.1
0.9
0.4
1.0
2.0
1.0
1.5
1.0
0.8
0.9
0.9
1.2
1.8
2.3
1.9
1.4
0.6
0.2
-0.5
0.0
0.3
0.8
0.5
-0.1
0.0
0.3
1.0
2.5
2.1
1.5
2.6
2.7
2.3
0.9
0.4
0.3
0.4
0.8
0.7
0.7
0.9
0.1
0.2
0.0
-0.1
0.9
0.8
0.5
1.2
1.9
2.8
3.7
3.5
2.4
2.4
1.0
0.1
0.4
-0.2
0.0
0.7
0.8
0.8
1.6
1.0
1.1
1.0
1.0
1.7
1.5
1.7
1.9
1.6
1.3
1.6
1.7
2.5
1.3
0.2
0.8
0.6
0.4
0.8
0.4
0.6
-0.1
0.8
0.5
1.4
1.5
1.8
1.9
1.7
0.7
0.9
1.2
0.7
1.2
0.5
1.3
1.4
1.1
1.2
1.2
1.7
1.0
0.2
0.8
0.7
1.3
1.1
1.3
1.1
0.5
0.0
0.5
1.3
0.7
0.6
0.4
0.5
0.4
1.2
1.8
2.9
3.0
2.7
2.3
2.9
2.7
3.6
3.5
4.0
3.6
4.4
3.5
4.9
4.0
3.7
2.9
2.5
3.5
3.7
3.6
3.2
3.3
2.9
3.0
2.0
2.1
1.7
0.0
1.4
1.3
1.2
1.7
0.9
0.5
1.2
0.2
1.3
1.0
0.1
0.4
1.5
1.1
2.0
1.9
1.2
0.9
0.2
1.2
1.2
0.9
0.6
-0.1
-1.0
0.6
0.7
0.5
0.7
0.6
1.2
1.5
1.1
0.9
1.0
0.3
0.4
0.4
0.8
0.5
0.5
0.9
1.4
0.9
-0.1
0.5
0.8
1.0
0.8
1.1
1.3
1.7
1.0
0.7
0.6
-0.8
0.5
0.8
0.8
0.4
0.1
0.1
0.5
0.3
0.4
0.9
0.0
-0.3
0.5
0.5
0.5
0.4
0.2
0.5
0.0
-0.4
-0.6
-0.8
-1.0
-0.6
-1.2
0.5
-0.1
-0.7
-0.4
0.0
0.1
0.8
1.0
0.3
1.3
0.3
0.0
-0.2
-0.8
-1.4
-0.7
-1.0
-0.5
-0.1
0.2
0.4
0.0
0.3
-1.4
-0.2
-0.6
0.2
-0.1
-0.4
-0.7
-0.5
-1.1
-0.9
-0.9
-0.9
-0.3
-0.7
-0.3
0.0
0.0
0.0
0.2
0.2
-0.5
-0.9
-1.3
-0.5
0.8
0.5
0.4
0.7
0.3
0.5
-0.9
-0.5
-1.3
-1.5
-0.8
-0.6
-0.7
-0.6
-1.2
0.0
0.1
0.0
0.3
-1.3
-0.3
-1.0
-0.3
-0.9
-1.1
-1.5
-0.7
-0.5
-0.9
-0.8
0.0
0.0
0.5
-0.2
-0.7
-0.6
-1.4
-0.5
-0.6
0.2
-0.1
-0.6
-0.8
-1.4
-1.0
-1.0
-1.4
-1.0
-1.0
-1.2
-1.1
-0.7
-1.5
-1.2
-1.9
-2.4
-1.4
-2.0
-2.5
-0.8
-1.5
-1.6
-1.6
-1.1
-0.5
-0.4
-0.5
-0.1
0.0
0.2
-0.4
0.0
-0.3
0.2
0.9
1.3
1.8
1.2
0.7
1.0
1.5
2.0
1.4
1.1
2.0
2.8
2.6
1.6
1.3
0.5
0.4
0.8
0.2
0.4
0.3
-0.5
-1.0
-0.7
-0.2
0.9
0.8
-1.2
-0.7
-0.2
-0.6
-0.2
-0.8
-0.4
0.4
-0.3
0.0
-0.1
-0.5
-0.2
-0.6
-1.2
-1.4
-1.3
0.4
-0.7
-1.4
-1.4
-1.0
-1.1
-2.1
-2.1
-2.0
-2.0
-1.6
-2.0
-0.3
-0.5
-0.3
-1.0
-1.4
-2.0
-2.3
-2.0
-1.4
-1.1
-1.3
-1.9
-2.1
-1.7
-1.7
-1.3
-1.8
-1.5
-1.1
-0.6
-0.3
-0.3
-0.5
-0.9
-2.4
-0.8
-0.5
-0.6
-0.9
-1.1
-0.9
-1.1
-1.4
-1.5
-1.3
-1.5
-2.4
-1.0
-1.0
-1.2
-1.3
-1.2
-0.6
-1.7
-0.4
-0.5
-0.4
-0.8
-1.0
-0.3
-0.2
-1.2
-0.8
-0.8
-0.3
-1.4
-0.7
-0.4
-0.2
-1.2
-1.6
-0.6
-1.2
-0.9
-0.8
-1.6
-0.2
-0.8
-0.5
-0.7
0.0
0.0
-0.4
0.1
-0.2
-0.7
-0.4
-1.1
-0.5
-0.6
-0.6
-0.9
-0.9
-0.7
-0.3
0.1
0.4
0.2
0.1
-1.9
-1.4
-0.9
-0.9
-1.1
-0.8
-0.9
-1.4
-0.8
-1.2
-1.1
0.1
-0.9
-0.9
-0.6
-1.4
-1.5
-1.4
-2.2
-1.5
-1.4
-1.1
-2.1
-2.0
-2.2
-1.2
-1.7
-1.3
-1.8
-1.1
-2.1
-2.1
-1.2
-0.7
-1.9
-1.9
-2.2
-2.1
-2.0
-2.9
-2.0
-2.4
-2.9
-3.0
-2.4
-2.4
-2.5
-3.0
-2.7
-2.8
-2.8
-3.0
-3.2
-2.4
-3.2
-2.4
-3.4
-3.3
-2.9
-3.0
-1.9
-2.0
-1.2
-2.3
-2.7
-1.6
-1.6
-0.7
-1.0
-0.8
-0.7
-0.4
-1.4
-0.7
-1.3
-1.4
-1.5
-1.5
-0.8
-0.8
-1.2
-0.7
-0.2
-0.3
-0.8
-1.1
-0.8
-0.6
-1.5
-1.6
-1.4
-1.7
-1.8
-2.3
-0.9
-1.4
-0.9
-0.6
-0.4
-0.2
-0.5
-1.8
-1.4
-2.6
-1.2
-1.7
-1.2
-1.5
-1.6
-1.0
-1.8
-1.4
-0.7
-1.8
-1.3
-2.1
-1.7
-1.0
-1.3
-2.4
-1.6
-2.6
-1.4
-1.6
-1.9
-1.9
-1.3
-1.4
-1.4
-1.9
-2.9
-2.1
-2.8
-2.6
-2.7
-3.7
-2.4
-3.1
-2.5
-2.5
-3.5
-2.5
-2.8
-2.0
-1.9
-2.4
-1.7
-2.3
-2.0
-1.9
-3.4
-2.8
-2.8
-2.5
-2.9
-2.3
-2.5
-2.0
-2.9
-2.8
-2.7
-3.0
-3.0
-3.0
-2.3
-2.4
-2.8
-2.8
-2.7
-2.4
-2.1
-3.1
-2.4
-3.5
-3.3
-2.4
-3.0
-2.5
-3.7
-3.3
-3.8
-3.3
-3.8
-3.9
-3.0
-3.0
-3.9
-2.2
-3.0
-2.6
-3.2
-3.0
-2.8
-3.5
-2.3
-3.1
-1.6
-2.0
-2.5
-2.5
-3.0
-3.0
-1.7
-1.2
-1.0
-1.3
-1.5
-2.5
-0.8
-1.0
0.5
0.3
0.5
0.9
1.5
1.2
1.8
1.3
2.3
2.7
2.8
1.7
2.7
1.8
3.2
2.3
3.2
2.3
1.6
1.3
1.1
0.7
0.9
0.4
1.2
1.0
0.9
0.1
0.0
0.0
1.1
0.2
0.0
-0.2
0.1
0.3
-1.1
1.0
0.8
0.9
0.3
0.3
0.3
0.5
-0.1
0.8
0.5
0.1
0.0
0.5
1.4
0.1
-0.3
-1.1
-0.8
-1.7
-1.6
-1.0
-0.5
-1.0
-1.2
-2.1
-0.5
-1.5
-1.1
-1.4
-1.4
-0.8
-0.7
-1.1
-1.4
-1.2
-1.1
-1.7
-2.2
-0.9
-2.3
-1.6
-1.9
-1.4
-1.2
-2.6
-3.1
-2.7
-1.6
-1.8
-2.0
-1.9
-1.7
-1.8
-1.6
-1.5
-2.2
-1.6
-1.3
-1.6
-1.4
-1.7
-1.9
-2.1
-2.3
-2.2
-0.7
-1.7
-2.0
-2.1
-1.5
-1.8
-1.3
-1.1
-1.9
-1.4
-2.1
-1.7
-1.5
-2.5
-0.8
-1.5
-2.3
-3.4
-2.0
-1.9
-2.2
-2.1
-2.5
-2.2
-2.0
-1.8
-2.5
-1.4
-2.5
-2.1
-2.4
-2.2
-2.6
-2.9
-2.4
-2.3
-1.8
-1.9
-3.4
-2.3
-2.2
-3.3
-2.3
-1.6
-2.0
-2.8
-1.7
-1.9
-1.6
-2.2
-2.0
-1.4
-1.7
-1.9
-1.4
-1.0
-1.0
-1.5
-1.4
-1.2
-2.1
-2.4
-1.2
-2.5
-1.1
-1.7
-1.1
-0.4
-1.0
-0.7
-1.0
-1.1
-1.4
-0.5
-0.3
-1.1
-1.5
-2.2
-1.3
-0.8
-0.7
-0.7
0.4
-1.1
-1.5
-1.8
-0.4
-1.9
-0.8
-0.6
-0.4
-0.8
-1.2
-1.9
-1.0
-1.0
-0.9
0.0
-1.3
-0.9
-0.9
-0.5
-0.2
-0.9
-0.5
-0.6
-1.2
-0.9
-1.3
-0.8
-0.1
-0.6
-0.1
-1.2
-1.0
-1.8
-1.6
-1.2
-0.7
-1.4
-1.4
0.2
0.6
-0.2
-1.0
-0.5
-0.7
-0.3
-1.1
0.0
-0.3
-1.1
-1.3
-1.2
0.0
-0.1
-0.1
-0.5
-1.0
-1.1
-0.4
0.4
-0.2
-0.7
-1.2
-0.7
0.0
1.0
0.2
0.6
-0.1
0.2
0.9
0.8
-1.2
-2.1
-1.5
-1.2
-0.6
0.2
-0.4
0.1
-0.3
0.0
0.7
0.0
-1.3
-0.1
-1.0
-0.1
-1.3
-2.1
-1.8
-1.2
-0.8
0.1
-0.2
-1.6
-0.5
0.0
0.9
0.7
0.2
-1.1
-0.7
-1.4
-1.3
-0.4
-0.9
-1.3
0.1
0.2
0.9
1.0
1.0
1.2
1.2
0.8
0.1
0.0
-1.4
0.7
0.2
1.0
0.7
0.0
0.5
0.6
0.0
0.8
1.1
0.9
-0.5
1.1
0.3
1.1
0.0
-0.7
0.2
-0.7
-0.1
-0.4
0.2
1.3
1.1
1.6
1.7
0.9
0.7
-0.3
-1.1
-0.3
0.1
0.1
0.6
1.1
0.2
0.9
0.1
-0.3
0.0
0.0
0.3
-0.4
-0.5
-0.4
0.1
0.7
1.0
0.6
0.5
1.1
1.0
0.3
0.5
0.3
0.8
0.7
0.5
1.2
2.1
2.0
2.5
2.8
2.5
3.0
3.7
3.9
3.2
3.1
3.0
3.8
3.8
3.6
4.8
4.6
4.5
4.4
3.9
4.8
6.3
5.5
5.8
4.5
4.2
4.2
3.2
3.1
2.8
2.9
3.4
2.8
3.2
3.0
3.2
2.6
3.0
1.8
2.7
2.0
1.4
1.6
1.9
2.4
2.2
1.5
1.5
1.9
1.7
1.4
1.0
1.1
0.8
1.3
1.2
0.8
0.5
1.7
0.6
1.4
0.7
0.6
0.7
-0.8
0.1
0.3
0.1
0.3
-0.2
-0.5
-0.1
-0.6
0.6
0.0
0.2
0.6
0.7
0.4
0.7
0.8
1.5
1.8
1.1
0.7
0.7
0.5
0.5
0.9
0.6
0.7
0.0
0.4
1.2
1.3
1.3
0.7
0.2
0.9
0.4
0.2
0.0
0.0
0.9
1.2
0.4
1.0
0.3
0.5
1.2
1.0
0.7
-0.1
-0.5
-0.3
0.2
0.1
0.4
0.6
0.7
0.6
0.2
0.5
0.0
0.3
0.3
0.3
0.9
1.0
0.0
1.4
1.1
1.3
1.3
0.8
0.9
0.3
-0.7
0.3
0.4
1.2
1.5
0.1
0.3
0.9
1.0
0.9
1.0
1.2
1.5
1.4
0.9
0.5
1.1
0.2
1.3
1.8
1.7
0.5
0.5
1.3
1.7
2.1
0.4
1.0
0.0
0.6
0.2
1.4
1.5
1.1
2.0
0.3
1.1
1.6
0.8
1.4
1.5
0.7
-0.1
0.2
0.5
1.9
1.1
1.7
1.5
2.7
1.7
1.3
1.1
0.1
0.5
0.3
-0.8
0.0
0.3
1.3
1.1
1.2
0.2
0.5
-0.3
0.9
0.4
2.8
1.6
2.3
1.2
1.4
1.6
1.5
1.9
1.9
1.1
0.1
0.3
-0.7
-0.1
-0.5
-0.4
0.2
1.0
1.1
2.1
2.1
2.4
2.0
0.8
1.4
1.0
1.3
0.9
-0.5
0.2
-0.4
0.1
0.2
0.4
0.6
0.6
0.3
0.3
0.7
0.2
-0.5
-0.2
0.0
-0.5
-0.2
-1.6
-0.6
-1.1
-0.2
-0.5
0.7
-0.6
-0.1
0.6
0.8
0.6
0.3
0.0
0.9
-0.5
0.4
0.2
1.1
-0.4
0.5
0.5
0.5
1.0
0.0
0.8
1.1
-0.8
0.0
-0.8
0.1
-0.3
-0.1
0.1
0.3
0.3
-0.2
0.3
0.1
-0.7
-0.3
0.1
0.1
-0.2
0.0
0.5
0.7
0.0
-0.8
-0.1
-0.4
0.5
1.0
1.5
1.0
-0.2
-0.4
-0.5
0.3
-0.6
1.1
0.6
1.2
0.6
0.8
0.8
0.6
0.8
0.9
1.2
0.5
0.8
-0.3
0.5
-0.2
-0.1
1.8
2.1
2.8
1.9
0.4
0.0
-0.5
0.2
1.2
2.2
2.7
2.7
2.7
2.7
2.9
3.1
3.5
4.4
4.8
4.0
3.5
3.6
3.5
4.9
4.9
5.8
5.5
4.8
5.1
4.2
4.1
4.9
4.9
6.2
6.2
5.6
4.6
3.7
3.1
3.1
3.2
2.5
3.3
2.5
2.9
2.6
3.0
2.9
1.5
0.9
0.6
1.7
1.7
1.5
2.0
1.9
3.3
3.8
3.6
2.4
1.9
1.7
2.1
2.1
2.3
2.5
3.1
2.0
2.2
2.0
1.8
2.6
2.5
1.1
1.2
1.1
1.0
0.7
0.0
-0.3
0.0
1.1
1.4
0.8
1.6
-0.3
-0.3
-0.8
-0.9
0.0
1.6
0.1
0.2
-0.8
-0.7
-1.8
-0.2
-0.2
0.0
0.2
-1.6
-0.5
-0.2
0.1
1.0
1.0
0.6
0.2
0.1
0.2
0.0
-0.4
0.0
0.2
0.6
0.0
0.4
0.5
0.0
-0.3
1.1
0.8
0.9
-0.1
-0.2
0.0
-0.3
0.0
0.0
0.4
-0.6
0.6
-0.7
1.1
0.8
1.8
2.2
0.8
1.0
0.8
0.8
0.6
0.8
1.7
1.2
0.8
-0.4
0.7
1.0
1.6
1.7
1.3
1.3
0.6
0.5
0.8
0.4
0.8
0.9
0.0
-0.2
-0.4
-0.2
0.2
-0.1
0.1
-0.3
-0.2
1.3
1.5
1.2
0.3
0.4
0.0
1.6
0.4
0.8
0.4
0.9
0.2
0.2
0.0
0.0
0.6
0.2
1.1
1.2
-0.1
1.3
1.1
2.0
0.6
0.4
0.0
1.1
0.8
0.0
0.5
0.4
0.9
1.0
0.6
1.7
1.8
0.8
2.5
1.6
2.2
1.0
0.6
1.0
0.3
0.5
0.1
-0.7
0.3
0.4
0.7
0.1
0.0
1.2
1.4
0.3
1.0
0.4
1.6
1.6
0.8
1.4
0.7
-0.5
0.0
-0.3
0.8
0.5
0.5
0.6
1.4
2.0
1.8
1.5
1.3
0.4
1.1
0.6
0.2
0.9
0.8
1.5
1.2
0.6
0.9
1.2
0.0
0.1
0.4
0.8
0.2
1.3
0.1
0.8
0.2
1.7
1.4
1.6
1.5
1.2
0.4
0.3
-0.6
-1.0
0.5
0.0
0.6
0.8
0.7
0.2
0.7
0.0
0.6
1.2
0.4
0.7
0.5
0.0
1.0
0.5
0.5
-0.6
-0.4
-0.9
0.2
0.3
1.0
1.4
0.9
0.9
1.2
0.8
1.3
0.7
0.3
0.1
0.3
0.3
0.6
0.2
0.2
0.5
0.2
-0.4
0.0
-0.5
0.6
0.3
0.0
-0.5
-0.5
-0.5
-0.4
-0.3
0.0
-0.8
0.0
-0.3
0.2
-1.1
-1.0
-0.6
-0.7
-0.6
-0.2
0.5
-0.5
0.0
0.2
-0.8
0.8
0.3
0.5
0.5
0.3
0.3
0.1
-1.0
0.1
-0.5
0.9
-0.2
0.5
-0.3
-0.4
-0.2
1.0
-0.1
-0.2
-0.6
0.1
-0.5
-0.7
-0.3
0.1
0.0
-0.5
-0.6
-0.9
-0.4
-1.9
-0.5
-0.6
0.5
-0.3
-0.1
-0.8
-0.1
-0.8
-0.7
-1.3
-0.1
-0.8
-0.3
0.1
-0.7
-1.5
-1.2
-1.5
-0.7
-2.0
-2.4
-0.6
-1.1
-1.0
-0.9
-1.6
-0.5
-0.9
-1.3
-0.4
-1.0
-1.4
-0.4
-0.8
-0.3
0.0
-0.1
-0.2
-0.5
-0.5
0.4
0.8
1.3
1.1
0.8
1.1
1.3
2.6
3.0
3.0
2.3
3.0
2.2
2.0
2.7
2.5
2.7
1.4
2.0
2.0
1.0
1.0
0.4
1.7
0.9
0.8
0.0
-0.7
0.0
0.9
1.6
0.9
0.5
-0.2
-0.5
-1.0
0.2
0.3
0.0
-0.4
-1.3
-0.6
-1.1
-0.4
-0.6
-0.2
-1.3
-0.8
-1.4
-0.9
-1.5
-1.5
-3.0
-1.3
-2.6
-1.6
-1.1
-1.2
-0.8
-0.2
0.0
0.0
-0.7
-0.9
-0.7
-1.6
-0.6
-1.9
-0.7
-1.6
-0.5
-0.4
-0.1
-0.6
-0.7
-0.9
-0.1
-0.7
-0.2
-0.7
-0.6
-0.3
-0.5
0.2
0.0
0.3
-0.1
-0.8
0.2
-0.6
-0.6
-1.1
-1.4
-1.0
-1.8
-1.4
-1.0
-0.7
-0.3
-1.1
-1.7
-1.1
-0.9
-0.7
-1.8
-0.8
-2.0
-1.8
-1.6
-1.3
-0.7
-0.3
-1.6
-2.1
-1.7
-2.3
-3.0
-1.0
-1.3
-1.1
-1.5
-2.3
-2.0
-1.4
-2.0
-1.3
-1.1
-1.1
-2.1
-2.6
-3.3
-1.8
-2.3
-0.5
-1.5
-1.3
-1.2
-1.5
-1.8
-2.0
-2.0
-1.0
-1.7
-1.6
-1.4
-1.7
-2.0
-3.0
-2.3
-0.9
-0.8
-1.5
-1.6
-2.6
-3.5
-1.9
-1.8
-1.6
-2.4
-2.3
-1.8
-1.7
-2.1
-2.0
-2.7
-2.8
-2.6
-0.8
-1.5
-1.7
-2.0
-2.4
-2.9
-3.1
-3.0
-1.8
-1.3
-1.9
-0.7
-1.7
-2.5
-3.2
-4.1
-2.0
-1.7
-2.2
-1.2
-1.5
-2.3
-2.3
-2.6
-1.6
-1.8
-2.5
-2.0
-1.5
-1.3
-1.7
-1.4
-1.6
-2.0
-2.7
-2.5
-1.6
-1.7
-0.6
-1.2
-0.8
-1.9
-2.6
-3.2
-2.6
-2.3
-1.9
-1.1
-1.6
-2.1
-1.9
-2.8
-4.0
-3.4
-2.8
-1.8
-2.3
-2.3
-2.4
-2.5
-2.8
-2.7
-2.5
-2.8
-2.1
-2.2
-2.3
-2.4
-2.2
-2.0
-1.8
-2.0
-2.3
-3.0
-2.2
-1.9
-2.4
-2.2
-2.3
-1.4
-1.3
-2.0
-2.0
-2.2
-1.8
-0.9
-0.5
-1.5
-2.0
-3.2
-2.6
-3.0
-2.2
-1.8
-1.8
-1.4
-1.4
-1.2
-0.8
-0.3
1.1
1.7
2.3
2.1
1.9
2.4
2.5
2.3
1.2
1.8
0.8
0.5
0.5
0.6
2.3
2.0
2.0
1.6
2.1
2.5
2.2
1.5
0.4
0.5
0.0
0.1
-0.7
-1.6
-0.4
-0.9
-0.2
-0.2
-0.2
0.6
0.8
1.1
1.6
0.5
-1.7
-0.5
-1.8
-0.8
-1.4
-2.5
-2.7
-2.2
-2.1
-1.5
-1.6
-1.2
-1.3
-1.1
-1.2
-2.3
-1.0
-1.7
-1.4
-0.8
-1.9
-1.1
-1.3
-3.0
-2.5
-2.8
-3.6
-2.7
-3.2
-2.5
-1.1
-0.8
-0.8
-0.5
-0.9
-0.3
-0.6
-1.0
-2.2
-2.2
-1.7
-3.0
-1.6
-2.0
-2.3
-2.0
-3.2
-2.7
-2.4
-2.6
-3.1
-2.4
-3.1
-3.9
-2.7
-1.6
-1.2
-1.1
-2.3
-2.4
-2.3
-2.1
-2.7
-1.9
-2.9
-3.0
-2.9
-3.4
-2.1
-2.1
-1.5
-2.8
-2.8
-3.1
-3.9
-2.9
-3.0
-3.6
-5.3
-4.1
-4.1
-4.2
-3.7
-3.5
-2.6
-2.4
-2.6
-2.8
-3.1
-2.9
-2.8
-2.6
-3.0
-2.7
-2.9
-2.9
-4.7
-3.6
-4.6
-3.6
-3.2
-1.9
-1.9
-2.7
-2.5
-3.3
-2.0
-1.5
-2.2
-2.6
-2.0
-2.7
-2.2
-3.0
-2.6
-2.8
-1.8
-1.7
-2.4
-2.5
-2.0
-2.0
-1.8
-1.9
-1.3
-1.6
-2.2
-2.5
-2.5
-3.2
-4.0
-4.4
-3.9
-2.7
-3.3
-2.2
-1.7
-1.9
-1.6
-2.0
-2.4
-2.6
-2.3
-2.5
-3.9
-4.9
-3.7
-3.8
-2.8
-3.2
-2.8
-3.2
-3.5
-4.3
-3.7
-3.5
-3.9
-3.7
-3.8
-2.8
-2.4
-2.2
-2.4
-2.0
-2.9
-3.3
-3.3
-2.3
-1.7
-2.2
-2.8
-2.4
-2.8
-2.5
-2.5
-2.2
-2.0
-1.7
-0.3
0.8
1.1
1.0
0.7
1.1
2.1
2.4
3.3
2.2
3.0
2.7
3.5
2.9
2.7
2.4
2.5
3.2
3.9
3.2
2.5
2.6
2.1
2.1
1.4
1.4
1.5
1.3
0.9
0.3
1.8
0.8
0.9
1.2
-0.1
-0.9
-1.7
-2.3
-1.6
-2.5
-2.0
-2.9
-0.7
-1.4
0.0
0.7
0.5
1.7
1.6
1.9
1.5
0.1
0.4
-0.7
0.0
-0.5
-1.7
-2.6
-2.9
-3.7
-3.3
-3.4
-2.7
-3.3
-2.6
-1.4
-2.4
-1.7
-1.8
-1.6
-1.2
-1.6
-1.5
-1.0
-0.7
-1.0
-1.0
-1.2
-2.0
-2.5
-2.7
-2.0
-2.4
-1.7
-3.3
-4.7
-4.0
-4.9
-3.7
-3.6
-3.2
-2.8
-2.4
-2.0
-1.0
-1.1
-0.8
-1.2
-0.4
-1.6
-1.9
-1.0
-0.4
-1.0
-0.8
-1.6
0.0
-0.7
-1.8
-1.6
-1.8
-2.1
-2.7
-3.0
-3.0
-2.6
-2.3
-1.6
-0.2
-0.5
-1.2
-1.1
-1.6
-1.3
-1.9
-1.1
-0.2
-0.1
-0.9
-1.7
-1.2
-1.1
-1.5
-1.7
-3.0
-2.7
-2.3
-4.6
-3.7
-3.0
-1.7
-2.1
-1.5
-0.5
0.0
0.0
-0.5
-0.7
0.6
-0.3
-1.0
-0.8
-2.2
-1.0
-1.0
-1.5
-0.8
-2.1
-2.1
-2.1
-2.4
-1.8
-1.3
-1.7
-1.8
-2.4
-2.3
-2.6
-2.4
-3.0
-2.4
-2.2
-3.0
-3.1
-2.5
-2.4
-2.1
-2.8
-1.8
-2.7
-2.6
-2.7
-3.0
-1.9
-2.3
-2.0
-2.4
-2.0
-2.7
-1.8
-1.7
-3.2
-1.6
-2.4
-1.7
-1.9
-2.4
-1.8
-2.3
-2.6
-2.0
-3.1
-2.9
-3.6
-2.9
-2.8
-2.1
-1.8
-2.3
-2.3
-2.9
-2.4
-2.2
-2.2
-2.4
-2.9
-2.4
-2.9
-2.1
-2.0
-1.9
-1.8
-2.4
-1.8
-2.1
-2.7
-2.9
-2.5
-1.6
-1.1
-1.5
-2.2
-2.4
-2.5
-3.2
-2.2
-1.9
-1.4
-1.4
-2.3
-1.7
-1.8
-1.6
-1.6
-1.3
-1.2
-1.0
-0.8
-0.8
-2.0
-2.6
-2.5
-2.0
-2.3
-1.7
-1.9
-0.8
-2.4
-2.7
-3.6
-3.3
-3.6
-3.8
-2.8
-3.0
-1.8
-1.8
-1.9
-2.0
-2.3
-2.4
-2.7
-3.3
-2.6
-2.7
-2.4
-2.1
-2.7
-1.3
-2.7
-3.1
-3.3
-3.3
-2.4
-2.7
-2.0
-1.5
-2.0
-1.7
-2.4
-3.4
-2.8
-3.1
-2.1
-1.6
-2.5
-1.8
-2.0
-2.6
-2.1
-2.5
-2.6
-2.2
-2.3
-2.7
-2.1
-2.2
-2.2
-0.8
-1.0
-0.5
-1.0
-1.3
-1.1
-0.8
-0.5
-1.3
-1.7
-1.0
-1.5
-1.0
-1.6
-1.1
-1.5
-2.0
-2.0
-2.1
-1.7
-2.7
-2.7
-2.0
-2.3
-2.0
-3.2
-2.4
-3.5
-3.8
-2.8
-4.3
-3.0
-3.7
-3.2
-2.5
-3.2
-3.3
-3.2
-3.0
-3.6
-2.9
-3.1
-3.4
-3.6
-3.2
-3.7
-3.0
-4.2
-3.5
-4.0
-3.9
-4.2
-3.6
-4.0
-4.4
-4.4
-4.4
-3.9
-2.9
-3.0
-1.5
-2.5
-1.7
-2.3
-3.0
-2.9
-2.7
-2.8
-3.2
-2.7
-2.7
-2.3
-2.8
-2.9
-3.3
-2.9
-2.0
-1.7
-0.6
-1.2
-0.9
-1.6
-2.4
-3.0
-2.6
-2.7
-2.4
-1.8
-2.0
-1.3
-2.4
-1.6
-2.0
-1.8
-1.9
-1.9
-2.3
-2.7
-2.6
-2.0
-2.5
-3.2
-4.4
-3.3
-3.5
-3.6
-3.2
-3.2
-2.3
-2.3
-3.2
-3.4
-3.2
-5.0
-4.8
-5.9
-5.6
-5.0
-4.2
-4.6
-4.6
-4.8
-3.9
-3.7
-3.5
-4.2
-4.7
-5.4
-5.5
-5.1
-4.0
-3.8
-2.8
-3.3
-3.0
-3.9
-3.4
-3.9
-4.6
-5.0
-4.7
-5.1
-4.4
-4.0
-4.3
-4.5
-4.6
-4.2
-4.4
-5.7
-6.3
-6.1
-5.0
-6.3
-6.0
-5.1
-5.9
-4.0
-4.9
-4.1
-4.2
-4.7
-4.1
-4.7
-4.2
-4.5
-4.4
-5.1
-5.2
-5.5
-5.7
-5.5
-5.6
-6.0
-5.5
-5.5
-5.0
-4.6
-4.5
-4.3
-3.5
-3.5
-3.6
-4.4
-4.1
-5.2
-5.2
-5.6
-5.0
-4.2
-5.3
-6.7
-7.3
-6.6
-8.3
-6.8
-8.3
-8.3
-9.7
-8.4
-7.3
-8.4
-6.8
-7.0
-9.0
-7.6
-8.3
-8.6
-7.2
-10.4
-10.1
-10.5
-8.8
-10.7
-8.7
-8.2
-8.5
-8.4
-8.3
-8.7
-8.4
-9.3
-9.0
-7.6
-8.8
-8.9
-8.6
-9.8
-8.9
-9.9
-7.6
-8.6
-8.9
-8.5
-8.4
-8.2
-8.8
-8.6
-8.4
-8.8
-8.8
-9.3
-8.3
-9.7
-9.5
-10.5
-11.2
-10.8
-10.3
-9.3
-9.1
-10.2
-9.4
-9.1
-7.5
-8.0
-9.7
-8.4
-8.0
-8.1
-9.1
-7.4
-7.7
-8.7
-8.1
-9.2
-7.5
-9.2
-7.9
-9.9
-9.1
-7.5
-8.8
-8.9
-8.3
-7.9
-7.8
-9.7
-10.0
-8.8
-8.4
-7.8
-8.6
-8.0
-8.0
-7.0
-7.6
-7.9
-7.5
-7.0
-6.0
-7.2
-7.6
-8.5
-7.9
-8.3
-6.8
-7.6
-6.6
-7.2
-8.6
-9.2
-7.9
-8.1
-7.9
-7.8
-6.2
-8.0
-5.4
-6.4
-5.0
-6.9
-8.5
-7.5
-6.5
-6.6
-7.9
-5.5
-5.8
-6.6
-6.1
-7.3
-5.4
-6.5
-6.3
-4.9
-5.9
-6.3
-6.3
-6.7
-5.4
-6.8
-7.0
-6.8
-6.6
-5.9
-7.0
-7.0
-6.6
-5.9
-5.3
-5.5
-5.2
-5.7
-7.5
-5.9
-6.0
-5.1
-4.9
-4.8
-4.8
-4.7
-6.0
-5.4
-4.5
-4.7
-3.6
-3.4
-2.9
-3.6
-3.7
-3.9
-4.8
-3.8
-3.6
-4.2
-4.0
-4.0
-3.4
-3.6
-5.1
-5.1
-5.0
-5.7
-4.9
-4.2
-4.4
-4.8
-5.2
-5.3
-4.5
-5.1
-4.6
-5.0
-6.0
-4.8
-4.8
-4.9
-4.7
-5.4
-4.4
-4.2
-4.6
-3.5
-3.2
-3.4
-3.0
-4.2
-3.6
-2.9
-4.2
-3.0
-3.2
-4.5
-4.7
-4.1
-4.1
-4.0
-4.5
-4.9
-4.5
-4.5
-4.1
-4.3
-3.2
-5.1
-5.7
-7.9
-7.9
-9.8
-10.9
-13.2
-15.5
-17.5
-18.1
-18.6
-19.3
-19.4
-19.9
-19.4
-20.0
-20.8
-22.3
-22.1
-23.5
-23.8
-24.6
-25.2
-25.7
-25.7
-27.0
-27.9
-29.0
-30.0
-30.7
-31.8
-33.2
-33.7
-35.2
-36.2
-37.1
-37.0
-37.4
-38.5
-39.4
-40.0
-41.1
-42.3
-43.7
-43.2
-43.4
-43.5
-43.8
-48.7
-45.7
-48.8
-47.5
-48.0
-49.6
-49.9
-53.5
-53.3
-53.8
-53.5
-54.2
-55.9
-55.7
-57.1
-58.7
-59.3
-59.6
-60.0
-60.9
-60.6
-62.2
-62.4
-63.4
-63.8
-65.4
-65.1
-65.5
-65.5
-65.6
-65.5
-66.1
-66.9
-66.5
-65.7
-65.1
-65.3
-65.4
-65.2
-65.9
-65.4
-64.4
-63.2
-64.0
-64.3
-64.9
-65.1
-64.9
-64.8
-63.5
-63.4
-63.8
-64.6
-64.4
-65.2
-64.6
-64.6
-63.7
-62.6
-63.3
-64.8
-63.2
-62.6
-62.3
-62.1
-62.5
-61.7
-61.8
-60.7
-61.0
-61.4
-60.2
-62.1
-59.7
-60.7
-59.2
-59.7
-59.0
-60.3
-59.8
-59.7
-59.9
-59.8
-59.9
-59.6
-58.7
-58.1
-58.7
-57.3
-57.5
-57.5
-58.4
-58.8
-58.9
-58.5
-58.9
-58.7
-58.3
-58.0
-58.9
-58.9
-58.5
-59.2
-57.2
-59.4
-59.0
-57.9
-57.6
-58.0
-57.5
-58.2
-55.6
-55.9
-55.8
-55.0
-54.0
-53.6
-54.1
-52.8
-52.6
-52.2
-52.6
-51.3
-51.5
-51.9
-52.9
-50.9
-50.4
-49.5
-50.0
-48.2
-50.5
-48.9
-48.9
-47.3
-49.1
-46.3
-49.5
-45.4
-46.5
-46.1
-46.5
-47.1
-47.6
-45.4
-44.9
-45.7
-44.8
-45.4
-44.1
-44.9
-43.9
-45.5
-44.2
-44.7
-44.0
-43.3
-43.5
-42.6
-44.3
-42.6
-43.5
-42.0
-42.7
-42.3
-43.6
-42.5
-42.3
-42.3
-42.3
-42.2
-42.1
-41.1
-41.3
-40.7
-40.5
-40.1
-41.0
-40.3
-41.5
-40.8
-41.1
-41.6
-42.1
-41.3
-41.6
-41.2
-41.3
-41.9
-41.3
-41.0
-40.7
-39.9
-40.7
-40.1
-40.0
-39.2
-39.0
-38.7
-38.0
-37.6
-37.0
-36.9
-37.8
-36.9
-36.8
-35.9
-37.9
-37.6
-37.4
-35.6
-35.7
-34.8
-35.7
-34.8
-34.6
-34.7
-34.1
-34.9
-35.4
-34.8
-35.0
-34.4
-34.3
-33.6
-33.3
-33.8
-34.3
-33.7
-32.8
-32.2
-32.5
-32.8
-32.8
-32.3
-32.5
-32.6
-31.9
-33.7
-33.2
-34.0
-33.9
-31.1
-32.5
-32.5
-31.2
-33.0
-32.3
-33.2
-34.1
-34.4
-33.4
-33.4
-34.2
-34.0
-34.5
-35.0
-33.7
-34.2
-33.7
-35.7
-35.9
-37.1
-37.4
-36.2
-36.4
-35.7
-35.4
-38.1
-36.0
-36.6
-36.7
-37.3
-39.1
-37.9
-38.2
-38.4
-40.4
-39.4
-39.7
-39.5
-39.7
-39.6
-38.3
-41.0
-40.5
-39.9
-40.9
-39.9
-41.4
-41.6
-40.2
-41.6
-42.8
-43.0
-45.0
-43.7
-43.9
-44.6
-43.8
-45.2
-46.1
-46.1
-46.9
-47.2
-48.6
-47.7
-48.2
-48.2
-47.2
-50.4
-49.2
-48.5
-49.5
-50.1
-50.2
-48.3
-49.5
-49.6
-48.2
-47.6
-51.1
-49.4
-50.9
-48.3
-51.0
-49.6
-51.0
-49.0
-48.1
-48.0
-48.9
-51.0
-50.6
-50.5
-49.7
-48.5
-49.6
-46.0
-48.2
-49.0
-49.1
-50.2
-51.0
-47.4
-52.1
-47.7
-51.5
-50.2
-47.2
-50.5
-49.3
-48.7
-49.7
-50.7
-50.5
-49.8
-50.0
-48.0
-48.3
-49.4
-50.4
-51.0
-50.3
-51.1
-49.6
-49.8
-49.7
-48.8
-52.9
-50.9
-52.4
-51.8
-50.8
-51.3
-52.3
-50.9
-51.4
-52.6
-51.6
-53.3
-52.4
-52.3
-52.6
-53.7
-54.6
-52.8
-53.0
-53.8
-54.6
-53.5
-52.6
-53.1
-54.3
-54.0
-54.1
-54.5
-55.3
-56.1
-56.0
-56.7
-56.9
-57.6
-57.6
-58.5
-58.3
-58.3
-58.4
-58.5
-59.0
-58.5
-58.4
-59.0
-59.0
-58.7
-58.7
-58.2
-59.6
-58.8
-59.6
-58.5
-59.4
-59.6
-58.6
-58.7
-58.5
-58.5
-58.6
-58.2
-58.6
-57.9
-58.1
-58.6
-59.0
-59.5
-58.5
-59.9
-59.0
-58.9
-58.3
-58.6
-59.2
-59.0
-58.5
-58.5
-58.5
-59.1
-58.8
-58.0
-58.5
-57.4
-58.0
-57.9
-57.8
-57.7
-57.6
-58.6
-59.2
-58.7
-58.4
-58.1
-58.3
-58.1
-58.6
-59.2
-59.6
-60.7
-62.0
-62.7
-63.8
-65.0
-65.8
-67.3
-66.3
-67.2
-67.7
-67.9
-69.3
-69.2
-69.0
-68.9
-68.1
-69.2
-68.3
-68.0
-68.7
-68.3
-68.6
-69.0
-68.7
-68.2
-67.3
-67.4
-68.1
-68.0
-67.2
-67.1
-66.8
-66.7
-66.3
-67.5
-67.1
-67.3
-67.1
-67.7
-67.7
-67.3
-67.2
-66.3
-68.0
-68.1
-67.7
-67.6
-66.1
-66.3
-66.3
-66.5
-67.2
-67.2
-67.1
-67.2
-67.4
-66.8
-67.6
-66.6
-65.3
-66.1
-66.4
-66.0
-66.4
-65.7
-66.8
-66.4
-65.2
-64.8
-65.7
-64.9
-65.8
-65.7
-66.4
-66.0
-65.6
-66.0
-65.6
-65.6
-64.7
-65.1
-64.8
-65.0
-64.9
-65.2
-65.6
-65.5
-66.5
-65.6
-65.0
-63.7
-63.6
-65.1
-64.7
-64.9
-65.2
-65.2
-65.3
-65.1
-64.9
-64.7
-64.7
-64.6
-63.9
-64.5
-63.4
-63.6
-63.4
-63.9
-64.1
-65.4
-64.7
-63.2
-63.4
-62.2
-63.0
-62.2
-62.1
-62.3
-62.1
-61.9
-62.0
-62.3
-62.1
-61.3
-61.9
-61.3
-62.2
-62.9
-62.0
-61.9
-61.5
-62.7
-61.9
-61.9
-61.2
-61.2
-60.9
-60.4
-59.4
-60.5
-60.2
-61.2
-60.7
-61.0
-60.7
-60.5
-60.4
-60.9
-59.2
-58.9
-59.0
-59.1
-60.0
-59.9
-59.9
-61.0
-59.2
-59.8
-59.0
-60.1
-60.1
-59.6
-59.3
-60.5
-60.3
-61.2
-60.4
-61.8
-61.2
-60.5
-60.3
-59.9
-59.9
-59.9
-61.2
-61.1
-60.9
-60.5
-61.3
-60.7
-61.3
-60.9
-61.4
-61.1
-61.4
-61.1
-61.1
-61.3
-61.6
-62.4
-62.6
-61.5
-61.9
-61.2
-62.1
-61.7
-62.6
-62.4
-62.6
-62.4
-62.3
-62.2
-62.7
-62.8
-63.2
-62.7
-63.0
-64.0
-64.0
-64.9
-64.5
-64.5
-65.9
-65.5
-65.0
-63.9
-64.3
-64.7
-64.9
-65.5
-65.7
-66.1
-65.7
-65.8
-65.6
-65.4
-66.4
-66.9
-67.2
-66.7
-66.6
-66.5
-67.5
-68.0
-67.8
-68.1
-67.5
-67.3
-68.0
-67.8
-69.2
-68.5
-68.5
-69.1
-69.2
-69.9
-70.0
-69.6
-69.6
-70.0
-70.4
-69.7
-70.3
-70.3
-70.5
-70.9
-71.2
-71.5
-72.1
-72.0
-72.6
-73.1
-73.0
-73.2
-72.8
-72.9
-73.2
-73.5
-74.7
-74.5
-74.5
-75.4
-76.1
-75.5
-75.2
-75.3
-76.0
-76.0
-76.1
-76.0
-76.6
-76.5
-76.5
-76.8
-76.4
-75.1
-74.8
-74.8
-74.5
-74.2
-73.7
-74.6
-74.4
-74.5
-75.5
-75.4
-76.0
-75.3
-75.0
-75.1
-74.5
-74.4
-75.1
-74.8
-75.3
-74.8
-74.5
-74.3
-74.8
-75.7
-75.8
-76.3
-76.0
-76.0
-76.4
-76.6
-77.1
-76.8
-77.0
-76.3
-77.4
-77.5
-78.1
-78.0
-77.9
-77.7
-77.8
-78.4
-78.9
-78.9
-78.5
-78.4
-78.4
-78.5
-78.7
-78.6
-78.1
-77.5
-78.4
-79.4
-78.6
-79.0
-77.9
-78.5
-78.5
-78.3
-78.4
-78.4
-78.5
-78.1
-78.3
-77.8
-78.6
-77.4
-78.0
-77.5
-78.0
-78.0
-78.0
-77.5
-77.4
-76.7
-76.9
-76.6
-76.3
-76.8
-76.9
-77.1
-76.9
-76.8
-77.6
-77.1
-76.5
-75.5
-76.3
-76.1
-75.9
-76.1
-76.4
-75.6
-75.9
-75.7
-75.6
-75.5
-75.8
-75.5
-75.3
-75.2
-75.3
-74.8
-74.5
-74.2
-75.0
-75.1
-75.2
-74.4
-74.8
-74.5
-74.6
-74.0
-74.1
-73.4
-73.2
-73.4
-73.1
-73.2
-72.7
-72.2
-71.8
-72.3
-72.2
-71.8
-71.4
-71.0
-71.0
-71.2
-72.0
-71.4
-72.1
-71.0
-70.9
-70.7
-70.3
-70.5
-70.2
-70.5
-70.1
-70.0
-70.0
-69.0
-68.9
-68.1
-68.6
-68.6
-69.2
-69.0
-69.0
-68.9
-67.8
-67.6
-67.5
-67.5
-66.8
-66.3
-66.2
-65.9
-65.3
-64.9
-64.0
-64.8
-63.9
-63.5
-62.2
-61.1
-60.9
-60.6
-60.6
-60.7
-60.7
-60.6
-61.3
-61.3
-60.5
-60.5
-60.8
-61.2
-61.7
-61.6
-61.3
-61.1
-61.2
-60.8
-60.6
-60.8
-60.7
-61.3
-61.4
-60.9
-60.8
-60.3
-60.5
-60.7
-60.0
-59.7
-59.0
-59.8
-59.7
-59.8
-59.5
-59.1
-59.2
-58.5
-59.2
-58.7
-57.7
-57.2
-57.5
-57.6
-56.6
-56.8
-57.4
-56.9
-58.2
-56.8
-57.6
-57.6
-56.4
-56.4
-55.6
-55.4
-55.5
-55.9
-55.5
-54.1
-54.9
-55.0
-55.2
-55.0
-54.6
-54.3
-54.6
-54.7
-56.0
-55.3
-54.5
-54.0
-53.5
-52.7
-52.4
-51.4
-52.0
-51.3
-51.2
-52.0
-52.5
-53.1
-53.5
-53.7
-52.1
-52.8
-51.8
-51.4
-51.5
-51.6
-52.0
-50.8
-50.6
-50.5
-50.6
-50.5
-49.9
-50.0
-49.0
-49.8
-49.2
-48.6
-48.6
-49.7
-49.6
-49.2
-48.2
-49.1
-49.1
-49.8
-48.9
-49.0
-47.5
-47.7
-48.0
-48.4
-47.5
-46.0
-46.5
-47.4
-48.7
-49.0
-48.5
-47.7
-47.3
-49.1
-50.3
-50.3
-49.6
-47.9
-47.3
-47.4
-49.9
-49.7
-48.8
-46.4
-45.2
-45.4
-46.3
-47.0
-48.4
-48.0
-46.4
-44.8
-45.7
-45.4
-46.8
-46.1
-45.5
-46.3
-45.3
-44.4
-45.3
-44.8
-46.0
-45.1
-45.2
-44.9
-44.6
-44.0
-43.5
-43.7
-42.7
-42.4
-42.4
-41.8
-41.3
-40.9
-40.6
-39.7
-38.5
-38.9
-38.6
-38.9
-38.2
-38.3
-38.9
-38.3
-39.0
-39.0
-40.2
-39.2
-39.4
-38.7
-39.0
-38.2
-38.2
-38.1
-38.7
-39.2
-39.0
-39.0
-38.7
-39.0
-39.5
-40.4
-40.7
-38.8
-39.1
-38.5
-39.0
-40.1
-38.9
-38.3
-38.5
-37.2
-38.0
-37.9
-38.2
-38.1
-38.4
-38.6
-38.8
-37.6
-37.8
-37.4
-37.9
-38.6
-37.6
-37.8
-36.1
-37.4
-37.3
-38.2
-37.4
-37.2
-37.0
-37.5
-36.7
-36.4
-36.8
-37.0
-36.6
-36.9
-37.6
-36.9
-35.5
-33.9
-36.4
-36.2
-37.6
-36.9
-37.0
-36.0
-35.6
-36.5
-36.2
-36.9
-36.2
-34.8
-34.5
-34.0
-34.4
-35.1
-34.7
-34.1
-34.3
-34.0
-34.8
-34.5
-35.6
-33.9
-33.9
-33.3
-32.7
-33.6
-33.2
-34.8
-33.9
-34.3
-33.1
-33.8
-33.6
-33.6
-32.5
-32.7
-33.3
-33.4
-32.2
-31.9
-32.8
-33.9
-32.6
-32.1
-31.7
-31.0
-31.4
-31.6
-31.5
-31.2
-30.0
-29.6
-30.5
-30.8
-30.1
-29.9
-29.5
-29.9
-30.6
-29.8
-28.6
-28.8
-28.5
-28.7
-28.8
-28.9
-29.3
-28.0
-28.0
-27.0
-27.0
-27.9
-26.7
-27.6
-27.0
-26.9
-27.2
-26.4
-27.6
-28.0
-27.1
-27.2
-26.3
-26.1
-26.1
-26.1
-26.6
-26.2
-25.7
-25.0
-25.0
-23.7
-24.5
-23.5
-23.5
-22.4
-21.1
-21.5
-20.6
-20.1
-20.6
-20.8
-21.4
-20.2
-20.6
-19.6
-20.9
-20.6
-20.1
-19.7
-19.6
-20.1
-20.2
-19.9
-19.9
-19.4
-20.0
-19.8
-20.4
-20.7
-19.7
-19.7
-20.0
-19.4
-18.9
-19.0
-19.7
-19.7
-18.3
-18.6
-17.2
-19.3
-19.0
-19.6
-19.0
-18.4
-18.2
-17.8
-18.2
-19.0
-17.5
-17.1
-17.3
-17.2
-16.6
-16.8
-16.2
-16.8
-17.0
-16.5
-16.6
-17.2
-15.7
-16.2
-16.3
-16.5
-15.9
