-0.6
-1.3
-0.6
-1.5
-1.4
0.5
0.1
0.6
0.0
-0.8
-1.4
-1.5
-0.7
0.3
0.9
0.0
0.0
0.2
0.0
0.0
-1.0
0.1
0.5
0.5
0.3
0.7
-0.4
0.2
0.6
1.1
0.2
-0.1
0.0
0.2
0.5
1.7
1.5
1.6
0.9
0.1
0.0
-0.6
-0.7
-0.5
-1.2
-0.7
-0.5
-0.5
0.5
-0.6
0.4
-0.9
-0.4
-0.6
-0.5
-1.3
-0.3
-0.7
-0.3
-1.1
-1.3
-1.3
-0.3
-1.0
-0.4
-0.5
0.1
0.0
0.9
1.2
2.0
0.8
0.1
-0.4
-0.6
0.0
0.5
0.1
-0.3
-1.0
-0.2
0.6
1.0
0.2
-0.2
-0.3
-0.3
0.0
0.4
0.6
0.8
1.0
1.1
1.1
0.7
-0.1
-0.6
-0.6
-1.0
-0.3
0.6
1.2
1.2
1.7
1.0
1.0
0.7
-0.4
0.5
1.4
1.2
1.8
1.4
0.7
0.7
0.2
-0.3
-0.3
0.0
-0.4
0.4
0.9
1.1
1.0
0.0
-0.2
0.2
-0.5
-0.7
-1.3
-0.6
-0.1
0.4
0.8
0.9
0.4
1.2
0.4
0.8
0.6
0.6
0.6
1.1
1.2
1.5
-0.3
-0.1
-0.8
-1.3
-1.3
-1.6
-1.2
0.0
-0.1
0.0
0.0
-0.3
0.5
1.0
0.2
-0.3
-0.6
-1.1
-1.7
-0.9
-1.7
1.4
0.3
0.3
0.1
-2.2
-3.0
-3.5
-2.9
-1.2
-1.3
-0.6
-0.2
0.1
-0.9
-0.9
-0.4
-0.2
-0.3
0.1
0.3
0.3
-0.7
-0.5
-1.2
-0.8
-1.6
-0.6
0.0
-0.6
-0.6
-0.4
0.2
0.1
-0.4
-0.7
-1.0
-1.0
-2.2
-1.3
-1.7
-1.4
-2.1
-1.2
0.0
-0.1
0.0
-0.2
0.4
0.4
0.2
-0.3
0.0
-1.2
-0.9
-1.8
-1.4
-1.1
-1.0
0.3
1.3
1.7
1.6
0.2
-0.2
0.2
1.1
0.4
-0.4
-1.4
-1.7
-0.2
0.4
0.1
1.1
1.0
1.2
0.3
-0.5
-0.1
0.1
1.5
2.0
2.3
1.9
1.4
1.1
1.2
1.7
1.2
1.0
1.5
2.5
1.9
1.8
1.0
1.1
1.4
2.0
1.8
2.7
0.8
0.9
-0.4
0.0
-0.7
-0.5
0.2
0.9
1.7
2.4
1.5
-0.1
-0.4
-0.4
-0.7
0.0
1.0
1.8
0.8
0.6
-1.0
-0.4
-0.9
-0.5
0.1
-0.2
-0.2
-0.7
-1.8
-1.1
-1.3
-1.3
-0.7
-1.1
-0.4
-0.5
-0.7
-0.4
-0.5
-0.4
-0.5
-0.4
-1.4
-0.5
-0.3
-1.1
0.5
0.6
2.3
2.0
0.5
0.3
-0.1
-1.4
-1.0
-0.8
-0.5
-0.5
-0.5
0.0
0.1
-0.3
0.0
0.6
1.2
0.4
0.0
-0.1
0.2
0.7
0.1
-0.3
0.6
-0.2
-0.1
-1.0
-1.8
-1.2
-0.5
0.3
0.4
0.5
0.3
-0.1
-0.7
-1.0
-1.5
-0.9
-0.3
1.1
0.8
0.9
-0.2
-0.3
-0.7
-2.0
-1.5
-0.3
0.2
1.2
0.5
0.6
0.5
-0.1
-0.9
-0.4
0.3
0.2
-0.2
0.1
0.4
0.4
0.3
0.3
0.4
0.0
-0.2
-1.6
-0.7
0.5
0.9
1.2
-0.2
-0.5
-0.6
-0.7
-0.3
-0.5
-1.3
-0.9
0.1
0.4
-0.3
-0.5
0.0
-0.1
0.2
0.0
-0.8
-0.8
-0.6
-0.1
0.3
0.2
-0.6
-0.8
-0.8
-1.0
0.0
-0.3
0.7
0.8
0.3
0.4
-0.3
-0.6
-0.4
-0.3
-0.5
0.3
0.4
1.6
1.2
2.6
2.0
1.9
1.2
0.0
-0.5
-0.5
-0.2
0.7
0.2
0.2
-0.8
-1.2
-1.3
-1.3
-0.8
-1.1
-0.7
0.1
0.2
0.6
0.6
0.3
-0.8
-0.9
-0.6
-1.2
-1.6
-1.4
-0.8
0.7
0.2
0.0
0.0
-1.5
-1.4
-1.6
-1.1
-0.2
-1.1
-0.3
-0.2
0.2
0.4
0.7
1.3
1.4
0.4
0.0
0.0
-0.2
0.3
-0.2
0.0
0.0
-0.7
-0.7
-0.1
0.8
0.8
0.5
-0.6
-0.6
-0.3
0.0
0.4
1.0
0.8
0.6
0.5
0.6
0.0
0.4
-0.1
-0.5
-0.3
-0.5
0.0
0.0
-0.3
-0.2
0.3
0.6
0.4
0.0
-1.1
-1.1
-1.6
-0.6
-1.0
-0.8
-0.6
-0.3
0.0
0.0
-0.7
-0.6
-0.7
0.3
0.7
1.2
0.9
0.2
-0.7
-1.8
-0.7
0.0
0.2
-0.6
-0.7
-0.3
1.1
0.6
0.4
0.0
-0.3
-0.2
0.3
0.8
1.0
1.0
0.5
0.1
0.6
0.4
0.0
0.3
0.2
1.0
1.4
1.4
1.1
0.5
0.9
0.9
0.9
1.0
0.6
1.1
1.2
1.8
1.3
1.7
0.9
1.2
1.6
1.2
1.5
1.5
1.0
1.0
0.7
1.1
0.9
0.8
0.2
1.2
0.5
0.5
0.6
0.2
0.1
0.0
1.6
0.7
-0.3
-1.9
-1.1
0.0
0.1
0.3
0.4
0.5
0.5
0.7
1.0
-0.2
0.1
1.3
1.4
1.0
0.1
0.0
0.6
0.9
0.7
0.3
-0.2
-0.1
0.5
1.0
1.5
1.2
1.5
1.3
1.4
1.7
1.9
0.5
-1.3
-1.2
0.2
1.5
1.8
1.8
1.7
1.7
1.1
1.4
2.5
2.1
1.3
1.3
2.3
2.4
2.5
2.7
2.2
0.4
-0.7
-1.0
0.3
0.0
1.0
1.7
2.9
3.5
3.8
3.6
3.0
1.8
1.0
0.2
1.4
2.0
1.7
1.7
1.6
3.0
2.5
1.6
0.2
-0.3
0.1
1.5
2.0
1.9
0.6
-0.3
-0.6
-0.7
-1.8
-2.4
-1.9
-1.4
0.5
0.6
0.8
0.7
0.7
0.2
-0.2
-0.8
0.0
1.1
1.6
2.2
2.5
2.0
2.1
0.5
-0.3
-0.5
-0.3
0.1
-0.6
-1.2
-0.3
0.3
0.4
-0.9
-1.9
-1.1
-1.7
-2.0
-1.0
-0.9
0.0
0.3
0.1
0.4
-0.1
-0.1
-0.2
0.0
0.2
-0.4
-0.3
0.4
0.9
1.1
0.2
0.2
1.1
0.9
0.1
-0.3
0.5
0.5
1.8
1.2
0.8
0.9
0.7
0.9
0.8
0.6
0.9
1.1
1.8
1.2
1.0
0.1
0.2
0.0
-0.4
0.0
0.9
0.5
0.7
0.7
0.9
0.6
0.0
0.0
0.2
0.6
0.0
0.5
0.7
1.3
1.0
1.3
1.3
0.9
0.6
-0.2
-1.0
-1.3
-0.1
0.5
0.4
1.1
0.2
0.5
0.3
1.1
1.0
0.1
-1.3
-1.1
-1.0
-0.5
-0.4
-0.5
-0.3
-0.7
-0.7
-0.6
0.1
0.5
0.4
1.2
1.7
1.6
1.2
0.8
0.7
-0.4
-0.9
-1.4
-0.5
1.0
0.3
1.4
1.3
0.6
0.9
0.9
1.1
1.4
1.7
1.6
2.4
1.1
1.3
0.4
0.2
0.2
-0.3
-0.2
0.7
-0.1
0.0
-0.2
-0.8
0.4
-0.1
0.5
0.3
-0.2
-0.6
-0.9
-0.7
-0.5
-0.4
-1.8
-1.0
-0.1
0.5
1.2
-0.1
-0.9
-1.2
-1.8
-1.2
-0.8
-1.2
-1.0
-1.3
-1.0
-1.3
-1.5
-0.2
-0.3
-1.1
-0.7
-0.8
0.0
-0.3
0.0
0.8
1.3
0.4
0.0
-0.2
-1.1
-0.5
0.0
0.1
1.0
1.3
1.9
1.8
0.7
-0.5
-1.5
-1.8
-0.7
-0.4
0.0
-0.2
-0.1
0.3
-0.5
-1.2
-1.2
-1.6
-0.6
-0.6
-0.1
-0.2
0.1
-0.4
-0.7
-1.0
-1.3
-0.7
-0.5
-0.6
-0.2
-0.1
-0.2
0.0
0.4
1.1
0.7
1.1
1.3
1.4
1.2
1.5
1.3
0.5
0.4
0.2
-0.1
0.1
0.7
1.4
2.3
2.1
2.0
1.2
-0.4
-1.3
-2.3
-1.0
-0.1
0.6
1.7
1.8
1.4
0.7
0.8
-0.4
-0.6
-0.8
-0.2
1.3
3.0
3.2
2.2
1.6
1.1
0.4
0.5
0.5
2.3
2.6
2.6
2.6
2.4
2.6
2.5
2.6
2.1
1.9
2.0
2.8
3.1
2.9
2.2
1.9
1.1
1.3
2.6
2.2
2.3
2.9
3.5
2.9
3.1
2.1
2.7
1.5
1.2
-0.1
0.0
0.0
0.2
2.4
3.2
3.4
3.0
2.5
1.7
2.8
1.3
1.1
-0.5
-1.7
-1.7
-0.3
0.5
0.6
0.8
1.3
2.5
2.1
2.4
1.6
1.7
1.3
1.5
0.4
0.5
1.1
2.1
2.5
2.2
2.5
3.2
3.1
4.2
3.1
3.5
2.1
1.5
1.3
1.2
1.0
1.6
1.6
2.9
1.9
1.5
1.8
1.4
1.2
1.1
0.5
2.5
2.2
1.9
1.5
1.0
0.2
-0.1
0.3
1.2
2.1
1.3
-0.2
-0.1
-0.4
0.5
0.7
1.3
0.6
0.2
-1.4
-1.6
-0.7
0.0
0.2
-0.3
-1.0
-2.1
-1.3
-0.5
0.0
1.1
-0.2
0.2
0.3
0.0
0.2
-0.2
-0.7
-0.1
-1.2
-0.6
-0.2
-0.7
-1.0
-1.6
-1.4
-1.0
-0.5
0.0
0.3
0.4
0.4
0.4
-0.5
-0.7
-0.7
-0.4
-0.5
0.2
0.8
1.4
0.7
0.5
0.0
0.6
-0.6
-0.1
0.8
0.8
1.4
1.6
1.7
2.3
1.7
0.7
0.6
-0.2
-1.2
-0.3
0.0
0.7
1.5
0.6
0.6
-0.8
-1.2
-1.0
0.0
1.2
0.7
0.1
0.5
0.6
-0.1
-0.8
-1.3
-1.4
-1.5
-0.6
0.2
2.1
1.4
1.0
0.9
0.8
1.5
0.0
0.2
-0.3
0.1
1.2
2.2
3.4
4.1
3.0
3.5
2.9
2.0
2.0
1.7
0.6
0.7
0.4
1.0
1.9
1.8
2.2
2.3
1.2
0.9
1.0
2.2
2.8
3.2
2.5
2.2
1.3
0.6
1.3
1.4
1.4
1.2
1.2
0.9
1.4
1.7
2.9
2.7
2.4
2.4
1.6
1.6
1.7
0.5
-0.2
-1.8
-0.7
0.3
1.2
1.7
1.6
1.4
-0.9
-2.0
-2.6
-2.3
-1.1
0.3
1.3
1.9
1.9
3.6
3.1
1.6
0.7
-1.0
-1.8
-2.0
-1.8
-2.1
-0.2
-0.4
1.1
1.2
1.8
1.4
0.3
-0.5
-0.5
-0.3
-0.4
0.2
0.3
0.9
-0.3
-0.5
-0.2
0.5
0.2
0.5
0.5
1.7
1.9
0.9
0.8
0.5
0.4
0.3
1.1
1.1
1.1
0.5
-0.3
0.2
1.9
3.4
2.9
2.2
1.2
1.7
1.2
0.3
0.2
-1.1
-1.4
-1.2
-0.4
1.3
1.6
2.6
2.0
0.8
0.1
-0.1
0.5
0.0
-0.8
-1.4
-1.2
-1.1
-1.0
-0.6
0.3
0.5
0.5
-0.4
-0.5
-0.3
0.4
0.1
0.6
1.0
1.5
1.5
1.1
1.3
0.4
0.4
0.8
0.8
0.4
-0.7
-1.2
0.1
0.6
0.1
0.0
-0.6
0.5
0.6
1.2
0.1
0.3
0.0
0.8
1.7
1.3
0.8
-0.1
-0.8
-0.3
0.2
0.0
0.0
0.0
-1.3
-0.2
0.1
1.5
1.0
0.6
-0.1
1.4
0.9
1.0
0.9
1.2
1.2
0.7
1.5
1.0
1.1
0.5
0.6
0.7
1.6
0.4
0.4
0.3
0.4
1.2
1.1
0.2
0.1
0.5
0.2
0.3
0.6
0.5
0.3
0.6
0.0
0.2
-0.8
-0.3
0.0
-0.5
-0.6
-1.0
-0.4
0.0
-0.1
-0.1
-0.1
-0.2
-0.3
-0.5
0.0
0.0
0.0
0.1
0.0
0.0
-0.3
0.1
0.0
0.0
0.0
0.1
0.7
0.4
0.2
0.3
-0.4
-1.2
-0.8
-0.1
1.3
1.1
0.5
0.3
0.3
-0.1
-0.5
-0.5
0.0
-1.1
-0.5
-1.0
-0.1
0.1
0.0
-0.4
-0.6
-0.5
-1.2
-0.8
-1.0
-0.4
0.3
0.6
0.7
0.3
0.0
-0.3
-0.2
-0.4
0.0
-0.5
-1.8
-2.7
-1.4
-0.2
0.9
0.2
0.0
-1.3
-0.8
-0.6
-0.3
-0.5
-0.2
-0.4
-0.5
-0.4
-0.9
0.0
0.2
-0.8
-0.1
-0.3
0.0
0.2
0.6
0.3
2.4
1.2
0.6
0.0
-0.9
-0.5
-0.8
-1.3
-1.1
-1.0
-1.6
-1.2
-1.2
-1.0
-0.4
-0.3
-0.2
-1.2
-1.4
-1.2
-0.8
-0.7
-0.1
-0.3
-0.3
-0.1
0.0
0.0
-0.7
-0.6
-1.3
-1.4
-0.5
-0.4
0.2
0.3
1.8
1.3
0.4
-0.6
-1.0
-0.7
0.4
0.8
0.5
0.8
1.0
1.7
0.5
-0.4
-0.5
0.2
1.1
1.3
1.3
1.4
0.6
0.7
0.2
-0.3
0.7
2.3
2.5
3.2
2.5
1.6
2.0
1.9
2.5
2.7
3.0
2.2
3.0
4.2
3.6
3.9
3.0
3.0
2.0
0.6
0.4
0.8
1.2
-0.4
-0.1
1.0
2.4
3.4
2.2
1.3
1.4
0.9
0.8
0.6
-0.8
-0.2
0.0
0.2
-0.8
-0.4
-1.1
-0.3
-0.7
-0.8
0.3
0.8
1.3
0.8
1.2
0.3
1.0
0.1
0.5
0.4
0.4
0.0
-0.5
-0.8
-0.4
0.0
0.3
0.5
0.8
0.9
0.3
0.0
-0.5
-0.2
0.1
0.3
1.4
2.2
1.2
1.0
-0.8
-1.0
-1.2
-0.4
0.5
1.4
1.1
0.7
0.4
0.0
1.7
1.9
1.8
1.5
0.3
0.9
0.4
0.3
1.3
1.0
1.1
0.8
0.3
1.0
2.7
4.2
4.2
2.7
1.5
1.5
1.7
2.0
1.4
1.8
2.8
2.5
2.5
1.0
0.6
0.1
0.0
1.2
1.3
1.8
1.2
1.2
0.5
-0.1
0.6
1.9
1.5
1.2
1.2
-0.1
0.0
-0.9
0.2
0.9
0.4
1.1
0.6
0.1
-0.2
0.1
0.7
0.0
-0.3
-0.2
0.0
0.5
0.9
0.2
1.1
0.8
0.2
0.6
0.5
0.0
-0.8
-1.7
-1.7
-1.3
-0.3
0.8
1.6
0.4
1.0
0.4
0.3
0.6
0.3
0.6
0.4
0.4
0.1
-0.5
-0.7
0.5
2.0
2.3
1.3
-0.5
0.3
-0.5
0.3
0.3
-0.3
-0.6
-0.6
-1.8
-1.3
-2.1
-1.7
-0.7
0.6
0.5
-0.5
-0.5
-1.6
-1.5
-2.3
-1.7
0.1
0.6
0.9
1.3
1.5
1.1
1.3
1.0
0.0
-0.6
-0.7
-0.2
0.1
0.9
0.5
-0.6
-0.8
-0.4
-0.3
-1.0
-1.7
-0.7
0.2
0.3
0.3
0.1
-0.4
0.0
-0.4
-0.1
-0.2
0.5
0.1
0.0
0.0
-0.6
-0.2
-0.1
0.9
0.8
-0.3
-0.7
-0.7
-1.6
-1.4
-2.0
-1.8
-1.3
-0.8
-0.5
-0.5
-0.6
-0.7
-0.2
-0.3
-1.6
-1.9
-1.1
-1.3
-1.0
-1.0
-1.1
-0.3
-0.4
-0.3
0.4
-0.1
-0.4
-0.6
0.1
-0.5
0.5
-0.2
0.9
1.0
1.0
1.2
1.1
0.6
0.5
0.9
0.8
0.5
0.7
0.2
1.4
1.2
0.9
-0.1
0.6
0.9
1.9
1.0
1.7
1.3
0.7
1.5
0.7
0.9
1.5
1.5
2.1
1.6
2.0
2.1
0.3
0.0
0.5
1.7
2.6
3.1
3.7
2.7
2.2
1.6
1.7
1.5
1.0
0.9
0.5
0.5
1.0
0.8
1.4
0.6
0.9
0.8
1.2
1.6
2.0
3.1
2.4
1.8
0.3
0.8
0.0
1.3
1.2
0.7
1.2
0.8
0.5
0.4
-0.1
0.4
0.9
1.4
1.4
2.1
0.5
1.3
0.5
1.7
1.5
0.0
0.5
1.1
0.9
0.0
-0.9
-0.8
0.2
1.2
2.3
2.7
2.4
1.9
2.5
3.1
1.9
0.5
0.7
1.8
1.0
2.4
2.3
3.0
2.3
2.3
2.9
3.6
2.3
2.0
1.8
2.2
3.0
3.7
4.3
2.8
0.7
0.3
0.6
1.7
2.4
2.4
2.7
3.0
3.7
4.2
4.0
2.3
1.3
0.3
-0.1
0.1
1.3
1.8
1.1
0.3
0.1
-0.5
-0.2
0.0
0.8
1.9
2.0
1.7
0.9
-0.3
0.6
1.4
1.9
1.4
0.2
0.0
-0.7
-0.6
0.0
-0.8
-0.6
-1.0
0.4
1.1
1.6
2.0
1.1
-0.3
-0.5
-0.3
0.7
1.6
1.2
0.9
0.5
0.5
0.4
0.7
0.4
0.5
0.3
0.1
0.1
-0.1
-1.1
-1.0
0.0
0.6
0.7
0.1
-0.1
-0.1
-0.5
-0.6
0.2
0.1
1.0
1.0
0.3
0.2
0.0
0.4
0.9
0.2
-1.2
-0.9
0.0
1.3
0.7
-0.1
1.0
0.4
0.4
-0.2
-0.1
1.7
0.2
0.1
0.1
-0.3
0.7
0.8
1.4
1.0
0.5
0.8
0.9
0.4
-0.4
0.2
0.9
1.3
1.0
2.0
2.0
1.6
1.4
0.5
1.2
0.2
0.0
0.8
1.0
2.3
2.5
3.9
3.4
2.5
1.3
0.7
0.0
-0.9
-0.5
-0.3
1.2
0.8
2.3
2.4
2.9
2.8
1.9
2.1
1.3
-0.2
-0.4
-0.8
-1.1
-0.4
0.2
1.2
1.6
1.3
0.4
-0.5
-0.5
-1.1
-0.1
-0.6
0.0
0.2
0.8
2.0
2.4
1.8
1.7
1.8
1.3
0.7
-0.1
0.6
-0.4
0.4
1.5
1.6
2.1
2.2
2.2
2.0
0.9
0.0
-0.8
0.0
-0.1
1.0
2.1
2.4
2.1
3.1
2.6
1.9
0.0
-1.2
-1.7
-1.9
0.1
1.3
2.4
2.8
2.2
1.8
1.4
1.5
2.3
2.4
2.5
2.6
2.3
2.7
2.0
2.5
2.4
1.9
2.3
2.1
2.5
2.0
2.3
2.4
2.2
1.2
1.9
1.2
1.7
1.8
2.7
2.9
2.3
2.2
1.1
1.5
1.1
1.4
1.1
0.7
1.1
0.8
0.6
1.0
1.5
1.2
1.5
1.2
1.2
0.6
0.0
0.8
1.0
2.6
2.5
2.9
2.0
1.0
1.0
-0.1
0.0
1.1
2.3
3.4
3.4
2.5
1.9
0.5
0.6
-0.2
0.2
1.8
1.9
2.8
1.7
2.4
1.2
1.6
1.9
2.0
1.8
1.2
1.5
1.6
2.9
2.4
2.5
2.0
2.1
2.3
2.2
1.9
1.2
1.5
1.7
1.7
1.5
1.0
0.8
1.8
1.9
2.4
1.8
2.5
2.8
3.1
2.7
2.8
2.3
1.7
0.8
1.1
1.1
1.4
1.2
1.9
0.6
1.5
1.7
1.5
1.6
-0.1
-1.0
0.2
0.5
0.8
1.5
0.8
1.3
1.7
1.5
1.5
0.1
-0.4
0.3
1.2
2.0
2.5
2.0
1.3
1.4
2.2
2.4
2.8
2.2
1.9
1.0
0.0
0.5
1.7
2.1
2.6
1.8
1.2
2.4
2.3
1.5
0.8
0.9
1.2
1.6
0.8
0.9
0.6
-0.4
0.0
0.4
0.8
0.6
0.0
0.3
0.3
0.3
1.0
0.9
-0.5
-0.9
0.4
0.8
1.0
1.2
1.4
1.3
1.5
1.2
0.0
-0.7
-1.7
-1.4
0.0
-0.3
0.9
0.5
1.4
1.6
1.0
0.0
-1.2
-0.6
0.9
1.4
1.7
0.5
0.7
0.4
0.1
0.3
-0.1
0.6
0.2
0.7
1.8
0.3
0.5
0.3
1.5
2.4
2.2
2.0
1.8
1.2
0.8
0.1
0.3
0.7
2.0
2.2
2.2
1.1
0.5
2.0
2.5
2.0
2.3
1.9
1.8
2.4
2.1
2.4
2.6
2.0
2.1
3.5
3.3
3.4
2.7
1.7
1.3
1.3
1.2
2.1
1.9
2.3
2.7
1.8
0.9
0.2
-0.1
0.2
1.2
2.5
2.8
1.9
1.0
0.5
1.1
-0.2
-1.0
-1.0
-0.5
0.3
1.6
1.8
2.7
1.9
1.3
0.0
-0.8
-1.5
-0.7
-0.2
0.2
1.8
2.4
2.4
2.5
1.9
1.3
1.0
1.1
1.2
1.1
1.2
1.1
1.9
1.3
0.7
0.9
1.0
1.2
1.1
0.7
0.4
0.4
0.9
1.2
0.7
0.5
0.0
-0.2
0.1
0.4
1.6
1.2
0.3
0.5
0.5
0.6
0.5
-0.2
0.6
0.0
0.0
0.1
-0.3
0.6
-0.2
0.3
-1.2
-1.3
-1.4
-1.2
-0.3
0.0
1.7
1.6
1.4
0.9
-0.1
-1.8
-1.0
-1.2
0.1
-0.7
-0.9
0.0
0.8
0.1
0.1
-1.0
-1.4
-1.4
-1.8
-1.0
-0.6
0.2
-0.2
-0.1
-0.1
-0.5
-0.5
0.7
0.3
0.3
-0.5
-1.4
0.0
0.4
0.1
-0.4
-0.4
-0.1
-0.3
-1.1
-0.7
-1.6
-1.3
-1.6
-1.0
-1.2
-0.9
-1.2
0.7
1.8
1.5
2.0
0.5
-1.2
-2.4
-4.0
-1.5
0.0
1.2
1.9
0.3
0.8
0.3
0.9
0.6
0.5
1.0
1.4
1.0
-0.4
-0.3
-0.6
-0.2
0.0
0.6
1.7
3.3
3.1
3.2
2.4
2.4
1.6
0.0
-0.4
-1.7
-1.8
-1.1
-0.5
1.3
2.5
3.4
2.9
2.1
1.7
2.1
1.2
0.7
0.6
0.3
0.7
0.4
0.9
2.0
2.7
3.0
2.3
1.3
0.0
-1.0
-1.3
-0.4
-0.1
0.7
0.5
1.5
2.8
2.9
3.2
3.2
3.9
1.4
1.7
1.5
2.2
2.6
2.6
3.1
3.7
3.2
2.5
2.2
2.0
3.5
3.2
4.0
2.9
3.6
4.2
3.6
2.9
2.5
2.6
2.1
3.6
3.5
2.9
3.2
3.5
2.5
1.7
1.4
2.2
2.7
1.4
1.9
2.2
2.2
1.7
1.8
0.5
0.8
0.3
1.6
2.5
2.8
2.4
3.2
1.9
2.1
3.5
3.0
3.2
2.6
0.2
0.1
0.7
0.7
1.5
1.6
0.9
1.1
0.5
0.8
0.2
0.4
0.2
-0.3
-0.3
-0.6
0.4
1.3
1.9
1.6
1.2
1.3
1.4
2.1
1.6
1.2
1.1
0.8
0.0
-0.8
-1.2
-0.9
-1.6
-1.0
-0.6
0.2
0.8
1.3
2.4
2.7
2.1
0.8
1.0
1.3
1.3
1.0
1.7
1.6
1.3
0.1
-0.7
-0.3
-1.2
-0.2
0.9
3.1
3.8
3.5
3.0
1.1
0.5
0.1
0.0
1.5
1.3
2.9
3.3
3.2
3.5
2.8
2.7
2.3
1.7
1.8
1.5
1.0
1.0
0.1
-0.7
-1.2
-0.3
1.3
2.5
2.3
2.4
1.8
2.4
1.5
1.8
1.3
1.4
1.8
1.6
1.8
2.6
2.9
1.6
0.1
-1.7
-2.2
-2.4
-1.2
0.0
1.4
2.0
2.0
0.8
1.3
1.1
1.8
1.2
1.0
1.1
2.0
2.3
2.5
3.2
3.3
3.7
3.0
1.3
0.8
0.0
-0.5
0.6
0.6
2.2
2.5
2.0
1.1
-0.1
-1.0
-1.6
-0.6
-1.1
-0.2
0.2
0.8
1.1
1.9
3.1
3.4
4.4
3.5
4.2
3.8
3.8
2.4
1.9
-0.4
-0.7
0.0
-0.7
0.0
0.0
0.5
0.4
0.8
0.8
1.3
2.1
3.5
2.2
2.3
1.0
0.6
0.4
-0.6
-1.0
0.0
-1.0
-0.8
-0.6
-1.3
-1.2
-0.8
-0.5
0.1
0.9
1.7
1.6
1.4
0.7
1.4
1.1
1.1
1.0
0.0
0.4
-0.1
-0.2
-0.7
-1.8
-1.0
-1.1
-1.3
-0.7
-0.7
0.5
-0.5
-0.1
0.5
1.7
2.6
3.0
2.5
2.5
3.4
3.6
2.4
1.5
1.6
1.0
1.7
0.8
0.3
-0.6
-0.8
-0.5
-0.6
-0.4
-0.6
-0.7
1.4
1.0
2.1
1.8
1.7
1.6
2.0
2.0
2.0
1.8
2.5
3.2
3.1
2.5
0.9
1.7
1.7
1.6
0.6
-0.3
-1.2
-1.6
0.1
1.3
1.6
1.2
0.3
0.2
0.9
0.4
1.2
2.1
1.5
1.0
1.4
2.2
2.9
2.7
2.5
1.9
2.9
2.7
2.1
2.6
2.9
2.6
3.0
2.0
0.3
0.0
-1.7
-1.7
-1.5
-1.7
-2.2
-1.4
-0.6
0.6
2.3
1.6
1.2
0.7
-0.5
-0.8
-0.5
-1.5
0.0
1.8
1.8
1.9
1.6
1.9
2.9
2.8
0.8
0.0
-0.2
0.1
1.3
-0.5
-1.4
-1.5
-0.4
-0.4
0.2
-0.7
-0.6
-0.2
0.8
0.5
1.2
0.1
0.1
1.6
1.1
2.7
2.0
1.6
1.5
-0.1
-0.7
-2.2
-2.7
-3.2
-4.0
-4.0
-2.8
-1.1
-1.3
-1.8
-1.3
-0.7
0.3
0.7
0.0
1.1
1.4
1.7
1.6
0.8
0.0
0.3
1.1
-0.3
-0.1
-0.5
0.7
0.6
1.0
1.2
1.0
1.4
0.9
0.2
0.0
-1.4
-2.4
-2.8
-2.4
-2.8
-1.2
0.8
2.2
3.2
3.4
3.2
2.2
1.0
0.3
-0.6
-0.9
-0.9
-1.1
-1.6
-1.4
0.6
1.8
1.7
0.4
-0.7
-1.1
-0.5
0.0
0.8
0.1
0.4
0.1
1.8
2.4
1.3
1.1
0.1
0.4
0.6
1.3
2.1
2.1
1.5
1.2
0.3
0.0
-1.6
-2.4
-2.0
-2.1
-0.7
0.0
-0.1
-1.0
-2.0
-1.6
-0.6
-0.4
-1.2
-1.3
-0.7
-0.9
-0.8
-0.2
-0.5
0.4
1.2
2.0
1.9
0.5
-1.0
-1.4
-1.8
-1.9
-1.8
-0.6
-0.1
1.2
0.9
1.0
0.2
0.2
-0.6
-0.7
-0.9
0.0
0.0
0.3
-0.5
-0.9
-0.6
-0.2
-0.1
0.0
0.2
0.0
-0.1
-0.6
0.0
-0.4
-0.5
-1.0
-1.5
-1.7
-1.9
-2.0
-1.6
-0.6
-0.7
0.3
0.8
1.0
1.8
1.0
-0.2
-0.8
0.0
-1.0
-0.4
-1.2
-1.1
0.3
0.9
0.4
0.2
0.6
0.0
-0.1
-1.7
-0.8
0.2
0.4
-0.3
0.1
0.0
0.1
1.1
1.7
0.7
0.7
-0.7
-0.4
0.2
0.7
1.5
0.6
0.3
0.4
1.7
2.7
3.7
3.7
2.7
1.7
0.4
1.0
1.7
2.2
2.9
2.3
3.2
3.8
4.6
5.0
4.0
3.0
2.4
1.4
1.4
2.0
1.5
1.9
2.1
2.2
2.2
2.0
2.8
2.1
2.4
1.8
2.0
2.0
1.6
2.4
1.8
1.5
2.1
3.1
3.0
2.3
1.8
1.6
1.6
1.4
1.9
1.2
0.6
1.0
1.3
1.1
0.2
-0.5
-0.1
0.6
1.3
1.4
1.5
0.8
1.0
1.0
2.0
2.0
0.9
-0.3
-0.2
-0.7
-0.6
0.3
0.8
1.4
1.2
-0.8
-1.0
-1.0
-0.5
0.0
-0.5
0.5
0.3
1.0
0.9
0.7
0.5
0.0
0.0
0.1
-0.1
-0.9
-1.2
0.0
0.5
0.1
1.7
1.8
1.6
1.6
0.0
0.2
0.4
1.0
0.7
0.5
0.6
0.1
1.5
1.5
1.7
0.8
0.5
1.1
1.7
1.5
0.4
-0.2
0.0
0.0
-0.4
0.0
0.0
0.1
-0.1
-0.3
0.9
1.6
0.7
-0.1
-0.9
-0.6
-0.1
0.0
1.7
1.7
2.0
1.9
1.4
0.6
-1.6
-2.2
-2.4
-1.8
-0.7
0.3
0.9
0.5
0.6
0.6
0.9
0.6
0.1
-0.6
-0.3
0.1
-0.2
-0.9
-1.0
0.2
0.3
1.1
0.1
0.5
-0.1
-1.1
-1.4
-0.7
-0.1
-0.6
-0.4
-0.8
-1.4
0.2
0.0
0.5
-0.2
-1.0
-1.4
-0.5
-0.2
0.7
1.4
1.2
0.6
-0.1
-1.2
-1.0
-1.4
-1.3
-0.3
-0.3
0.0
0.0
0.7
0.7
0.6
0.4
1.0
0.5
0.1
0.8
0.9
1.2
0.6
-1.1
-0.9
-0.6
-0.6
-0.1
0.3
0.1
1.1
1.2
0.7
-0.7
-0.2
-0.2
0.4
0.3
0.6
0.8
0.8
0.1
-0.6
-1.3
-1.4
-0.6
0.1
0.5
0.9
1.1
0.8
0.3
0.8
1.7
1.6
0.7
-0.5
-1.5
-1.5
-1.1
-1.0
-0.3
-0.8
0.0
0.0
0.3
1.0
0.6
0.8
1.0
0.6
0.0
-0.6
-0.1
0.0
0.3
0.5
0.1
0.1
-0.2
-0.2
0.0
-0.1
-0.5
-1.2
-0.7
-0.9
0.2
0.0
0.0
-0.2
0.5
1.6
1.6
2.2
2.0
2.4
2.7
1.3
-0.3
-1.0
-1.6
-1.0
-1.0
-0.6
-0.8
0.2
-0.8
-0.3
0.0
0.7
0.4
0.6
-0.1
0.5
1.2
1.2
1.6
1.6
1.4
0.1
-0.1
0.6
1.1
1.3
0.5
-0.4
0.1
0.0
0.8
0.9
0.1
0.0
0.8
1.0
1.0
1.2
1.0
1.0
1.0
1.7
1.4
1.7
0.8
1.4
1.8
1.8
1.2
0.5
0.3
1.4
1.4
2.3
1.7
1.6
0.8
0.7
0.7
1.7
2.3
2.0
2.3
1.9
1.6
1.6
1.0
0.2
0.6
0.6
1.3
1.6
1.3
0.0
-0.4
-0.1
0.1
0.7
0.1
1.3
1.0
0.3
0.7
0.7
2.1
1.5
0.5
-0.4
-0.6
0.3
1.0
1.1
1.0
0.5
-0.2
-0.6
-0.1
0.4
0.0
0.0
-0.5
-0.1
0.3
-0.3
-0.4
0.1
-0.3
0.0
-0.7
-0.9
-0.5
0.3
0.6
0.3
-0.6
-0.9
-0.3
0.9
1.3
1.2
0.0
-0.7
-0.6
-0.9
-0.5
-0.8
0.1
0.1
0.0
-0.6
-1.0
-0.8
-0.1
0.4
0.1
0.7
0.3
-0.2
-1.3
-0.7
-0.4
0.6
-0.3
0.3
0.8
0.7
0.2
-0.9
-0.3
-0.4
0.0
-0.5
0.0
-0.4
-0.9
-1.0
-0.4
-0.4
0.1
0.6
0.0
0.2
-1.0
-0.9
-1.2
-1.6
-1.8
0.1
0.4
0.3
0.3
0.0
0.1
0.1
0.4
-0.6
0.0
1.1
0.3
0.2
-0.5
-1.2
-0.7
-1.0
-0.6
0.6
0.8
1.4
1.0
0.1
-0.2
-0.9
-0.6
-0.4
0.3
0.2
0.4
0.5
0.8
0.4
0.3
0.0
0.4
0.0
0.3
0.2
0.5
0.6
1.0
1.5
2.3
1.7
0.8
-0.2
-1.0
0.0
1.0
0.9
0.9
1.6
1.0
1.4
0.8
0.6
0.8
0.3
-0.2
-1.6
-1.5
-0.7
-0.2
0.2
-0.2
-0.8
-0.5
-0.3
-0.6
-0.5
-1.2
-0.9
-1.4
-1.3
-1.1
-0.5
-1.0
-1.3
-0.9
-1.2
-0.9
-0.9
0.5
0.8
1.1
0.4
0.0
-0.3
-1.8
-2.6
-0.6
-0.8
0.4
0.0
0.4
0.2
-0.5
-0.8
-1.1
-1.3
-0.4
-1.0
-0.3
-1.1
0.1
0.8
0.6
0.9
-0.1
-0.2
-0.9
0.0
0.4
0.7
0.3
0.1
1.3
1.1
0.8
0.9
1.0
0.2
1.3
0.4
0.7
0.6
0.0
0.0
0.7
0.9
1.7
2.4
1.5
1.7
1.9
0.6
0.8
0.6
1.2
3.0
2.9
2.7
2.1
1.1
1.7
2.0
1.7
2.2
1.9
2.7
2.2
2.0
2.4
2.4
1.6
0.8
0.1
0.1
0.0
0.0
0.0
0.5
0.3
0.4
0.0
0.3
0.6
0.2
0.2
0.3
0.5
-0.3
0.2
-0.9
0.0
-1.0
-1.6
-1.2
-1.2
-0.4
0.4
-0.4
0.3
-0.6
-0.6
-0.3
-0.4
0.2
0.0
-0.5
0.1
-0.3
0.0
-0.6
0.1
-0.3
-0.6
-0.5
0.5
0.7
0.6
0.0
0.2
0.3
0.0
0.5
0.4
0.0
0.0
1.1
1.3
1.0
0.3
-0.3
-1.3
-1.6
-1.5
-1.0
-1.0
-0.7
-0.8
-0.1
-0.8
-1.6
-2.3
-1.8
-0.6
-0.3
-0.3
-0.3
-0.7
-0.5
-0.9
-1.3
-1.5
-2.0
-1.7
-0.8
0.0
0.3
0.5
0.4
0.0
0.1
-0.4
-1.7
-1.9
-1.7
-0.9
-0.2
-0.1
0.5
1.3
1.7
0.0
0.4
0.4
-0.2
0.0
-1.5
-1.7
0.1
-0.1
0.4
1.1
0.0
-0.2
0.3
0.1
1.1
1.0
1.6
1.2
0.2
-0.9
-1.3
-2.0
-1.5
-1.2
0.2
0.3
0.8
2.1
1.6
-0.6
-2.4
-2.4
-0.7
0.2
0.0
0.1
0.2
-0.7
-0.9
-0.6
-1.2
-1.5
-2.2
-2.1
-1.9
-1.1
-0.4
-0.4
0.3
-0.1
0.0
-0.8
0.0
-1.1
-0.8
-0.6
-0.1
0.3
-0.5
-1.7
-0.6
-0.4
0.0
0.3
0.1
0.3
0.3
0.9
-0.2
-0.3
-0.2
0.2
0.2
0.1
0.1
0.3
0.5
1.0
1.1
0.0
-1.1
-1.7
-1.4
-1.3
-0.8
1.0
1.5
2.2
1.6
2.3
1.2
1.0
0.1
-0.7
-0.4
-1.3
-1.6
-1.1
0.3
0.9
1.0
0.4
-0.1
0.2
0.6
0.5
1.1
1.8
0.8
1.1
1.0
1.9
1.8
0.5
-0.7
0.0
-0.4
-0.5
-0.7
-1.1
-0.8
-0.5
0.0
1.4
0.8
0.6
0.3
0.5
1.0
1.0
0.6
0.3
0.0
0.8
0.2
0.0
-0.1
0.3
0.2
0.6
-0.5
0.5
0.4
1.1
1.0
0.6
0.6
0.8
0.9
0.9
1.4
1.2
1.0
-0.4
-0.8
-0.8
-0.5
-0.2
-0.1
0.9
0.3
0.7
0.4
0.5
0.5
0.2
-0.5
0.5
0.0
-0.1
1.0
0.3
0.6
0.2
0.1
-0.2
-0.6
-1.5
-0.9
0.0
0.0
-0.6
0.0
0.0
0.3
-0.1
0.0
0.3
0.2
0.9
-0.4
-0.2
-0.4
0.0
-0.1
-0.1
-1.6
-0.9
-0.5
0.0
0.5
-0.4
-1.3
0.0
-0.2
0.9
0.3
0.0
0.4
1.1
0.7
1.1
0.6
0.8
1.7
1.8
1.0
0.7
-0.1
1.0
1.5
1.7
1.0
1.5
1.9
0.8
1.4
2.4
2.5
2.8
1.8
2.2
1.4
0.6
0.7
1.2
0.6
0.2
0.4
0.4
0.1
-0.1
1.4
1.1
0.5
0.2
0.0
0.4
0.4
0.2
0.8
1.0
1.8
3.0
2.5
2.4
1.3
0.4
-0.6
-0.4
-0.1
0.6
0.8
0.6
0.7
-1.1
-2.4
-2.3
-1.4
-1.5
-0.4
0.5
0.8
0.5
-0.2
-0.9
-0.1
-0.5
0.0
0.3
0.8
-0.5
-1.6
-2.3
-1.3
-1.0
-1.6
-2.0
-2.0
-0.4
0.0
-0.2
-0.9
-0.6
-0.1
0.9
0.4
-1.2
-1.5
-1.0
-0.6
0.9
0.8
0.7
-0.3
-0.8
-0.5
-0.4
-1.5
-1.0
-0.8
0.1
-0.6
0.1
0.7
0.3
0.5
0.3
-0.1
0.0
-1.0
-0.4
-0.2
-0.6
-1.3
-0.6
-0.2
-0.2
-0.2
-0.7
-0.5
0.1
-0.2
0.0
1.0
0.2
-0.3
-0.4
-0.5
-0.1
-1.2
-0.5
-0.3
0.3
1.3
0.2
0.1
-0.3
-1.2
-0.5
0.0
-0.5
-0.9
-0.5
-0.1
-0.2
-0.2
-0.8
-0.2
0.7
0.7
0.3
-0.1
-1.1
-1.0
-1.2
-1.0
-0.6
-0.6
0.2
-0.2
0.0
-0.7
-0.8
-0.1
-0.1
0.6
-0.5
-1.3
-1.9
-1.3
-0.6
-0.7
-0.4
0.1
-0.6
-1.2
-1.4
-1.0
0.3
-0.4
0.3
0.6
1.2
-0.4
-0.4
-0.1
0.1
0.2
-0.1
0.0
-0.1
0.4
0.1
0.6
0.0
0.2
0.7
0.8
-0.1
-1.7
-1.5
-0.3
0.4
0.5
-0.6
-0.7
-0.6
-0.3
-0.5
-0.8
-0.7
0.0
-0.1
-0.1
0.6
-0.6
-0.7
-0.2
-0.3
-0.4
-0.3
0.0
0.2
1.2
0.0
1.1
1.2
1.0
0.0
-0.5
-0.1
0.1
0.8
1.6
1.2
1.0
0.0
-0.8
-1.2
-0.9
-0.4
0.0
0.5
0.0
0.0
0.3
0.7
1.1
0.9
-0.4
-0.7
0.0
0.8
0.7
-0.3
-0.4
-0.6
-0.2
0.5
0.2
0.0
-0.4
-0.4
-0.3
0.4
0.5
0.7
1.3
0.8
0.9
0.4
0.9
0.6
0.5
0.0
0.6
0.8
1.0
0.7
0.0
0.4
0.7
0.7
2.0
0.7
1.0
0.2
-0.5
-0.2
0.0
0.1
0.2
1.2
1.9
1.6
1.7
0.9
0.9
-0.1
-1.2
-0.9
-0.1
1.4
2.5
2.5
2.3
1.8
1.4
1.0
2.3
1.8
2.5
1.9
1.3
1.1
0.7
0.8
1.3
1.1
1.7
1.0
1.6
2.1
1.3
0.0
-1.3
-1.8
-1.0
-1.0
0.3
0.1
1.7
1.1
1.8
0.8
0.1
0.1
0.4
0.9
0.0
0.0
0.9
1.0
1.6
1.2
0.8
0.5
0.2
-0.4
-1.3
-1.0
-0.1
1.2
0.9
0.3
1.0
2.1
2.1
1.8
1.1
-0.2
-0.4
0.0
0.5
0.3
1.0
1.5
2.7
2.1
2.7
4.0
4.6
2.8
2.4
1.1
2.2
3.4
2.7
2.5
1.6
1.9
2.7
3.1
3.5
2.3
1.4
1.2
0.8
1.9
2.0
2.3
2.5
1.8
0.5
0.6
1.3
1.0
0.6
0.4
0.3
0.6
-0.4
0.4
0.6
0.7
0.8
0.5
1.2
1.2
1.9
1.2
-0.1
0.3
0.3
-0.6
-0.9
-1.1
-0.1
2.1
1.6
2.6
0.8
-1.4
-1.3
-1.5
-0.7
-0.5
0.0
2.4
3.0
3.5
2.9
1.6
0.2
0.0
-0.3
0.3
0.2
0.5
1.6
1.7
2.2
2.8
2.9
2.8
2.9
2.7
2.0
2.2
1.9
2.0
1.5
0.3
1.1
0.3
1.3
1.3
1.5
3.1
3.4
3.3
2.8
1.8
1.3
2.7
1.4
0.8
0.5
0.6
1.5
3.0
1.5
1.8
0.9
1.9
3.2
3.4
2.1
1.2
0.9
0.3
0.5
0.4
0.6
-0.6
1.1
1.3
1.8
1.4
0.9
1.0
0.6
1.0
1.3
1.5
2.4
3.0
2.4
2.2
2.2
2.0
0.2
-0.6
-1.4
-0.5
-0.6
-0.8
-0.1
0.1
0.6
1.2
1.6
1.2
0.9
0.3
0.0
-0.5
0.4
0.2
0.4
0.0
-0.2
0.2
-0.3
-0.6
-0.3
0.6
-0.2
0.1
0.6
-0.5
1.2
0.8
1.3
0.5
1.7
2.3
2.0
0.1
0.6
0.1
0.3
-0.8
-0.3
0.0
0.2
1.5
1.9
0.2
0.0
0.0
1.1
1.4
1.9
1.0
1.4
0.0
0.5
1.1
1.2
0.2
0.1
-1.0
-0.5
-0.6
0.4
2.5
2.5
2.0
1.0
0.8
1.6
1.6
2.8
2.0
1.7
0.7
-0.4
-0.7
-1.2
-0.2
1.5
2.7
3.0
1.9
2.3
3.0
2.2
1.0
-0.2
0.6
1.0
1.1
1.3
2.0
1.6
0.8
1.3
1.1
0.9
1.0
1.0
1.6
1.5
0.6
0.3
-0.7
-0.6
0.2
1.7
1.4
1.7
1.7
0.9
0.0
0.5
1.3
1.7
1.7
1.7
1.2
0.3
-0.7
-0.3
0.7
0.9
1.2
0.4
0.0
-0.3
0.3
0.6
0.1
1.0
0.6
0.2
-0.3
-0.4
0.1
1.0
1.2
1.8
1.4
0.8
0.6
0.2
-0.9
-0.2
0.0
1.0
0.8
0.2
-0.2
-0.2
-1.0
0.5
0.9
0.9
0.3
0.6
0.0
1.1
0.6
0.7
0.4
0.1
0.5
0.3
0.2
0.1
1.8
2.2
2.6
1.7
1.3
1.4
1.2
0.8
1.2
2.5
3.5
3.6
1.5
-0.1
-1.1
-0.5
0.5
2.7
3.3
3.1
1.4
0.8
0.6
0.9
0.0
0.8
1.1
2.1
1.9
3.2
4.0
4.4
3.8
3.2
3.5
3.7
3.8
4.1
2.5
2.0
2.7
2.0
3.6
3.6
3.5
4.2
4.1
3.6
2.5
3.0
2.2
2.6
2.3
1.8
2.2
3.0
3.1
2.4
1.2
-0.2
0.2
1.1
2.0
3.1
2.6
3.6
2.9
2.8
2.3
2.7
3.9
4.8
3.5
2.6
2.2
2.3
2.4
2.6
2.0
2.2
2.9
2.5
1.4
1.8
2.0
2.4
1.5
2.2
1.8
2.5
3.0
2.2
1.7
2.3
1.7
3.0
2.6
2.5
3.0
3.2
2.3
2.4
2.2
2.7
1.4
1.5
0.7
-0.2
-0.2
-0.6
-0.4
0.9
1.1
1.9
1.8
0.9
0.1
0.6
0.4
1.1
1.6
1.4
1.1
0.9
1.5
1.3
0.5
0.2
0.9
2.9
2.5
1.9
0.5
0.6
2.1
2.9
3.0
2.6
2.2
2.4
2.1
0.3
0.9
1.5
1.5
2.2
1.2
2.4
1.9
0.9
0.8
0.3
0.8
1.6
1.8
1.3
0.4
0.0
0.4
1.1
0.6
2.0
2.4
2.4
1.2
0.1
0.0
1.0
1.1
1.4
1.7
0.8
1.0
0.3
-0.3
-0.6
-0.7
1.2
1.6
1.8
1.3
2.0
2.0
2.6
1.3
1.0
1.3
1.4
0.9
0.9
0.5
0.4
1.6
1.5
2.0
2.2
1.0
0.7
0.6
1.9
3.1
3.3
2.4
3.4
1.6
0.3
0.0
0.2
1.4
1.5
1.8
1.6
1.5
0.9
2.5
2.0
1.3
0.8
1.7
1.3
1.3
1.1
0.9
0.7
0.1
1.1
0.8
0.4
0.5
1.8
1.9
0.9
1.5
1.0
1.9
1.8
2.1
2.9
2.4
0.8
0.9
0.3
0.1
0.8
1.8
1.4
1.7
1.5
1.5
1.7
0.8
0.6
1.0
0.3
-0.6
0.3
-0.1
0.9
0.7
1.2
1.8
2.2
1.3
1.0
0.9
0.8
0.4
0.0
-0.7
-0.2
-0.3
1.6
1.0
0.8
0.9
1.0
0.3
0.7
0.3
-1.1
-1.4
-2.5
-1.8
-0.5
0.4
0.5
0.7
-0.3
0.0
0.0
-0.3
0.2
-0.6
-1.8
-2.6
-1.9
-1.2
0.3
0.5
2.0
1.5
1.8
1.1
2.4
1.6
0.5
-0.2
-0.2
0.2
-0.8
-1.5
-1.3
-0.6
1.3
0.5
1.2
0.7
0.8
0.4
0.0
0.5
-0.2
1.4
1.3
1.3
0.6
0.4
-0.3
0.0
0.0
0.9
0.1
0.2
-0.4
0.2
0.0
-0.5
0.4
0.0
0.1
1.1
1.5
1.4
0.8
0.4
0.0
1.5
0.5
0.2
0.1
0.6
1.3
1.4
1.0
1.0
1.0
0.8
-0.3
0.5
-0.3
-0.2
0.0
1.1
0.2
0.0
-0.5
0.4
0.7
0.1
0.0
0.1
0.2
-0.5
-1.3
-1.4
-0.6
-0.8
0.0
-0.4
-0.1
-0.3
0.1
-0.1
0.6
0.0
-0.1
-0.4
0.7
0.3
0.2
0.2
0.0
-0.1
0.6
0.7
1.8
0.3
-0.1
-0.6
-0.7
-1.6
-0.5
0.2
1.5
1.0
0.0
-0.3
-0.7
-0.2
-0.2
0.2
0.1
0.0
0.3
-0.5
-0.2
-0.6
-0.2
-0.7
-0.6
0.0
0.7
1.4
0.9
1.4
1.3
1.2
1.3
2.0
2.5
1.9
1.6
1.4
1.9
1.0
1.7
2.0
1.7
2.2
1.3
1.9
0.6
0.9
1.2
0.8
2.3
1.7
1.7
0.8
0.6
0.3
0.0
-0.4
0.8
1.1
0.3
-0.7
-1.2
-0.5
0.5
0.2
0.7
1.0
0.6
0.3
-0.1
-0.3
0.0
0.0
-0.1
0.2
-0.5
-0.2
-0.8
-0.3
-0.2
1.1
1.3
0.1
-0.6
-0.1
0.6
0.9
0.5
0.0
-0.3
-1.6
-0.8
-1.7
-0.9
-0.7
0.1
0.0
-0.2
-0.8
0.0
-0.1
-1.0
-1.0
-1.0
-0.5
-0.6
-0.8
-1.3
-1.4
-1.0
-1.0
-1.0
-0.6
-0.1
-0.4
-0.3
-0.4
-0.9
-0.6
-1.0
-1.7
-1.5
-2.1
-1.7
-1.4
-1.2
0.1
-0.7
-1.0
-2.1
-2.1
-2.0
-1.5
-1.4
-0.8
0.0
0.1
-0.3
-0.8
-1.2
-0.6
-0.6
-0.6
-0.5
-1.0
-0.6
-0.5
-0.5
0.0
-1.1
-0.6
-0.4
0.3
-0.5
-1.1
-0.9
-2.0
-1.9
-2.2
-1.6
-1.0
-0.4
0.4
0.4
0.7
0.4
0.0
0.1
-0.9
-1.1
0.1
0.0
-0.1
0.0
-0.7
-0.8
-0.7
-1.4
-1.5
-1.7
-1.5
-1.0
-1.2
-0.8
-0.5
-1.0
-1.5
-2.4
-1.6
-1.1
-0.5
-0.2
-1.7
-2.7
-2.3
-1.9
-0.3
0.2
0.6
1.0
-0.1
-0.6
-1.3
-2.1
-2.7
-3.8
-3.8
-1.3
-0.6
-0.3
-0.6
-1.1
-0.9
-1.6
-1.7
-0.5
0.9
0.1
-0.1
-0.5
-1.4
-1.4
-1.2
-0.2
0.9
0.7
0.7
1.2
-0.1
-0.9
-1.2
-1.1
-0.7
-1.0
-1.3
-1.4
-1.6
-1.4
-0.7
-0.1
-0.8
-0.3
0.4
-0.3
-1.3
-2.7
-2.2
-2.0
-2.4
-2.6
-1.3
0.0
0.7
1.2
-0.1
-0.2
-0.1
-0.3
-0.3
-1.6
-1.7
-2.6
-1.3
-1.0
-0.3
0.0
0.3
0.5
-0.4
-1.1
-1.4
-1.5
-1.3
-0.3
-0.5
-0.8
-1.7
-1.4
-1.5
-1.6
-1.5
-0.6
-1.2
-1.4
-1.4
-0.8
-0.9
-1.8
-1.2
-0.3
0.6
0.9
0.5
1.2
1.0
-0.5
-1.0
-2.0
-1.5
-1.0
-0.5
-0.1
0.5
0.0
0.8
0.3
0.7
0.8
1.9
1.3
1.7
2.2
1.1
0.9
-1.3
-1.5
-0.8
-1.2
-1.2
-2.2
-1.9
-2.0
-1.4
-0.6
-0.2
-0.8
-1.3
-1.4
-0.6
-0.3
0.6
-0.4
-0.5
-0.8
-0.5
-0.8
-1.4
-1.9
-0.8
-0.9
-0.5
-1.4
0.0
-1.0
-1.4
-2.4
-2.2
-1.2
-0.5
-1.6
-0.8
-0.3
-0.6
-0.1
-0.5
-0.7
-0.4
-1.3
-1.6
-1.3
-0.9
-0.3
0.0
0.0
-1.0
-1.4
-2.3
-3.0
-1.9
-0.9
-0.4
-0.2
-1.2
-1.8
-2.0
-1.6
-0.6
-1.2
-1.1
-1.1
-1.2
-1.1
-1.5
-0.5
-0.1
-0.4
-1.1
-2.4
-3.5
-2.9
-3.2
-3.1
-3.4
-3.2
-0.8
0.5
0.6
-0.9
-1.6
-1.9
-2.7
-2.9
-3.7
-3.7
-3.6
-1.5
-1.5
-1.0
-1.6
-1.6
-1.6
-2.5
-2.6
-2.5
-1.9
-1.1
-0.2
-0.7
-0.1
-0.9
-2.0
-2.0
-2.6
-2.4
-2.7
-3.3
-2.4
-2.6
-2.8
-3.0
-1.7
-1.1
-1.0
-1.1
-1.1
-1.1
-0.4
-0.5
-0.3
-0.5
-1.2
-2.2
-2.3
-2.2
-2.7
-3.2
-1.8
-2.0
-1.6
-2.4
-1.9
-2.2
-2.0
-2.0
0.0
-0.4
-0.6
-1.9
-1.9
-2.1
-2.4
-2.7
-1.3
-0.5
-0.2
-1.0
-3.1
-4.0
-3.7
-3.0
-2.6
-2.1
-1.1
-0.7
-0.7
-2.2
-2.3
-2.9
-2.5
-1.8
-1.9
-2.9
-3.0
-2.9
-2.6
-1.9
-1.8
-1.4
-0.9
-0.6
-1.8
-2.1
-2.5
-1.0
0.0
0.0
-1.0
-1.3
-1.3
-0.3
0.0
0.2
-0.1
-1.7
-0.9
-0.9
-0.8
-0.8
0.0
1.3
2.4
2.6
1.9
1.9
1.6
1.9
0.6
0.0
-2.2
-3.0
-2.5
-1.7
-1.1
-1.2
-0.4
1.7
2.3
2.8
1.6
2.1
1.8
1.5
0.5
-0.7
-1.6
-2.6
-3.1
-2.4
-3.4
-1.8
-0.3
0.5
0.6
-1.0
-1.8
-2.2
-2.1
-2.8
-1.6
-0.5
-0.6
0.0
-1.1
-1.3
-2.2
-4.6
-5.4
-6.2
-4.1
-2.6
-2.2
-1.3
-1.4
-2.0
-2.9
-1.7
-1.2
-1.9
-2.8
-2.8
-2.9
-1.6
-1.4
0.0
0.4
0.4
0.4
0.4
-1.9
-4.6
-5.8
-4.9
-2.6
-2.1
0.1
0.9
1.8
2.7
2.2
1.1
0.8
0.2
0.0
-1.4
-1.8
-2.5
-2.0
-1.2
0.3
0.9
1.0
-0.2
-0.3
-0.5
-0.4
-0.5
0.1
0.0
0.0
-0.1
0.7
0.0
0.1
0.5
2.1
2.2
2.3
1.8
0.9
-0.2
-0.9
-1.2
-0.8
-0.7
-1.1
-0.3
-0.9
-1.8
-1.9
-2.0
-1.2
-1.2
-1.0
-1.3
-0.9
-1.2
-1.4
-2.2
-2.4
-2.0
-0.5
-1.3
-0.8
0.2
1.3
0.8
0.7
0.2
-0.3
-0.3
-0.8
0.0
0.3
0.9
0.0
0.5
-0.9
-1.3
-1.1
-1.5
-1.2
-1.9
-1.4
-1.6
-1.1
-1.2
-0.9
-1.2
-0.4
-0.5
-1.0
-1.5
-3.1
-3.4
-2.5
-1.8
-1.6
-1.2
-0.8
-1.6
-2.0
-2.7
-2.4
-3.3
-4.4
-4.3
-3.7
-2.6
-2.2
-2.0
-2.6
-2.6
-2.5
-1.8
-2.1
-2.8
-2.4
-3.3
-2.7
-3.0
-2.9
-2.6
-2.8
-2.5
-1.7
-2.1
-1.9
-3.0
-2.7
-3.2
-3.2
-3.1
-3.9
-4.2
-4.3
-3.2
-3.0
-1.8
-1.5
-2.0
-2.4
-2.4
-2.9
-1.9
-1.3
-1.7
-1.8
-1.5
-1.2
-1.6
-2.3
-1.5
-0.6
-0.9
-1.6
-2.2
-1.4
-2.0
-2.4
-2.0
-0.3
-0.7
-1.2
-1.8
-1.7
-2.0
-1.9
-1.8
-1.1
-0.8
-0.1
-0.5
-1.6
-3.2
-2.8
-1.4
-1.5
-1.8
-1.9
-2.4
-1.6
-2.5
-1.5
-1.9
-1.6
-2.2
-2.7
-1.6
-2.3
-1.3
-0.4
0.0
0.3
0.5
-0.5
-1.2
-1.3
-1.1
-1.5
-1.0
-1.7
-2.0
-0.9
-0.4
0.0
0.2
-0.1
-0.7
-1.3
-0.3
-0.5
-0.6
-0.9
-1.9
-1.3
-1.8
-0.7
-0.5
0.1
-0.1
0.1
-0.3
-1.7
-1.5
-2.1
-1.5
-1.0
-1.3
-1.7
-0.6
-0.1
-0.2
0.7
0.3
1.2
0.8
0.0
-0.1
0.5
0.5
-1.4
-1.1
0.5
0.7
1.1
0.5
1.6
1.7
0.9
0.3
-0.1
-0.7
-1.2
0.0
0.8
0.7
1.1
0.3
0.8
-0.4
-1.2
-0.6
-0.9
-1.8
-1.6
-1.0
0.3
0.4
0.0
-0.1
0.1
0.3
-0.3
-0.7
-1.8
-2.4
-2.0
-1.4
-1.7
-1.5
-1.4
-1.9
-1.7
-2.5
-2.9
-3.9
-3.7
-2.6
-1.3
-0.2
-0.2
-1.3
-0.4
-1.4
-0.5
-0.9
-1.1
-0.7
-0.4
-0.7
-1.5
-2.3
-2.1
-1.0
-1.2
-0.6
-1.0
0.2
-0.1
-1.0
0.0
-0.2
1.2
0.8
1.2
0.1
0.0
-0.4
-0.8
-0.3
-1.1
-0.1
-0.5
-0.1
1.0
1.7
1.6
0.6
1.5
0.6
0.6
-0.3
-0.8
-1.5
-2.3
-1.8
-1.7
-1.0
-0.8
-0.8
0.5
0.8
-0.1
-1.2
-2.6
-3.0
-2.2
-2.5
-1.9
0.0
0.8
0.4
-1.0
-1.5
-1.4
-1.3
-1.8
-2.4
-2.4
-2.9
-2.9
-3.3
-2.7
-1.4
-0.7
-0.7
-1.2
-1.7
-0.6
-0.7
-0.6
-1.0
-1.0
-1.1
-1.0
-2.0
-2.4
-3.4
-1.9
-0.7
-0.9
-2.2
-2.2
-2.2
-1.0
-2.2
-2.2
-2.0
-2.0
-1.6
-1.0
-1.1
-1.4
-1.6
-0.6
-0.7
0.0
-0.3
0.1
-0.4
-0.7
-0.6
-1.2
-0.6
-0.6
-1.3
-1.3
-1.8
-2.4
-2.3
-3.0
-3.1
-1.8
-1.0
-1.0
-1.0
0.3
0.3
0.0
-1.0
-0.7
0.4
0.0
-0.7
-0.2
1.2
-1.5
1.2
-1.1
-1.8
-1.7
-3.1
0.4
-2.0
-0.6
1.3
-1.8
1.1
-0.5
0.6
1.9
-1.6
1.5
-1.6
-0.3
-2.5
-2.1
-1.2
-3.1
-2.5
-0.2
-1.5
-0.9
-1.3
-1.5
-0.4
0.5
-1.0
1.2
-1.9
-0.4
-1.5
0.7
-0.3
-1.4
-0.9
-2.2
-1.0
-2.0
-1.3
-1.2
-1.1
-1.0
-1.0
1.1
-1.9
0.5
-1.6
-1.6
-0.6
0.3
2.8
1.5
1.5
-0.6
-1.5
-0.8
-2.3
-1.6
0.1
-0.4
-0.1
-2.7
-1.3
-1.8
-0.1
-1.8
-3.3
-2.8
-3.4
-0.9
-1.3
-4.5
0.9
-3.5
-2.5
-2.6
-4.1
-1.6
-2.9
-1.3
-2.9
-3.5
-3.8
-4.4
-3.2
-3.7
-2.2
-2.4
-3.7
-3.2
-3.0
-1.9
-4.0
-4.5
-4.6
-5.1
-4.1
-3.4
-5.7
-5.4
-7.0
-8.0
-7.3
-5.2
-6.3
-5.9
-6.1
-4.8
-5.8
-5.5
-5.0
-4.8
-5.9
-6.7
-6.9
-6.3
-5.2
-5.0
-3.4
-2.8
-2.1
-2.0
-2.4
-2.5
-3.5
-3.6
-2.6
-5.2
-6.4
-6.3
-5.5
-2.3
-2.5
-2.0
-1.8
-1.7
-1.8
-3.3
-3.4
-3.4
-3.8
-3.6
-4.7
-3.3
-3.3
-2.6
-3.2
-2.9
-3.6
-3.0
-2.8
-3.3
-2.9
-4.8
-4.4
-4.4
-4.8
-4.9
-4.0
-4.1
-1.9
-2.5
-1.2
-3.6
-2.2
-3.7
-3.5
-4.9
-3.6
-2.9
-1.5
-2.9
-3.4
-2.9
-2.2
-4.0
-2.0
-2.8
-2.2
-2.6
-3.8
-2.9
-1.9
-1.8
-3.4
-4.3
-4.9
-5.6
-4.9
-3.8
-4.5
-4.1
-4.5
-5.1
-4.0
-3.9
-3.0
-4.5
-4.1
-5.1
-3.4
-2.7
-4.0
-3.9
-4.3
-4.6
-3.9
-4.4
-2.0
-4.1
-4.0
-5.0
-5.5
-5.8
-4.1
-3.0
-2.9
-3.4
-6.0
-6.7
-9.5
-11.4
-12.9
-13.9
-14.4
-15.5
-16.6
-18.3
-19.9
-20.7
-21.2
-20.5
-20.5
-20.1
-20.5
-21.5
-22.6
-23.8
-25.2
-26.4
-26.7
-27.1
-28.2
-28.9
-30.6
-30.8
-31.5
-33.0
-33.1
-34.2
-35.1
-36.3
-37.2
-37.3
-37.5
-38.1
-38.6
-40.3
-41.4
-41.8
-44.9
-44.6
-45.3
-45.6
-46.7
-47.1
-47.3
-46.3
-47.6
-50.1
-50.4
-52.9
-52.8
-53.7
-55.3
-55.4
-56.8
-57.4
-57.4
-58.4
-58.5
-59.7
-59.0
-60.1
-60.9
-62.2
-62.1
-62.7
-63.1
-65.0
-65.5
-65.8
-66.1
-66.1
-65.3
-66.3
-66.4
-64.9
-65.0
-63.8
-64.1
-65.1
-65.4
-65.3
-64.6
-63.0
-63.2
-63.8
-63.5
-63.7
-64.2
-64.2
-64.2
-63.1
-63.2
-63.2
-63.5
-62.8
-63.3
-62.4
-61.8
-60.7
-60.8
-61.7
-62.6
-62.5
-62.1
-61.8
-60.5
-59.7
-59.7
-59.5
-60.4
-60.1
-60.7
-60.6
-61.2
-60.1
-60.7
-58.8
-59.3
-57.6
-57.5
-56.7
-57.1
-58.4
-59.9
-61.3
-61.0
-58.5
-56.4
-56.2
-55.3
-55.7
-55.5
-56.8
-57.5
-57.9
-58.2
-59.2
-59.6
-58.6
-59.9
-59.7
-60.1
-59.0
-59.6
-59.0
-58.7
-57.9
-57.2
-57.0
-56.4
-56.7
-56.0
-55.0
-54.9
-54.4
-54.5
-52.9
-52.1
-53.2
-53.1
-54.2
-54.7
-54.0
-52.0
-50.3
-48.8
-49.7
-49.1
-49.8
-48.9
-48.5
-46.9
-47.4
-47.9
-49.1
-49.4
-47.5
-46.9
-47.1
-46.2
-47.5
-46.8
-46.3
-47.1
-47.1
-47.9
-47.6
-46.9
-46.1
-45.5
-42.9
-42.2
-42.5
-44.5
-46.1
-44.9
-44.6
-45.2
-44.7
-44.5
-43.4
-42.5
-41.4
-41.4
-41.4
-41.0
-41.2
-41.5
-42.2
-41.5
-39.9
-40.1
-40.3
-41.5
-41.9
-41.8
-41.2
-39.9
-39.6
-38.9
-40.0
-40.0
-40.3
-40.6
-41.1
-40.4
-42.1
-41.5
-41.7
-42.5
-42.3
-42.3
-42.0
-40.8
-39.4
-40.1
-39.9
-38.7
-38.6
-37.9
-38.4
-38.0
-37.7
-36.4
-36.8
-38.5
-38.5
-37.5
-37.7
-37.5
-37.4
-36.2
-35.2
-35.3
-36.8
-35.3
-35.8
-34.1
-32.9
-33.5
-33.4
-33.8
-32.2
-32.8
-34.3
-34.3
-34.3
-33.5
-34.2
-33.8
-32.8
-31.8
-32.6
-32.8
-33.8
-32.5
-32.0
-31.3
-31.5
-31.8
-32.3
-33.2
-32.7
-33.7
-32.1
-31.4
-31.5
-31.7
-32.0
-31.9
-32.3
-33.2
-32.5
-32.5
-32.7
-33.6
-33.2
-34.5
-33.9
-34.3
-34.2
-34.9
-34.2
-35.8
-35.8
-36.4
-36.8
-37.6
-36.6
-36.8
-36.4
-37.0
-37.9
-38.1
-38.5
-39.5
-40.0
-39.5
-40.0
-40.5
-39.8
-41.6
-39.4
-40.3
-40.0
-40.8
-40.7
-40.6
-40.4
-41.7
-41.7
-41.4
-42.6
-42.7
-44.0
-43.7
-43.9
-44.2
-44.2
-44.1
-45.5
-45.6
-47.0
-47.3
-47.2
-47.5
-47.5
-47.2
-47.9
-47.8
-48.3
-50.0
-49.5
-49.1
-48.2
-50.3
-51.5
-49.3
-47.8
-47.2
-48.4
-49.8
-51.2
-50.1
-48.0
-48.3
-52.4
-50.1
-50.9
-49.0
-48.7
-50.1
-48.0
-50.1
-52.0
-49.6
-48.6
-49.4
-50.7
-47.8
-48.5
-50.5
-53.1
-51.6
-51.4
-49.1
-49.1
-50.6
-53.4
-54.3
-51.0
-51.2
-52.6
-52.3
-52.1
-53.5
-52.4
-53.2
-50.9
-52.3
-51.9
-53.5
-53.3
-54.3
-54.2
-54.3
-54.3
-55.3
-54.5
-50.9
-54.5
-53.9
-56.1
-56.7
-57.7
-58.7
-57.7
-54.5
-55.1
-57.0
-56.2
-56.9
-56.8
-56.4
-56.5
-57.9
-58.2
-56.0
-57.2
-58.6
-58.6
-60.0
-58.7
-59.9
-61.3
-60.8
-61.1
-61.8
-62.6
-62.9
-62.7
-62.9
-62.7
-63.7
-63.6
-65.3
-65.0
-65.3
-64.6
-64.2
-64.8
-64.9
-65.1
-65.0
-65.3
-64.4
-65.5
-65.1
-65.6
-63.8
-64.5
-63.9
-64.1
-64.0
-63.5
-63.3
-63.2
-63.1
-63.4
-62.9
-63.6
-64.1
-64.4
-64.6
-63.2
-64.6
-63.5
-64.1
-64.6
-64.1
-64.0
-64.5
-64.8
-64.8
-63.4
-63.3
-63.2
-64.3
-63.9
-64.0
-64.7
-65.1
-65.3
-65.0
-64.5
-64.1
-63.2
-63.8
-64.5
-65.4
-65.1
-65.1
-64.6
-65.0
-65.0
-65.0
-65.5
-67.0
-68.4
-69.6
-71.4
-72.8
-72.7
-73.4
-72.8
-73.5
-73.6
-74.8
-76.5
-76.7
-75.6
-76.0
-76.0
-77.6
-77.3
-76.9
-77.5
-76.3
-75.6
-76.5
-76.8
-76.2
-75.3
-75.5
-75.5
-76.2
-75.6
-76.6
-76.2
-75.6
-75.3
-76.9
-77.3
-77.4
-76.7
-77.1
-76.8
-76.7
-76.7
-76.5
-77.8
-77.9
-78.2
-78.1
-77.7
-78.1
-77.8
-76.9
-76.7
-76.1
-76.3
-77.0
-77.7
-76.9
-77.0
-76.1
-75.2
-75.3
-75.9
-74.8
-75.8
-74.6
-75.8
-75.9
-75.6
-76.2
-76.8
-76.0
-76.0
-75.3
-75.9
-75.3
-75.7
-76.8
-76.7
-77.0
-74.8
-74.3
-73.1
-74.1
-74.3
-75.7
-75.6
-77.3
-77.7
-77.7
-76.8
-76.1
-74.7
-74.8
-74.6
-75.2
-75.3
-76.9
-77.4
-77.3
-76.4
-75.2
-75.7
-74.4
-73.6
-73.1
-73.2
-74.0
-73.8
-73.5
-75.7
-76.0
-75.8
-75.2
-74.4
-73.8
-73.2
-72.7
-73.5
-73.0
-73.5
-72.8
-73.5
-73.5
-73.3
-73.4
-74.0
-73.7
-73.4
-74.2
-73.5
-73.2
-73.7
-74.0
-75.2
-74.9
-73.7
-72.9
-73.7
-73.1
-72.5
-72.9
-74.0
-75.1
-75.7
-75.7
-75.3
-74.5
-74.1
-74.0
-72.8
-71.5
-71.9
-72.9
-74.6
-74.3
-74.8
-75.2
-75.3
-75.0
-74.8
-75.1
-75.1
-74.9
-74.4
-75.2
-74.4
-74.5
-72.8
-74.3
-74.4
-75.0
-74.2
-74.0
-73.8
-73.7
-73.7
-73.1
-73.6
-74.6
-75.0
-75.0
-75.0
-75.7
-75.7
-74.5
-74.8
-73.8
-73.4
-74.3
-74.8
-76.5
-76.1
-75.3
-76.1
-77.0
-76.9
-75.7
-76.8
-76.5
-77.2
-76.4
-75.8
-75.8
-76.4
-76.3
-76.5
-75.9
-76.3
-76.5
-77.3
-78.5
-78.4
-79.1
-79.9
-79.3
-79.9
-77.6
-77.6
-77.4
-77.9
-79.6
-80.2
-80.2
-80.5
-79.7
-79.5
-79.0
-80.0
-79.6
-79.5
-80.2
-80.1
-80.2
-80.1
-80.3
-80.0
-81.5
-81.0
-81.8
-82.5
-81.4
-82.8
-82.2
-82.4
-83.0
-83.3
-83.9
-84.9
-85.0
-84.6
-83.9
-83.6
-83.7
-83.2
-82.6
-82.3
-83.2
-84.0
-84.9
-85.9
-85.9
-85.5
-85.8
-85.6
-86.3
-86.0
-85.9
-85.7
-85.4
-85.8
-85.1
-85.1
-84.8
-85.7
-86.6
-86.4
-86.5
-87.2
-87.5
-88.2
-88.0
-88.2
-87.5
-87.2
-88.4
-88.7
-87.1
-86.6
-85.7
-86.0
-86.3
-86.0
-85.8
-85.6
-85.4
-86.1
-86.3
-86.8
-87.5
-87.5
-87.6
-87.4
-87.7
-88.8
-87.8
-87.7
-87.7
-88.2
-87.9
-88.1
-88.4
-87.9
-87.5
-88.2
-87.8
-87.6
-87.3
-87.3
-87.3
-87.5
-86.7
-87.7
-87.9
-88.0
-88.5
-88.5
-88.2
-87.5
-87.1
-87.3
-86.8
-87.5
-87.6
-88.2
-88.0
-87.6
-86.7
-86.5
-86.3
-87.0
-86.4
-86.4
-86.6
-86.5
-86.9
-86.2
-86.0
-86.2
-85.5
-85.0
-84.4
-84.8
-85.6
-86.4
-85.4
-84.8
-84.1
-83.8
-84.0
-83.3
-83.1
-83.6
-83.1
-83.7
-82.9
-82.6
-82.9
-82.8
-82.7
-81.9
-81.8
-83.1
-82.6
-81.9
-80.6
-80.6
-80.6
-81.0
-81.9
-82.4
-81.5
-81.6
-81.2
-81.2
-81.0
-80.5
-80.3
-80.4
-79.1
-79.4
-79.1
-79.4
-79.5
-79.6
-79.9
-79.2
-78.7
-78.8
-78.5
-77.6
-76.1
-76.1
-76.0
-76.5
-76.9
-76.2
-76.3
-74.9
-75.1
-74.5
-74.7
-74.6
-74.4
-74.2
-73.9
-74.1
-73.3
-73.9
-73.5
-74.1
-73.1
-72.4
-72.2
-71.5
-71.5
-71.2
-71.5
-71.8
-71.2
-72.3
-72.4
-72.6
-71.9
-71.6
-71.0
-71.2
-70.5
-70.4
-70.6
-70.8
-71.3
-71.5
-71.1
-70.9
-70.1
-69.9
-69.5
-69.4
-69.1
-68.5
-68.2
-67.5
-67.0
-66.3
-66.0
-65.7
-64.9
-64.5
-63.8
-64.4
-64.1
-64.6
-64.0
-63.7
-63.0
-62.8
-62.1
-62.4
-62.0
-62.2
-61.9
-61.7
-60.4
-60.3
-59.8
-60.4
-60.2
-60.3
-59.8
-59.9
-60.2
-59.7
-60.2
-59.0
-59.3
-58.9
-58.9
-58.5
-57.9
-58.3
-58.3
-58.5
-58.0
-57.6
-56.6
-55.7
-55.5
-56.6
-57.2
-57.0
-56.8
-56.4
-55.2
-54.7
-54.5
-55.1
-55.6
-55.8
-56.4
-55.9
-55.2
-53.4
-52.7
-52.4
-50.8
-52.1
-52.9
-53.5
-53.5
-52.8
-51.3
-50.7
-50.5
-52.2
-52.2
-53.0
-53.1
-53.0
-52.6
-52.0
-50.6
-51.0
-49.9
-50.4
-50.4
-50.4
-50.0
-49.5
-49.7
-48.5
-49.0
-48.9
-49.2
-50.2
-50.4
-50.5
-50.2
-49.8
-49.3
-48.6
-48.0
-47.2
-48.0
-47.2
-47.7
-46.8
-46.8
-47.2
-47.0
-46.5
-46.4
-46.9
-47.6
-47.7
-47.7
-46.7
-46.1
-45.2
-45.6
-45.4
-45.4
-45.0
-45.0
-46.6
-46.9
-46.9
-45.4
-44.5
-44.7
-44.7
-46.1
-46.1
-45.6
-45.3
-44.3
-45.3
-45.1
-45.8
-45.3
-44.7
-44.0
-42.6
-43.0
-42.6
-42.3
-43.0
-42.9
-41.7
-41.1
-41.5
-41.7
-42.9
-42.7
-42.5
-43.3
-42.8
-42.4
-42.5
-41.7
-42.1
-42.6
-43.9
-43.7
-42.6
-41.6
-41.0
-40.7
-40.7
-40.0
-39.3
-38.7
-38.4
-38.3
-37.8
-37.1
-37.3
-38.7
-38.8
-38.3
-37.1
-37.0
-37.8
-37.5
-38.7
-38.1
-38.5
-37.5
-36.8
-37.3
-37.2
-36.7
-36.7
-35.8
-37.1
-37.3
-37.8
-38.2
-38.7
-38.1
-37.8
-37.5
-37.5
-37.7
-37.9
-39.5
-39.1
-38.4
-36.2
-36.9
-37.7
-37.6
-38.5
-38.4
-38.9
-38.2
-36.9
-36.9
-35.7
-34.9
-35.7
-36.3
-38.0
-38.6
-38.1
-36.9
-35.3
-36.1
-34.3
-35.8
-35.2
-36.1
-36.2
-38.7
-38.4
-38.5
-36.5
-36.8
-34.6
-35.3
-35.0
-35.6
-34.8
-31.8
-36.0
-34.2
-35.5
-35.8
-34.9
-34.0
-32.6
-35.0
-34.8
-36.4
-34.5
-33.1
-33.5
-31.4
-32.4
-32.3
-32.7
-31.5
-31.6
-30.5
-30.8
-30.7
-30.0
-30.7
-30.8
-31.7
-30.1
-30.8
-30.7
-31.5
-30.3
-31.0
-31.2
-30.7
-31.1
-31.2
-30.1
-29.3
-29.3
-28.9
-30.3
-30.1
-31.0
-30.5
-29.2
-28.4
-29.2
-28.1
-28.7
-27.6
-27.8
-28.3
-28.4
-29.4
-27.7
-26.9
-26.5
-27.0
-26.8
-26.9
-27.2
-27.3
-26.5
-27.0
-26.5
-26.4
-26.3
-26.4
-27.0
-25.8
-26.2
-25.9
-26.0
-26.0
-24.0
-24.8
-24.5
-24.3
-24.8
-24.4
-25.1
-24.5
-25.1
-24.2
-23.3
-22.6
-21.9
-22.8
-22.8
-22.8
-22.8
-22.0
-21.8
-20.7
-21.3
-21.0
-20.7
-20.3
-19.5
-19.3
-18.2
-17.6
-18.4
-18.7
-19.5
-17.2
-18.1
-16.8
-18.8
-19.0
-18.5
-18.4
-18.0
-18.3
-17.9
-17.3
-18.2
-18.0
-18.4
-17.7
-18.2
-18.7
-18.4
-17.7
-17.6
-17.5
-17.5
-18.1
-19.2
-19.0
-18.0
-16.7
-16.4
-18.2
-18.3
-17.8
-16.7
-16.1
-16.4
-16.0
-16.8
-17.3
-16.2
-15.5
-14.5
-14.9
-14.8
-14.6
-14.3
-15.1
-15.6
-15.8
-14.8
-15.6
-14.2
-14.5
-14.7
-15.0
-15.5
