0.0
1.4
2.6
3.2
2.6
1.1
0.0
0.0
0.4
0.5
1.3
2.8
2.6
1.4
1.4
2.8
3.5
2.4
0.2
-0.3
1.8
4.0
3.2
1.5
2.0
3.7
3.4
2.1
1.0
0.9
2.0
2.5
1.9
1.3
1.2
1.3
2.0
3.3
2.9
1.2
0.7
1.1
1.2
1.4
1.4
-0.1
-0.2
1.7
3.2
3.2
1.9
0.7
0.6
0.7
-0.4
-3.4
-3.5
1.4
5.2
4.4
0.8
-0.1
2.0
4.6
4.5
1.2
-1.5
0.2
4.0
5.0
3.2
1.5
-0.5
0.0
2.7
2.4
-0.2
0.3
4.5
6.1
3.5
2.2
2.3
1.3
0.4
2.7
3.2
0.5
1.9
5.1
4.2
0.7
1.0
4.5
6.0
3.8
1.5
0.3
0.2
2.1
0.4
-1.8
-1.3
0.2
1.2
1.3
0.8
-1.0
-6.6
-3.0
4.0
3.1
0.0
1.0
-1.7
-2.3
-5.0
-7.0
-4.6
0.3
2.1
-2.7
-9.0
-2.6
3.5
4.0
2.3
-2.5
-5.2
-2.5
3.0
7.5
3.0
-0.6
3.8
5.4
0.5
-3.8
-7.3
-6.8
2.8
7.8
5.1
0.9
2.8
4.7
3.0
0.3
-0.2
-0.4
1.8
4.6
6.0
7.6
5.2
1.1
2.7
6.8
8.9
9.7
6.8
3.8
4.5
5.5
5.9
4.7
2.3
3.0
2.7
3.0
5.5
7.3
6.3
4.4
4.7
6.3
6.6
6.0
7.4
6.8
6.5
6.9
6.3
6.6
6.7
5.9
4.4
4.8
6.6
8.4
8.5
7.5
6.9
7.1
6.9
6.2
6.3
7.2
7.5
8.2
8.7
7.6
7.1
7.1
7.7
7.6
7.2
7.4
7.0
7.8
8.8
7.1
7.1
7.5
7.2
6.9
6.8
5.7
5.5
5.7
6.9
7.8
7.9
6.9
6.5
6.7
7.0
6.9
6.6
6.1
5.9
6.9
7.3
7.2
7.1
6.4
6.7
7.0
7.5
7.9
7.5
6.7
6.3
6.8
7.6
8.0
7.7
7.4
6.9
6.4
6.0
6.1
6.5
6.1
6.0
6.7
6.9
7.3
8.1
8.3
7.7
6.9
6.7
6.8
7.4
7.5
8.0
8.1
8.0
8.2
7.1
6.5
6.2
5.7
6.1
6.3
6.2
6.3
6.2
6.4
6.4
5.7
5.9
5.6
4.8
4.8
5.2
6.1
4.7
3.3
4.6
6.2
7.0
7.3
6.7
8.1
7.0
5.5
4.8
4.5
4.5
4.9
5.8
6.6
6.4
5.2
4.2
4.1
5.6
5.8
5.2
5.1
4.9
6.5
7.9
8.2
7.7
7.1
7.1
7.7
7.3
7.8
8.0
8.5
8.2
7.2
6.0
7.0
9.2
9.3
8.0
7.8
8.2
7.7
7.5
8.1
8.8
8.4
8.7
8.6
9.0
9.5
10.0
10.2
9.6
9.6
7.4
5.9
6.8
7.6
7.5
6.3
7.5
6.3
5.5
6.7
11.6
11.0
7.8
6.3
9.2
12.2
7.5
6.3
8.6
8.2
5.5
7.3
11.5
4.3
2.6
7.4
8.7
6.5
9.6
11.8
9.4
6.3
7.4
8.2
9.4
8.4
5.4
6.9
9.0
8.8
7.2
7.7
7.8
6.6
6.9
7.4
6.3
5.9
5.6
7.0
8.6
9.1
6.0
4.2
4.8
6.7
7.2
6.0
5.8
5.8
5.7
5.2
5.8
6.7
6.6
7.1
7.2
5.6
5.4
6.1
6.5
8.2
8.5
6.1
4.1
5.6
6.7
7.0
6.3
6.2
6.9
6.9
7.5
7.4
6.8
6.3
5.6
5.3
5.2
6.0
7.6
8.9
8.7
8.6
8.2
7.6
7.6
8.7
8.8
8.3
8.1
7.1
6.4
8.9
10.6
10.3
10.2
10.9
10.8
9.2
9.0
9.2
9.6
9.5
8.7
8.9
9.0
8.6
9.3
9.2
9.0
8.3
8.8
10.1
9.9
9.2
9.8
10.0
9.6
9.1
8.9
8.7
8.2
9.4
10.1
9.6
9.8
10.0
9.3
8.9
9.9
9.5
8.5
9.5
10.6
11.0
10.6
10.1
9.6
9.0
9.8
10.0
9.4
9.0
9.0
9.2
8.8
8.0
8.0
9.3
10.1
9.8
9.2
9.1
9.7
9.8
9.3
9.0
8.9
9.1
9.3
9.3
9.6
9.0
8.0
7.8
8.5
8.2
8.8
9.6
9.9
9.8
9.8
9.4
9.5
8.4
5.9
5.3
7.1
8.6
8.3
8.1
8.3
7.6
7.1
7.9
7.8
7.4
7.2
7.7
7.2
6.6
7.2
7.0
6.3
5.7
5.5
6.0
5.9
5.1
5.8
6.8
6.9
6.7
6.6
6.1
4.8
4.7
6.3
6.9
7.0
6.3
5.8
4.8
4.8
6.4
6.7
5.2
5.1
7.2
8.3
7.9
6.6
5.1
5.1
6.2
7.1
5.9
3.8
4.7
7.6
8.1
7.2
7.0
7.5
7.1
6.5
6.7
6.2
5.7
6.1
6.4
5.2
4.7
5.5
6.9
6.9
6.0
6.0
6.2
6.1
6.3
6.0
5.6
6.3
7.8
7.6
6.1
5.4
5.5
7.0
7.5
7.3
6.3
5.3
4.8
6.6
8.4
8.3
6.7
6.5
6.9
6.7
6.3
5.9
6.2
6.3
6.0
5.6
5.5
6.9
7.9
8.0
6.4
5.1
4.4
5.3
6.9
7.0
5.9
5.3
4.8
4.6
5.5
6.1
6.8
6.1
4.3
3.4
4.2
4.9
5.7
6.2
5.4
4.7
4.2
3.5
3.5
5.8
7.4
5.4
3.9
4.7
6.1
7.1
6.2
3.9
1.8
2.4
4.8
5.1
3.6
2.5
3.5
4.0
3.8
4.0
4.1
3.4
2.8
2.7
2.5
2.7
3.3
3.5
3.5
3.0
3.3
4.6
5.4
4.9
3.6
4.5
5.3
4.5
4.0
3.6
4.0
4.6
4.7
4.5
4.3
3.6
3.1
3.7
4.5
3.7
2.6
1.9
1.6
2.2
4.2
5.0
4.4
4.3
4.4
3.4
1.9
1.1
1.5
1.9
2.2
2.3
1.2
0.4
1.5
3.3
3.5
2.6
2.2
1.9
2.0
2.9
3.3
3.3
2.9
3.2
2.7
1.7
1.5
2.7
3.8
2.1
0.8
1.4
2.0
2.8
2.6
1.7
0.9
1.1
2.5
3.9
4.4
3.6
1.7
0.2
1.9
5.3
4.2
1.4
2.4
3.5
3.2
2.6
1.1
0.2
2.5
3.4
0.9
-1.3
0.7
3.5
3.6
4.3
4.7
3.1
0.7
-0.6
0.2
2.1
2.4
0.9
0.9
2.8
2.9
1.2
2.0
3.5
0.3
-3.0
-2.1
0.9
2.7
2.7
2.8
3.4
4.0
2.4
2.3
2.2
1.3
1.8
2.8
3.5
3.8
2.7
2.0
2.8
2.7
0.3
-1.2
2.6
6.3
5.6
3.5
3.5
4.1
4.8
4.3
3.2
2.8
3.7
3.3
3.4
4.0
3.8
2.9
2.5
3.3
3.4
2.8
2.9
4.4
6.6
7.5
7.4
5.5
3.5
4.1
6.2
5.0
3.4
4.2
4.3
4.6
5.3
4.8
5.6
7.6
9.4
8.6
5.1
4.4
6.2
6.9
4.5
2.7
3.5
5.0
6.2
7.1
7.4
7.6
8.0
8.3
7.0
5.6
6.6
8.4
8.0
6.8
5.8
5.4
5.8
6.8
7.1
6.9
7.4
7.8
9.1
10.6
9.6
7.0
5.5
5.7
6.7
7.4
6.7
5.8
6.2
7.8
9.5
10.1
9.3
8.0
6.2
5.4
6.0
6.0
5.7
6.3
6.8
7.0
7.5
8.3
8.2
8.0
8.7
8.6
8.3
8.3
8.1
8.1
8.7
9.1
8.8
8.2
7.9
8.4
9.3
9.1
8.4
8.4
8.6
8.1
7.9
7.2
6.1
7.4
9.8
10.7
9.5
8.1
8.1
8.5
8.2
7.5
7.4
7.5
7.2
7.0
7.3
7.8
7.5
7.8
7.7
6.9
7.0
7.7
8.6
7.6
5.6
7.0
9.1
8.7
7.3
7.1
7.7
7.9
7.8
7.1
6.1
6.0
7.5
8.0
7.6
7.5
7.6
8.3
8.8
8.3
8.2
8.0
7.9
8.2
9.1
9.8
9.1
8.8
9.6
8.8
7.6
8.2
8.1
7.5
6.4
6.0
7.4
8.2
9.8
10.8
10.3
9.0
8.5
9.6
9.6
7.6
5.2
4.1
5.0
5.6
4.9
4.6
5.5
5.8
4.5
4.4
5.1
5.0
4.1
4.1
3.4
2.2
1.7
2.0
3.2
4.7
4.4
3.5
3.8
4.6
4.2
2.4
1.5
2.3
3.7
4.1
3.1
2.6
3.3
3.0
3.9
3.8
3.0
3.0
3.3
4.2
4.1
4.0
4.3
3.9
3.5
3.7
3.4
3.5
4.0
6.3
5.6
3.1
2.2
3.9
5.7
6.0
5.3
5.0
4.4
4.4
4.7
4.3
3.4
4.8
5.1
5.5
7.0
8.8
8.0
5.5
5.1
5.5
6.6
6.0
4.7
5.5
6.5
6.6
7.9
8.1
6.9
6.4
5.4
4.2
4.7
6.7
7.8
7.0
6.6
5.9
6.7
6.0
3.3
2.6
3.7
5.3
7.9
8.2
7.8
7.1
6.5
6.2
6.0
5.7
5.6
6.2
5.8
4.1
5.3
9.0
10.1
8.8
7.7
6.4
6.3
7.6
9.0
7.2
6.0
6.8
7.2
5.6
5.5
6.9
8.0
8.4
7.7
6.6
6.8
7.5
7.0
7.3
6.6
4.8
6.5
8.8
8.9
6.1
5.1
6.9
8.4
7.6
5.9
6.9
7.1
7.0
7.0
6.2
6.6
7.5
7.9
6.7
5.7
5.5
6.8
8.4
9.5
7.8
6.4
6.6
8.9
9.6
7.2
5.7
6.3
6.3
5.9
5.7
6.9
7.0
6.9
6.9
7.2
6.9
6.4
6.1
6.9
7.6
7.6
7.3
6.5
6.2
5.5
4.7
5.9
7.5
7.8
7.5
8.1
9.2
8.1
7.2
7.1
8.0
8.4
6.7
6.0
6.7
8.3
9.8
9.5
9.2
7.5
5.7
7.6
9.6
11.5
11.7
9.8
7.4
8.9
9.1
6.4
3.4
3.0
6.4
10.3
9.8
10.8
10.7
7.6
4.4
6.7
10.2
10.1
7.3
2.9
2.4
7.9
7.4
6.7
11.8
10.3
1.9
-7.4
-10.7
-2.1
0.4
-8.2
-13.0
-9.6
-6.6
-5.7
-7.5
-6.9
-2.5
-0.1
-4.5
-11.4
-12.2
-7.6
-7.4
-2.6
-3.6
-8.6
-5.7
-7.7
-12.8
-22.2
-26.8
-17.0
-14.7
-26.4
-34.3
-25.2
-18.3
-27.1
-26.4
-4.5
-3.6
-18.5
-22.6
-2.2
4.2
-5.9
-17.6
-33.6
-33.9
-32.8
-29.7
-18.5
-0.5
4.6
-10.9
-13.5
-6.5
-0.2
-5.9
-12.5
-21.7
-36.3
-38.5
-30.9
-19.2
-16.3
-20.1
-15.5
-14.3
-14.0
-17.0
-10.9
-7.1
-13.2
-18.7
-28.6
-25.2
-16.7
-12.0
-13.7
-27.6
-50.0
-40.1
-24.3
-13.6
-12.1
-12.4
-24.5
-16.0
-6.9
-12.1
-25.5
-15.1
-13.5
-34.7
-55.6
-53.0
-37.1
-19.8
-11.1
-9.7
-7.7
-14.8
-33.6
-31.8
-21.9
-11.7
-11.3
-21.6
-28.1
-48.1
-45.0
-26.1
-16.5
-10.1
0.5
-7.3
-40.7
-59.8
-45.4
-17.4
-9.9
-30.5
-44.5
-44.6
-33.2
-9.6
0.1
-12.5
-29.7
-37.2
-34.4
-19.4
-16.1
-36.9
-58.3
-52.7
-35.4
-35.0
-25.1
-24.7
-31.2
-46.2
-65.5
-62.5
-42.9
-27.3
-19.1
-20.7
-21.6
-20.4
-24.1
-24.3
-18.7
-27.1
-43.1
-54.8
-52.6
-49.3
-45.2
-34.1
-4.0
16.6
-13.3
-58.3
-79.3
-57.0
-40.9
-57.1
-68.8
-55.9
-33.1
-29.7
-29.8
-29.2
-26.7
-33.3
-34.5
-33.8
-38.8
-44.6
-45.0
-26.7
-10.6
-19.8
-33.7
-45.2
-45.4
-31.8
-21.6
-35.7
-59.2
-70.5
-56.5
-29.6
-24.1
-40.2
-47.7
-41.2
-31.2
-29.6
-34.6
-39.8
-31.9
-40.3
-53.5
-53.3
-49.2
-43.4
-27.9
-26.2
-39.8
-53.9
-56.4
-47.9
-41.5
-40.8
-38.5
-34.8
-28.9
-30.2
-29.3
-31.8
-37.5
-30.1
-27.3
-21.9
-29.7
-47.7
-58.3
-52.8
-43.5
-45.2
-42.6
-48.0
-48.1
-29.9
-21.8
-15.1
-11.9
-23.1
-42.7
-56.9
-60.5
-54.0
-37.3
-22.5
-24.9
-40.5
-46.5
-33.9
-16.5
-22.7
-35.9
-40.4
-33.3
-27.8
-27.8
-38.5
-43.8
-45.5
-25.2
-9.2
-13.8
-35.5
-49.7
-53.5
-43.5
-27.2
-22.2
-23.6
-31.6
-32.3
-28.8
-22.4
-15.1
-14.2
-21.9
-32.9
-41.2
-42.7
-37.3
-19.5
-7.9
-19.7
-32.5
-48.3
-55.7
-45.4
-19.9
-4.5
-13.7
-24.0
-27.3
-23.0
-21.8
-31.0
-37.3
-30.9
-33.6
-39.1
-41.7
-34.4
-10.7
3.5
-12.8
-37.2
-35.0
-14.7
-2.7
-12.7
-21.9
-21.7
-19.3
-22.0
-30.7
-28.8
-28.5
-25.7
-23.3
-23.1
-28.0
-35.7
-24.9
-13.3
-10.3
-24.5
-34.5
-22.4
-12.4
-9.4
-10.3
-12.9
-18.1
-14.1
-14.9
-20.0
-22.3
-18.5
-22.5
-31.2
-29.7
-16.4
-6.9
-9.0
-16.8
-23.8
-20.6
-14.1
-13.4
-11.6
-9.4
-11.6
-17.2
-17.2
-6.9
-1.4
-5.6
-10.9
-19.5
-34.2
-35.8
-22.6
-3.0
-3.9
-19.5
-25.2
-17.6
-5.8
2.5
1.7
-9.5
-12.0
-10.0
-11.8
-15.6
-14.6
-5.8
-12.5
-13.8
-10.3
-10.5
-21.4
-18.8
-5.3
-7.3
-9.9
-3.6
-2.4
-10.5
-12.7
-7.6
-5.6
-6.0
-6.1
-4.3
-8.9
-10.6
-7.6
-1.6
-5.5
-12.0
-10.4
-7.6
-8.8
-16.8
-12.9
-4.8
0.8
-4.7
-16.3
-18.3
-15.4
-10.7
-2.2
-6.0
-4.7
0.4
-3.4
-12.0
-14.5
-3.9
4.6
1.0
-8.0
-6.7
-5.9
-3.0
-2.2
-4.3
-5.6
-18.1
-26.5
-21.5
-13.6
-2.2
-0.3
-6.0
-11.5
-11.1
-2.2
-3.7
-13.3
-22.6
-14.2
3.9
10.9
-3.2
-6.1
-1.1
-2.0
-6.4
-9.2
-6.4
-5.6
-5.8
-5.1
-3.7
-2.6
0.9
0.8
1.6
3.9
-1.4
-6.5
-9.4
-9.5
-7.4
-4.0
-2.7
-15.3
-15.1
-2.4
3.8
-7.0
-15.9
-11.2
-3.3
3.0
3.8
2.0
-3.4
-7.7
-3.7
9.9
12.0
2.9
-6.9
-13.3
-8.2
-1.5
-1.6
-8.3
-8.6
-8.8
-7.0
-1.6
6.5
6.0
0.8
2.2
5.8
5.5
-0.4
-5.4
-5.3
-3.1
-2.6
0.0
1.1
5.5
3.2
-4.5
-9.4
-5.3
4.3
5.7
0.8
0.8
-0.2
-2.1
-0.5
1.0
5.0
6.6
9.2
5.3
0.2
0.4
4.7
5.3
4.4
0.0
-1.3
0.6
-0.8
2.4
4.5
5.2
2.2
-2.4
-1.1
4.2
5.8
2.1
0.6
4.2
4.6
2.7
2.3
3.7
3.9
3.3
7.4
10.7
10.0
4.5
1.5
-0.8
0.4
4.6
8.2
7.3
7.3
6.6
4.7
3.0
4.5
6.0
3.6
1.8
2.3
4.7
3.6
2.1
5.1
7.5
6.1
2.1
0.0
6.6
10.7
6.1
1.0
2.1
2.8
7.0
11.2
11.7
7.7
6.5
11.3
13.1
10.6
8.6
7.7
9.3
8.3
9.2
10.7
10.9
10.4
9.8
7.7
6.4
6.5
7.3
7.7
7.7
6.7
6.3
6.4
7.4
8.4
10.5
10.8
9.4
9.2
9.6
9.9
10.0
10.6
10.4
9.5
9.6
9.6
10.1
11.5
12.8
12.1
10.7
9.6
10.3
11.5
12.9
13.5
12.8
11.7
11.8
12.5
11.8
10.8
12.6
14.2
12.6
10.0
9.5
11.4
13.5
14.5
13.7
12.2
11.9
13.3
13.8
13.6
13.9
14.3
13.4
12.4
13.4
14.7
15.0
13.6
12.4
12.8
13.9
15.3
13.5
11.8
12.3
13.5
14.0
13.2
13.1
14.4
14.5
13.8
13.4
14.1
14.0
13.1
14.1
15.6
14.3
11.8
12.1
13.3
13.9
13.6
13.0
12.4
12.3
12.8
13.4
13.3
12.9
12.9
12.8
13.2
13.2
12.6
12.2
12.5
12.3
12.1
12.4
13.0
12.5
12.3
13.1
13.6
13.8
14.2
13.6
13.2
13.0
13.1
13.3
13.5
13.7
13.1
12.4
11.8
12.1
12.8
13.1
13.0
12.5
12.3
12.4
12.3
11.9
11.6
11.8
12.0
11.3
11.6
12.0
12.6
13.5
13.5
12.4
11.3
11.3
11.5
11.3
11.8
12.2
12.3
12.1
11.8
12.6
12.1
10.8
10.9
12.1
12.3
11.9
12.1
12.2
11.8
11.8
12.0
12.0
11.4
11.4
11.2
11.8
11.6
11.7
12.0
10.8
9.7
10.1
10.4
10.3
10.9
10.7
11.0
11.6
12.4
12.4
11.8
11.5
10.4
10.3
10.6
10.8
10.7
10.7
10.0
9.6
10.0
10.3
10.2
9.9
10.1
10.9
11.2
11.0
11.2
11.4
10.5
10.3
10.2
10.3
9.5
8.3
8.5
9.3
9.9
10.5
10.3
9.6
8.8
8.6
9.4
9.9
8.7
8.2
8.8
8.5
7.8
8.5
10.3
9.4
8.4
8.4
9.1
9.5
9.2
9.9
10.5
10.6
9.9
9.3
9.2
8.8
8.6
9.1
8.1
8.5
8.7
9.0
9.3
9.4
9.3
8.6
7.8
7.4
8.0
8.7
8.1
7.7
8.8
10.3
10.2
8.5
7.4
7.2
8.0
8.6
7.9
7.1
7.7
8.8
8.7
8.7
8.9
8.0
6.8
6.7
7.4
7.7
8.6
8.3
8.3
8.0
8.0
7.1
7.1
7.7
7.7
8.0
7.6
7.3
7.9
9.6
9.9
9.1
8.5
8.5
8.0
6.9
7.2
7.4
7.0
7.1
8.3
8.5
7.6
7.5
8.7
9.0
7.6
6.9
7.2
7.7
8.0
7.4
7.5
7.9
8.5
9.0
8.4
7.8
7.6
6.6
6.2
7.1
7.6
7.6
6.9
7.2
8.8
9.2
9.0
8.3
7.6
8.0
8.0
8.0
7.4
6.9
7.5
7.8
7.6
7.2
6.5
6.5
6.4
6.6
6.9
7.2
7.3
6.4
6.4
7.3
7.8
7.7
7.2
6.5
6.8
7.4
8.2
8.3
8.0
7.5
6.7
6.4
7.2
7.6
7.4
6.4
6.3
6.5
6.5
7.1
6.8
5.5
5.0
5.9
6.2
6.0
6.0
6.3
6.6
6.8
7.1
6.8
6.2
6.1
6.8
7.4
6.5
5.6
6.1
7.0
6.1
4.0
3.7
6.0
7.3
6.6
5.1
5.3
6.6
7.1
7.0
6.8
6.1
5.4
5.6
5.9
6.3
5.7
5.3
4.6
4.8
5.5
6.5
6.3
5.6
5.5
6.6
7.1
6.4
6.1
6.0
5.2
5.6
7.0
7.4
6.8
5.8
4.8
3.8
2.9
3.2
5.0
6.2
6.1
5.4
4.8
4.9
5.6
6.0
4.8
4.7
5.6
5.7
5.1
5.8
6.7
6.5
5.8
4.9
4.3
4.2
4.8
5.3
6.1
5.9
6.3
6.3
5.6
4.8
4.5
4.4
5.2
6.9
7.4
6.2
4.7
5.0
5.7
6.2
6.1
5.2
5.1
5.8
5.8
5.5
4.6
4.4
5.4
5.5
4.2
4.2
5.8
6.9
6.5
5.9
6.0
6.1
6.0
5.1
4.3
5.3
6.4
5.8
4.1
3.5
4.3
4.6
4.2
4.3
4.5
4.1
4.0
3.6
4.0
4.5
4.2
3.9
3.9
4.2
3.7
3.5
4.0
3.5
3.5
4.0
3.7
3.7
4.0
5.1
5.5
4.8
4.3
4.2
4.8
5.1
5.2
5.1
5.0
4.9
5.2
5.3
5.0
4.1
3.0
2.2
3.3
5.7
6.2
4.7
4.0
4.5
4.3
4.1
4.8
4.8
3.9
3.5
4.0
4.7
4.8
5.0
5.0
4.8
3.7
3.4
3.8
4.3
4.0
3.4
3.3
3.7
3.8
3.9
3.1
3.0
3.8
4.6
4.3
4.0
4.1
3.7
3.5
3.9
4.2
4.5
4.3
3.7
3.1
2.6
3.5
4.0
3.9
3.5
2.5
2.6
3.4
4.3
4.7
4.7
4.9
4.9
4.7
4.2
4.1
4.4
4.2
4.0
3.5
3.2
4.1
5.5
5.9
5.0
4.9
4.7
3.9
3.4
4.3
5.1
4.5
3.3
3.2
3.9
4.6
5.4
5.0
3.9
3.7
4.7
5.0
5.0
4.5
4.2
4.1
4.6
5.0
4.5
3.3
2.7
3.4
4.6
4.6
3.4
2.5
2.1
2.8
2.9
2.6
3.4
3.6
3.8
3.5
3.9
4.6
5.0
4.2
3.3
3.6
4.2
3.8
3.4
4.5
5.5
5.3
4.4
4.5
4.3
4.0
4.0
4.2
4.6
5.2
5.5
5.1
4.5
5.1
5.2
3.9
3.0
4.0
4.5
3.4
2.5
3.1
4.1
4.4
4.9
4.6
3.7
2.9
2.8
3.2
3.6
3.7
4.2
4.0
3.6
4.1
4.8
4.4
3.9
3.5
3.3
3.1
2.8
2.8
3.0
3.3
3.3
2.8
2.6
2.3
2.7
3.7
4.0
4.7
4.9
4.4
3.8
3.7
4.0
4.2
3.8
3.5
3.8
4.1
3.9
4.0
4.5
4.6
3.4
2.6
3.3
3.3
2.4
2.7
3.9
4.2
3.8
4.2
4.3
3.8
3.8
4.3
3.8
3.1
2.8
3.1
3.6
3.3
3.0
3.4
4.0
3.4
2.6
3.1
3.5
2.4
2.9
4.3
4.7
3.3
2.8
3.3
2.7
2.4
3.4
3.3
2.9
3.2
3.7
3.9
3.5
3.4
3.3
3.1
3.0
2.5
2.3
2.7
3.2
3.3
3.0
2.8
2.9
2.8
2.2
2.7
3.8
4.0
3.3
2.8
3.1
3.7
4.4
4.4
3.3
2.6
2.9
3.7
4.2
4.0
3.9
3.9
4.8
5.6
4.8
4.2
4.1
4.0
3.1
2.8
3.3
3.3
3.2
3.3
3.4
3.3
2.9
3.1
3.3
3.2
2.9
2.5
2.7
3.6
4.0
3.0
2.8
3.0
3.5
3.8
3.6
3.0
2.6
2.7
2.7
2.9
4.0
4.7
4.5
4.1
3.7
3.7
4.3
4.6
4.1
3.0
2.0
2.1
3.1
3.7
3.3
3.2
3.2
3.3
2.9
2.6
2.7
3.5
3.9
3.2
2.7
2.7
2.7
3.2
4.0
4.1
4.0
3.4
3.2
3.6
3.5
3.4
3.5
3.6
3.6
3.9
3.7
2.4
1.6
1.8
3.0
3.8
4.2
4.1
3.2
2.8
3.3
3.8
3.0
1.7
2.2
3.2
2.9
2.6
3.1
3.5
3.5
3.5
3.4
2.8
2.6
2.4
2.6
2.9
3.5
4.1
4.0
3.4
2.8
3.0
3.3
3.4
4.0
4.1
3.3
2.7
3.3
3.3
3.0
3.3
3.9
3.8
3.0
2.8
2.2
1.7
1.5
2.0
3.3
4.0
3.2
2.7
2.9
3.7
4.1
3.8
2.9
2.6
3.4
3.4
2.7
2.9
3.7
3.6
3.0
2.8
3.6
4.2
3.7
2.7
2.9
3.5
3.4
2.7
2.4
2.3
2.9
3.2
3.5
3.6
3.7
3.1
2.8
2.5
2.1
2.5
2.9
3.8
3.7
3.2
3.2
3.6
4.0
3.6
2.6
2.5
3.0
3.0
2.8
3.2
3.5
2.5
2.0
2.4
2.6
3.0
3.3
2.9
2.7
2.7
2.9
3.0
3.1
3.7
3.1
2.4
1.5
1.3
2.0
2.9
2.7
2.1
2.0
3.1
3.7
3.9
3.4
2.9
2.2
2.1
2.3
2.5
2.5
2.2
2.2
2.7
2.7
2.7
2.6
2.7
3.1
3.2
2.6
3.2
4.3
4.6
3.9
3.6
4.0
4.7
4.4
3.0
3.1
3.8
3.6
2.6
2.2
2.4
1.7
1.7
2.1
1.5
1.8
3.1
3.7
3.0
2.6
2.8
3.2
2.9
2.2
1.5
1.6
2.7
3.1
2.6
2.4
2.9
3.5
3.2
2.0
1.6
2.6
3.1
2.9
2.4
2.2
2.5
2.7
2.6
2.6
2.6
3.0
3.3
3.1
3.2
3.4
3.7
4.1
3.6
2.5
1.5
1.8
3.5
4.3
3.7
2.9
2.6
2.5
2.8
3.4
3.3
2.4
1.9
2.2
2.9
3.0
2.7
2.9
3.1
2.7
2.5
2.9
3.4
2.8
2.0
1.8
2.2
2.2
1.5
0.8
1.3
1.9
2.1
1.9
2.1
2.8
3.3
3.6
2.9
2.0
1.6
2.5
3.1
2.9
2.5
2.5
2.4
2.2
2.2
2.5
2.8
2.2
1.4
1.2
2.3
3.1
3.0
2.6
2.6
3.0
3.0
2.9
2.7
2.8
2.5
2.1
2.3
2.8
3.1
3.7
3.6
3.0
2.5
3.0
4.0
4.1
3.7
2.7
2.8
2.7
2.7
2.9
3.1
3.0
2.3
1.8
2.3
3.2
3.2
2.6
2.5
2.3
2.2
2.4
2.7
2.6
1.7
1.6
1.8
2.0
1.7
1.2
1.9
2.9
3.2
2.8
2.5
2.4
1.6
1.3
1.5
2.1
2.1
1.9
2.3
2.8
3.1
3.2
2.7
2.4
1.9
1.2
1.5
1.9
1.6
2.3
2.8
2.7
2.1
1.3
1.3
1.7
2.3
2.5
1.7
1.7
2.3
2.7
2.2
1.1
0.1
0.0
0.7
1.4
1.2
0.7
1.1
1.5
2.4
2.9
2.2
1.5
1.7
2.2
2.2
1.5
1.1
1.2
1.3
1.0
0.3
0.9
2.0
2.1
1.8
1.7
1.7
1.6
2.0
1.9
1.2
0.8
1.1
1.5
2.2
1.7
1.8
1.8
1.4
0.8
0.7
0.6
0.5
1.2
2.1
1.5
1.4
2.0
2.0
2.0
2.3
2.5
2.7
2.4
1.3
0.8
1.1
1.3
1.5
1.8
2.0
2.0
1.7
1.0
0.6
0.7
0.9
1.1
0.8
0.4
-0.4
0.3
2.0
2.4
2.2
2.1
1.8
1.9
2.2
2.4
2.2
1.7
1.2
1.4
2.1
2.3
2.0
1.7
1.8
1.4
0.9
0.5
0.6
0.2
0.0
0.4
1.1
1.2
1.3
1.0
0.4
0.9
2.1
2.0
1.5
1.1
1.1
1.3
2.1
2.1
1.7
1.2
0.7
1.5
2.4
2.5
2.3
2.0
1.1
-0.1
0.1
1.0
1.0
0.4
0.0
0.2
0.6
0.9
0.8
1.0
1.5
1.1
1.5
2.0
1.9
1.1
0.8
1.1
1.1
1.3
1.5
0.8
0.2
0.4
1.2
1.8
1.4
0.3
0.4
1.3
1.3
1.0
0.9
1.6
1.9
1.4
1.3
2.0
2.9
3.0
1.8
1.1
1.8
2.2
1.9
1.2
0.9
0.9
1.1
1.0
1.2
1.3
1.6
1.4
1.0
0.6
0.8
1.5
1.2
0.7
1.1
1.4
1.9
2.3
2.4
2.1
2.2
2.6
2.2
1.9
1.9
1.6
1.3
1.7
2.1
2.0
2.0
2.0
1.3
0.7
0.9
1.3
1.1
1.2
1.0
1.2
1.5
1.3
1.4
2.3
3.2
3.0
2.4
2.2
1.7
1.3
1.3
2.0
3.0
2.8
2.6
2.8
2.4
1.6
1.3
1.9
1.4
0.9
0.7
1.6
2.7
2.9
2.2
1.7
1.5
1.3
1.1
1.0
1.5
1.8
1.7
1.3
1.7
2.3
2.6
1.8
1.0
0.5
0.5
1.7
3.0
2.5
1.3
1.1
1.1
2.0
2.5
2.6
2.4
2.2
2.0
2.1
2.1
2.1
1.8
1.8
2.3
2.2
1.7
1.3
1.5
1.7
1.7
2.5
3.3
3.0
2.2
2.1
2.4
2.5
2.4
2.4
1.6
0.7
0.5
1.3
1.8
1.6
1.6
1.8
2.0
1.5
1.4
1.7
1.8
1.7
1.7
1.4
1.8
2.2
2.3
1.6
0.3
-0.3
0.5
1.2
1.0
0.2
0.6
1.7
2.4
2.5
2.1
1.6
1.3
1.2
1.7
2.2
2.5
2.6
2.5
1.8
1.7
2.1
1.8
1.3
1.2
1.8
2.1
2.2
2.8
3.5
2.8
0.9
-0.1
0.5
1.1
1.0
1.3
2.1
2.4
2.3
1.8
1.8
2.3
2.1
1.7
1.6
1.4
1.4
1.3
1.9
1.8
1.6
0.9
0.1
0.7
2.0
2.2
2.4
2.8
1.9
1.2
1.0
0.8
0.6
0.8
0.8
0.7
1.4
2.1
1.8
2.1
1.9
1.6
2.7
3.4
3.3
2.8
2.7
2.8
2.9
2.5
2.2
2.4
2.4
2.0
1.3
1.5
2.1
2.8
2.7
2.4
2.7
3.2
2.9
3.2
3.5
3.2
2.7
2.5
2.9
2.5
1.9
1.6
1.6
1.2
1.5
1.3
0.4
0.4
1.5
2.0
1.6
0.6
0.2
0.2
0.2
-0.3
-0.4
-0.1
-0.2
-1.7
-2.6
-2.1
-1.2
-1.8
-2.9
-3.2
-2.6
-2.4
-2.7
-3.0
-2.9
-2.6
-2.6
-2.6
-2.6
-2.8
-2.6
-1.9
-1.5
-1.5
-1.5
-2.2
-2.7
-2.2
-1.4
-0.8
-1.3
-2.0
-2.3
-2.3
-2.7
-2.0
-1.7
-1.7
-1.8
-1.6
-1.2
-1.4
-1.8
-2.5
-2.5
-1.4
-1.2
-1.7
-2.3
-2.8
-2.4
-1.4
-0.7
-0.9
-1.9
-2.3
-2.4
-2.1
-1.3
-1.1
-1.5
-2.3
-2.4
-2.2
-2.3
-2.5
-2.6
-2.5
-1.8
-1.7
-2.2
-2.6
-2.0
-1.8
-2.5
-2.7
-2.2
-1.9
-1.9
-1.9
-1.8
-1.7
-1.1
-0.8
-1.2
-1.1
-1.5
-1.6
-1.0
-0.3
0.0
-0.5
-0.8
-0.5
-0.8
-1.7
-1.9
-1.5
-1.2
-1.4
-1.5
-1.4
-1.2
-1.5
-1.8
-1.8
-1.4
-1.6
-1.7
-2.0
-2.7
-2.7
-1.9
-1.7
-1.6
-1.7
-1.9
-2.9
-2.8
-1.8
-1.4
-1.7
-2.5
-1.8
-0.8
-1.2
-1.7
-2.2
-2.4
-2.2
-2.2
-2.2
-2.1
-2.0
-1.9
-1.2
-0.6
-0.8
-1.3
-1.7
-1.5
-1.3
-1.2
-1.5
-1.5
-0.5
-0.4
-0.8
-1.5
-2.3
-2.2
-1.5
-1.2
-2.1
-3.0
-2.0
-1.0
-0.7
-1.3
-1.2
-1.3
-2.1
-2.3
-1.5
-1.1
-1.5
-2.4
-2.6
-1.9
-1.3
-1.2
-2.4
-3.5
-3.4
-2.6
-2.3
-2.7
-1.9
-1.1
-1.2
-1.1
-1.5
-1.6
-1.4
-1.8
-1.9
-1.5
-0.9
-1.1
-1.5
-1.7
-1.1
-0.7
-0.6
-0.6
0.4
1.2
0.2
-0.3
-0.4
-0.7
-0.3
0.0
0.0
0.1
-0.3
-0.7
-0.6
-0.6
-1.5
-1.8
-1.5
-2.0
-2.4
-2.3
-2.0
-0.5
0.3
0.0
-0.4
-0.2
-0.8
-1.0
0.0
0.3
-0.2
0.0
0.4
0.4
-0.1
-0.3
0.0
-0.1
-0.1
-0.4
-0.7
-1.0
-1.0
0.1
0.7
0.0
-0.7
-0.2
0.4
0.9
1.1
0.4
-0.3
-0.6
-0.6
0.0
0.8
0.5
0.2
0.8
1.3
1.6
2.0
1.2
0.5
0.4
0.6
1.0
1.3
0.9
0.4
0.9
0.4
0.0
1.2
0.6
-0.7
-0.8
-1.3
-0.7
0.7
1.2
1.1
1.5
1.3
0.3
-0.5
0.0
0.2
0.7
1.3
0.8
-0.2
0.1
1.5
1.9
0.9
0.5
0.9
1.0
1.4
1.3
1.5
1.9
1.9
0.9
0.2
0.3
0.9
1.5
2.6
2.7
3.0
3.0
2.8
3.1
2.6
2.4
2.3
1.6
1.8
1.7
1.8
2.0
1.6
1.1
0.5
0.4
0.1
0.6
1.3
1.3
-0.3
-1.3
-1.2
-0.2
0.4
0.0
-0.4
-0.4
-0.4
0.4
-0.1
-0.4
0.2
0.2
-0.7
-1.9
-1.9
-0.9
-0.3
-0.7
-1.2
-1.2
-1.6
-2.2
-2.0
0.0
0.8
0.5
0.0
-0.6
-1.3
-2.2
-2.2
-0.7
-0.4
-1.6
-2.4
-1.3
-1.2
-1.0
-0.4
-1.0
-1.5
-2.0
-2.3
-2.5
-2.3
-1.0
-1.0
-0.3
0.1
-0.3
-1.0
-1.3
-0.1
-0.4
-2.9
-3.7
-1.5
-0.2
-0.6
-1.2
0.3
1.5
-0.8
-3.7
-2.7
-1.0
-2.2
-3.6
-2.7
-0.7
-0.1
-0.4
-1.6
-2.1
-2.4
-2.9
-4.8
-4.3
-2.5
-1.8
-2.1
-2.5
-2.2
-1.0
-1.3
-3.1
-4.0
-3.0
-2.2
-3.4
-3.6
-1.9
-0.8
-1.0
-1.7
-3.1
-2.2
0.3
1.0
-0.6
-3.0
-3.2
-2.7
-2.4
-1.7
-1.5
-1.0
-0.7
-1.4
-2.8
-3.0
-1.9
-1.0
-0.9
-1.7
-2.9
-2.8
-1.7
-0.9
-0.1
-0.5
-1.8
-1.9
-0.5
0.2
-0.1
0.0
0.4
-0.4
-0.9
0.0
0.5
-0.2
-0.9
-1.1
-0.5
-0.4
-0.2
0.6
0.3
-0.3
0.0
-0.7
-2.0
-1.8
-1.0
-1.0
-2.6
-2.0
-0.9
0.0
0.9
0.9
0.8
-0.4
-2.0
-2.4
-1.8
-0.6
-1.5
-2.2
-1.2
-0.1
0.3
0.3
-0.4
-0.6
-0.4
0.3
0.9
0.2
-1.1
-2.2
-1.5
-0.3
0.0
-1.2
-2.1
-1.8
-1.2
-1.2
-1.3
-1.7
-1.3
-1.3
-1.6
-2.8
-2.8
-1.5
-1.4
-1.9
-2.1
-2.2
-1.7
-1.5
-2.0
-2.4
-2.2
-2.3
-2.1
-2.1
-2.5
-2.5
-1.2
-0.8
-1.9
-3.2
-3.6
-3.6
-4.1
-4.2
-3.8
-3.4
-3.2
-2.8
-2.0
-1.5
-1.9
-2.5
-2.9
-3.9
-4.6
-4.0
-2.4
-1.5
-1.3
-2.2
-2.2
-2.1
-2.5
-3.1
-2.9
-2.0
-1.9
-2.1
-3.5
-4.1
-3.2
-1.6
-1.1
-2.5
-3.2
-2.5
-1.0
-0.4
-0.4
-0.4
-1.3
-2.5
-2.5
-2.5
-2.5
-3.2
-3.4
-2.8
-1.7
-2.2
-2.5
-2.0
-2.2
-3.5
-3.1
-1.6
-1.3
-2.2
-3.2
-2.9
-2.7
-3.0
-2.3
-2.2
-2.2
-3.3
-4.2
-3.0
0.0
1.0
-0.4
-0.8
0.6
0.5
-0.3
-0.9
-1.6
-1.5
0.1
1.2
0.6
0.2
0.7
0.7
1.3
1.5
-1.1
-4.5
-3.3
1.6
3.4
1.2
-0.5
0.1
1.2
0.9
0.2
-1.3
-2.1
-1.5
-0.1
0.4
0.2
0.9
1.5
0.3
-0.6
-0.4
0.0
-0.4
-1.2
-1.0
0.0
0.0
-1.1
-0.4
0.5
-1.0
-1.1
0.0
1.0
1.7
2.6
2.9
2.4
2.4
2.4
2.2
1.5
0.7
0.4
2.0
2.3
1.1
0.2
1.2
2.8
2.1
1.0
0.0
0.0
0.7
2.4
2.4
1.3
0.4
1.1
1.7
3.0
1.9
0.1
-0.9
-0.4
0.4
-0.1
0.5
1.3
1.1
0.6
1.8
3.4
3.4
2.2
1.3
2.2
2.8
1.9
2.2
3.1
4.3
3.3
3.1
4.3
5.6
5.6
3.9
2.2
2.6
4.0
3.3
4.5
6.1
5.9
4.2
3.5
4.2
4.1
4.3
6.2
7.0
5.8
4.9
5.9
7.0
5.2
3.9
4.7
5.7
4.3
3.3
5.4
6.6
7.6
6.2
4.4
3.2
1.4
1.6
1.9
3.5
6.4
6.3
3.8
2.0
4.1
6.0
5.5
6.6
7.9
5.6
4.2
4.6
5.6
4.7
4.2
4.6
4.3
4.3
6.1
5.7
4.2
4.2
6.5
6.0
4.2
3.2
4.1
5.9
9.0
7.5
4.0
4.1
6.0
7.0
5.6
4.9
3.5
3.7
5.0
5.7
6.5
5.7
4.6
4.2
5.6
5.7
5.0
4.6
4.9
4.9
3.9
4.2
4.4
5.3
7.9
6.9
4.5
3.7
3.1
2.2
1.9
4.6
7.5
6.1
6.0
7.0
6.1
4.8
3.9
4.0
6.2
6.6
4.6
2.5
5.7
10.2
8.9
5.1
6.4
6.0
4.2
6.0
6.3
2.4
0.2
2.7
5.8
5.1
5.0
6.9
6.3
5.7
6.3
6.3
7.8
8.1
5.9
3.7
3.1
5.6
6.8
5.7
6.6
6.6
7.9
7.2
5.3
7.0
8.2
6.5
5.2
4.9
5.4
7.7
9.1
8.2
5.7
5.9
5.5
5.5
5.5
5.6
5.4
4.4
5.9
8.5
7.5
6.0
4.7
4.6
5.7
5.5
6.6
6.3
5.1
6.0
7.4
7.0
3.2
0.0
2.9
6.3
8.4
10.5
8.1
5.6
8.0
9.1
8.8
8.4
8.5
5.5
3.3
7.4
11.2
8.0
4.5
4.7
7.8
7.2
6.9
8.0
5.5
3.4
4.6
7.7
8.9
8.9
10.2
7.1
4.7
5.1
7.2
9.2
8.0
3.7
3.7
11.5
13.3
6.2
3.8
5.4
8.1
9.5
8.1
5.9
7.6
8.8
10.6
9.0
8.4
7.9
6.5
6.2
7.0
8.1
10.9
11.1
8.4
6.0
5.0
7.8
8.6
8.5
10.1
10.7
8.7
8.3
8.2
9.9
10.2
10.0
11.8
7.3
3.5
7.9
11.8
7.7
3.7
6.7
9.1
10.5
11.1
11.8
9.7
7.8
8.1
13.6
11.8
4.4
2.4
7.7
14.5
13.2
10.1
6.3
4.8
7.2
8.9
7.7
6.5
5.7
8.1
12.6
11.3
6.6
5.5
8.6
11.1
12.1
9.5
7.9
7.4
8.1
8.2
7.6
8.4
9.1
9.0
10.1
10.4
10.5
10.8
9.9
9.8
10.3
10.8
11.4
10.7
8.9
7.6
8.2
9.6
9.8
9.1
9.1
9.7
10.3
9.8
9.0
9.4
9.6
9.0
8.1
8.0
9.2
9.7
9.7
11.9
12.2
12.5
13.2
12.0
10.8
11.4
12.1
9.5
6.7
9.5
12.4
10.2
6.8
3.1
4.7
11.5
13.5
11.2
7.7
4.6
8.5
9.8
6.5
4.8
3.5
3.6
6.5
4.3
1.3
1.1
4.0
4.0
-6.7
-17.4
-7.9
2.5
8.1
13.5
1.0
-16.0
-22.3
-13.2
-4.0
-7.1
-4.3
-3.1
-21.0
-35.2
-30.9
-23.9
-18.5
-16.8
-24.4
-34.9
-35.9
-20.2
-10.9
-11.6
-21.7
-23.6
-23.1
-26.3
-30.6
-14.7
-4.9
-15.3
-21.8
-22.0
-22.7
-14.3
-15.1
-24.8
-22.3
-11.6
-6.7
-19.2
-26.8
-23.5
-20.1
-22.5
-26.2
-18.2
-9.2
-11.1
-12.3
-18.1
-31.0
-41.7
-52.7
-47.2
-30.4
-26.6
-20.2
-15.1
-9.7
-11.9
-12.0
-8.0
-13.1
-14.8
-27.0
-45.8
-59.1
-47.6
-25.9
-20.9
-25.3
-28.7
-19.6
-8.1
-11.7
-36.5
-48.9
-43.5
-33.3
-35.2
-45.6
-45.5
-39.8
-31.7
-29.6
-26.8
-24.3
-27.8
-38.1
-50.6
-52.6
-37.6
-16.0
-8.5
-19.3
-29.5
-31.2
-31.1
-40.2
-42.4
-39.1
-36.3
-42.5
-47.6
-59.2
-70.1
-53.2
-20.8
-6.5
-23.7
-39.2
-28.4
-26.2
-38.4
-27.5
-10.9
-33.5
-58.4
-58.9
-39.9
-33.1
-44.8
-49.3
-50.2
-46.6
-44.0
-42.6
-37.3
-25.2
-26.9
-32.2
-38.2
-47.5
-54.4
-65.0
-60.5
-41.6
-41.0
-50.6
-49.7
-37.2
-24.3
-21.9
-35.0
-55.2
-69.3
-62.6
-40.6
-31.8
-38.9
-47.8
-46.2
-32.2
-32.1
-51.6
-52.6
-45.8
-31.5
-34.5
-57.5
-66.7
-52.5
-35.5
-35.4
-31.6
-23.8
-30.7
-52.7
-49.2
-51.8
-58.9
-53.8
-34.0
-35.1
-61.3
-88.1
-65.4
-27.4
-15.0
-29.3
-50.7
-61.1
-45.1
-19.6
-16.5
-31.6
-36.1
-35.7
-52.5
-62.9
-55.0
-45.4
-39.3
-44.0
-41.3
-42.5
-57.5
-68.1
-56.3
-38.4
-41.8
-48.0
-38.7
-19.4
-20.3
-37.6
-45.8
-37.2
-40.0
-66.4
-79.0
-63.3
-47.9
-48.6
-43.3
-35.2
-18.4
-15.7
-19.1
-25.1
-42.9
-50.8
-44.1
-34.8
-37.5
-41.9
-49.8
-66.5
-52.5
-22.8
-16.7
-32.7
-46.0
-62.5
-62.8
-50.8
-35.4
-31.8
-41.3
-47.5
-45.6
-30.0
-24.4
-15.0
-11.9
-38.5
-65.6
-51.0
-20.3
-16.2
-36.7
-57.5
-64.3
-49.3
-31.8
-16.6
-23.5
-45.4
-49.3
-42.0
-37.4
-41.6
-44.0
-30.6
-16.9
-18.8
-22.1
-36.0
-44.1
-31.9
-33.8
-38.3
-48.0
-53.0
-44.4
-31.3
-18.7
-22.7
-30.5
-26.7
-25.7
-29.7
-29.5
-34.5
-43.4
-40.6
-31.7
-30.6
-36.2
-44.5
-39.8
-26.4
-19.4
-21.5
-25.8
-16.0
-9.2
-20.7
-39.0
-47.4
-39.3
-39.5
-33.7
-23.5
-13.1
-19.4
-36.4
-39.7
-26.3
-15.4
-20.7
-27.7
-28.1
-28.5
-18.7
-18.0
-22.4
-26.1
-22.1
-22.5
-32.2
-41.1
-44.9
-34.9
-19.2
-12.3
-22.1
-31.7
-19.3
-3.8
1.4
-12.0
-24.4
-25.2
-23.5
-26.8
-28.2
-21.4
-14.5
-21.5
-29.9
-19.6
-14.8
-27.6
-39.1
-40.2
-22.9
-11.6
-6.5
-7.0
-13.5
-14.6
-10.2
-1.3
-7.1
-19.2
-27.7
-28.6
-20.6
-9.9
-7.2
-7.8
-8.1
-15.0
-21.2
-22.3
-16.8
-13.1
-13.2
-14.5
-18.2
-16.1
-12.1
-11.7
-12.8
-11.9
-8.9
-11.1
-12.2
-10.0
-12.0
-12.6
-20.6
-25.0
-18.3
-12.4
-8.2
-9.3
-15.5
-15.1
-13.0
-7.3
-5.4
-13.3
-17.3
-11.5
0.4
2.1
0.6
-5.3
-15.9
-22.6
-20.7
-13.1
-11.3
-13.6
-16.7
-12.2
-5.8
-6.5
-3.5
-6.5
-7.1
-2.0
3.1
-1.2
-11.0
-13.2
-13.8
-4.3
4.6
0.0
-10.2
-16.7
-18.4
-9.4
-3.0
-2.5
-7.9
-12.0
-10.2
-6.5
-6.0
-6.2
-10.7
-8.6
-4.7
-4.9
-7.6
-7.0
-8.1
-10.1
-2.2
3.9
-11.3
-26.4
-31.3
-18.9
-1.9
9.0
4.2
-3.5
-16.9
-13.2
-5.5
-0.7
-3.0
-11.6
-9.6
-4.8
0.2
3.5
6.4
4.4
-10.0
-16.0
-9.9
-1.2
0.0
0.5
-2.3
0.0
-1.2
-8.3
-12.3
-12.1
-10.1
-1.9
1.3
-6.8
-14.1
-8.7
-3.5
2.5
3.3
-5.8
-11.3
-5.4
3.8
5.9
2.3
-0.5
-2.5
-4.6
-7.5
-2.5
0.7
0.0
-6.4
-7.2
-2.9
-1.1
0.4
0.7
-0.4
-3.2
-6.6
-6.6
-6.8
-5.1
-3.1
1.6
3.0
0.7
0.3
-2.3
-15.8
-20.7
-10.2
0.7
5.8
2.7
-1.9
1.6
10.5
12.1
6.6
2.2
0.5
-2.6
-2.6
-2.9
-6.3
-7.1
0.2
5.5
5.0
0.2
-2.6
-6.3
-3.8
3.4
7.0
4.2
1.7
-0.4
-2.5
-1.2
1.8
0.7
3.6
4.0
2.1
0.4
-1.2
1.2
1.9
4.5
4.2
3.4
1.3
0.2
-0.7
-0.3
1.4
2.8
2.1
0.9
0.6
-0.2
0.8
2.8
3.4
3.9
4.8
4.4
2.6
1.3
1.1
3.0
2.8
2.8
4.3
5.3
5.5
5.0
3.6
2.6
2.7
3.0
4.1
4.5
3.7
3.1
2.9
3.0
1.3
0.7
3.8
5.1
4.3
3.8
4.1
4.5
4.8
4.8
4.4
3.3
1.8
2.2
3.4
3.4
1.8
2.5
4.0
3.9
3.1
2.7
2.5
3.3
4.1
3.5
2.3
2.2
2.6
2.8
3.0
3.5
3.7
3.9
4.6
4.3
2.8
3.7
4.9
3.7
2.4
2.1
3.1
4.9
5.9
6.1
5.0
4.5
4.4
4.4
3.9
3.5
3.1
3.1
3.5
4.3
4.7
4.3
4.3
4.6
4.5
3.6
3.4
3.7
4.1
3.7
4.1
4.2
4.1
3.6
3.2
3.3
4.0
4.3
4.1
3.6
3.2
3.5
3.1
2.9
3.9
4.8
3.9
2.8
3.2
4.0
4.0
3.7
3.6
3.4
3.6
3.8
3.8
4.1
4.5
4.1
3.8
3.5
3.3
4.4
5.2
4.6
3.8
4.0
4.8
5.1
5.2
5.5
4.6
4.5
5.1
6.0
5.8
5.2
4.7
4.9
5.1
4.4
3.9
4.5
4.8
4.0
3.5
3.7
3.8
3.1
2.9
4.3
5.1
4.9
4.5
3.9
3.4
4.0
4.4
4.0
3.9
5.1
4.2
3.0
3.4
4.1
3.2
2.4
2.6
2.8
3.4
3.9
4.8
4.2
1.8
0.6
2.5
3.9
3.3
3.0
3.8
3.8
3.2
3.4
4.3
4.7
4.1
2.6
2.5
3.2
4.0
3.9
3.6
4.3
4.4
4.1
3.5
2.8
3.5
4.0
3.6
4.2
5.1
5.2
4.3
3.5
2.9
3.4
5.0
4.6
3.4
3.0
2.9
3.4
3.6
4.5
4.8
3.7
1.3
0.6
2.3
3.0
2.9
3.0
3.4
3.2
2.5
2.2
2.6
3.4
3.7
3.2
2.4
1.8
2.1
1.9
1.3
1.2
2.1
2.4
2.2
2.2
2.1
2.5
2.8
2.9
2.7
2.2
1.3
0.8
1.8
3.0
3.0
2.6
2.7
3.3
3.5
3.4
4.6
4.6
3.1
2.8
3.5
4.2
3.2
2.8
3.4
3.7
3.1
2.1
2.1
2.9
3.0
2.4
2.4
2.5
2.5
2.6
3.2
3.4
3.1
2.9
2.8
2.6
1.6
1.2
1.5
1.7
1.8
1.7
1.3
1.7
1.9
1.5
1.5
2.2
2.8
1.7
1.2
0.9
0.4
1.1
1.9
2.0
2.2
2.6
2.3
2.0
1.8
1.9
2.0
2.0
1.4
0.6
0.9
0.3
1.1
3.6
5.2
4.1
2.5
2.2
2.6
2.9
2.6
2.2
2.1
2.2
1.9
1.7
1.8
1.7
2.0
2.4
2.0
1.5
0.8
0.8
1.3
1.7
1.1
1.1
1.7
2.0
1.4
1.1
1.8
2.0
1.0
0.1
0.3
0.8
0.6
0.8
0.9
0.9
0.4
0.4
0.7
1.1
1.1
0.6
-0.2
0.0
0.9
1.4
1.7
2.0
1.6
1.0
1.0
1.3
1.9
1.6
0.6
0.3
0.6
1.3
1.6
1.4
1.6
2.4
2.0
1.7
1.6
0.9
0.4
0.8
1.3
1.1
0.9
1.0
0.6
0.8
0.8
0.6
1.0
1.9
1.8
0.7
0.2
0.5
1.5
1.4
0.7
0.8
1.1
1.2
0.9
0.3
0.2
0.3
0.8
0.9
0.4
0.0
0.2
0.8
0.5
-0.1
-0.1
-0.2
0.0
0.5
0.1
0.1
0.7
1.2
0.9
0.6
0.4
-0.7
-1.8
-0.8
0.4
0.6
0.6
0.5
0.6
0.5
0.7
1.5
2.2
2.3
2.1
1.7
1.3
1.6
2.0
1.7
1.2
1.1
1.1
1.6
2.0
2.0
2.3
2.4
1.8
0.5
0.0
0.0
0.0
0.0
0.2
0.0
-0.8
-1.1
-0.1
0.4
0.6
0.6
0.4
0.0
0.2
0.8
0.6
0.0
0.5
1.1
-0.2
-1.9
-1.3
0.5
1.3
0.7
-0.2
-1.1
-1.2
-0.8
0.0
1.4
1.5
0.3
-1.3
-0.9
-0.3
0.5
1.8
2.1
1.8
1.3
0.8
1.2
1.7
1.2
0.1
-0.1
0.0
0.2
-0.2
-0.9
-0.8
-0.2
0.8
1.4
0.6
0.2
0.0
0.4
1.0
1.6
1.8
1.2
0.2
-0.6
-0.4
0.5
1.2
0.8
0.6
0.8
0.3
0.3
0.0
-0.7
-1.0
-0.5
0.0
-0.1
0.0
0.0
-0.9
-0.5
0.0
0.0
-0.8
-1.1
-0.7
-0.4
-0.4
-0.4
-0.8
-0.9
-0.7
0.1
0.2
-0.3
-0.7
0.1
0.6
-0.2
-0.6
-0.1
1.2
1.2
0.6
0.1
0.0
0.5
1.1
1.3
0.7
-0.6
-0.9
-0.4
0.0
0.5
0.6
0.5
0.1
-0.2
-0.6
-0.6
-0.5
0.8
1.7
0.8
0.1
0.1
1.1
0.6
-0.2
-0.4
-0.6
-0.6
-0.8
-1.1
-0.7
0.0
0.2
-0.1
-0.5
-0.8
-0.9
-0.5
0.0
-0.3
-1.7
-1.2
0.0
0.1
-0.5
-0.1
0.2
0.0
0.4
0.6
0.8
1.0
1.1
0.7
-0.2
-0.1
0.6
0.5
0.0
-0.1
-0.5
-0.6
-0.2
0.5
0.2
-0.1
0.6
0.7
-0.2
0.3
0.8
1.0
0.6
0.2
0.0
0.0
1.0
0.9
0.1
0.0
0.1
-0.3
-0.1
0.4
0.5
0.1
-0.1
0.1
0.0
-0.4
-0.3
0.0
-0.3
-0.6
-0.9
-0.8
-0.5
-1.0
-1.3
-1.4
-0.8
-0.1
-0.4
-1.0
-2.2
-2.1
-1.2
-0.6
-1.0
-1.2
-1.0
-0.4
0.3
0.7
0.5
0.3
0.2
0.0
-0.4
0.1
0.7
1.2
1.7
1.3
0.9
0.7
0.9
1.1
1.3
1.3
0.7
0.3
0.2
0.6
0.8
0.0
-1.0
-0.9
-0.8
-0.9
0.0
0.7
0.2
-0.2
-0.1
0.0
0.1
0.0
-0.6
-1.6
-1.7
-1.5
-0.8
-1.2
-1.6
-1.3
-1.1
-1.4
-1.9
-1.9
-1.5
-1.1
-1.0
-1.1
-1.0
0.0
0.5
0.0
-0.6
-0.7
-0.7
-0.8
-1.2
-0.7
-0.4
-0.4
-0.3
0.0
0.1
0.0
0.0
0.8
1.3
1.2
0.7
0.4
0.5
0.9
1.2
1.0
0.1
-0.4
-0.4
0.0
-1.3
-1.9
-0.5
0.5
-0.2
-1.3
-1.2
0.0
0.7
0.5
0.0
-0.4
-0.5
-0.8
-0.8
-0.4
0.1
0.3
-0.7
-1.7
-1.0
-0.1
-0.1
0.0
0.0
-0.3
-0.6
-1.4
-2.2
-1.8
-1.2
-1.3
-0.9
0.0
0.1
0.0
0.4
0.2
0.0
-0.1
-0.7
-1.0
-0.8
-0.6
-0.7
-0.4
0.1
0.2
-0.3
-0.7
-0.2
0.0
-0.5
-1.5
-1.3
-0.6
-0.2
-0.2
0.0
0.2
0.0
-0.3
0.1
0.8
1.0
0.8
0.1
0.2
0.4
0.4
0.5
1.0
1.1
0.0
-1.1
-0.9
-0.5
0.0
1.1
1.1
-0.2
-1.3
-1.2
-0.3
-0.2
0.0
-0.3
-1.4
-2.2
-1.5
-0.1
0.8
0.2
-0.6
-1.3
-1.3
-0.9
-0.5
-0.6
-1.0
-1.3
-1.1
-0.3
-0.5
-0.8
-1.1
-1.5
-1.2
-0.6
-0.1
0.4
0.6
0.6
0.5
0.2
0.4
0.8
0.7
0.3
-0.2
-0.8
0.0
0.7
1.0
0.5
0.4
-0.2
-0.4
0.1
0.0
-0.3
-0.5
-0.6
-0.7
-0.7
-0.8
-0.7
0.0
0.0
-0.3
-0.3
-0.2
-0.8
-0.9
0.1
0.0
-1.2
-2.0
-0.9
-0.5
-0.6
-0.4
-0.1
-0.2
-0.7
-0.9
-0.2
-0.1
-0.4
-1.2
-1.8
-1.1
-0.6
-0.6
-0.8
-0.9
-1.0
-1.5
-1.3
-0.6
-0.5
-0.9
-1.2
-2.1
-2.0
-1.2
-0.2
-0.1
-0.2
0.0
-0.1
0.0
0.5
0.2
-1.1
-1.6
-1.6
-1.1
-0.2
0.3
0.2
0.3
0.9
1.1
0.8
0.3
-0.2
-0.2
-0.7
-1.1
-0.9
-0.6
-1.3
-1.5
-1.3
-1.9
-2.3
-1.5
-0.8
0.0
0.5
0.1
-0.9
-1.4
-0.5
-0.3
-0.2
-0.1
-0.6
-1.6
-1.3
-0.6
-0.1
-0.8
-0.9
-0.9
-1.5
-1.5
-0.9
-0.1
0.6
0.6
-0.1
0.3
1.0
1.3
1.1
0.6
0.3
-0.2
0.0
0.0
-0.5
-1.1
-1.5
-0.8
-0.5
-0.5
-0.8
-0.9
-1.0
-0.9
-1.0
-1.0
-0.6
0.0
-0.9
-2.1
-1.7
-1.0
-0.5
-0.4
-0.4
-0.9
-1.6
-1.3
-0.7
-1.0
-0.8
-0.6
-1.6
-2.1
-1.9
-0.7
-0.6
-1.1
-0.9
-0.8
-0.6
-0.8
-1.0
-1.2
-0.8
-0.2
0.0
-0.2
0.2
0.0
0.0
0.6
1.0
0.4
-0.6
-0.9
0.0
0.0
-0.5
-0.4
0.0
0.0
0.0
0.2
0.1
0.4
0.9
0.6
0.0
-0.4
-0.2
-0.4
-0.3
-0.7
-0.6
-0.4
-0.1
0.2
0.1
-0.6
-0.6
-0.8
-1.2
-1.2
-0.4
0.0
-0.7
-1.2
-1.3
-0.8
-0.4
-0.4
-0.5
-0.1
-0.6
-1.1
-0.8
-0.5
-0.6
-0.7
-0.6
-0.6
-1.1
-1.5
-1.4
-0.7
-0.3
-0.5
-0.2
-0.3
-0.8
-1.5
-1.3
0.0
0.8
1.0
0.9
0.7
0.5
0.2
0.5
0.4
-0.2
-0.6
-0.8
-0.8
-0.4
0.0
0.4
0.0
-0.6
-1.4
-1.2
-0.7
-1.2
-1.1
-0.3
-0.1
0.0
0.5
-0.1
-0.1
0.0
-0.8
-1.6
-1.1
-0.5
-0.8
-1.6
-1.8
-1.8
-0.7
-0.2
-0.7
-1.6
-1.4
-0.8
-0.7
-0.6
-0.8
-1.1
-0.9
-0.6
-0.7
-0.8
-0.9
-0.8
-0.6
0.1
0.6
-0.3
-1.2
-1.5
-0.8
-0.4
-0.1
-0.2
-0.8
-1.5
-1.5
-0.2
0.5
0.3
-0.3
-1.2
-1.1
-0.6
-0.6
-0.8
-0.6
-0.4
-0.3
-0.7
-1.1
-1.5
-2.0
-2.6
-1.7
-0.3
0.0
-0.5
-0.8
-1.2
-1.5
-1.9
-0.7
-0.6
-0.4
-0.7
-0.6
-0.4
-0.1
0.2
0.0
-0.4
-0.5
-0.8
-1.3
-1.7
-1.0
-0.9
-1.5
-1.6
-1.4
-1.7
-2.5
-2.8
-1.6
0.2
1.0
0.4
0.0
0.3
0.0
-0.1
0.6
1.3
0.9
0.4
0.2
-0.2
0.0
0.4
0.8
0.8
0.3
0.1
0.1
0.5
0.3
0.0
-0.4
0.0
0.3
0.0
-0.8
-0.7
-0.3
-0.8
-1.7
-1.5
-0.1
0.9
1.2
0.8
0.1
-0.3
-0.2
-0.6
-1.3
-1.4
-1.1
-0.9
-0.8
-0.8
-0.3
-0.1
-0.1
-0.2
-0.4
-0.3
-0.1
0.1
0.0
0.0
0.2
0.0
-0.3
-0.7
-0.9
-0.6
0.1
0.0
0.0
-0.2
0.5
0.8
0.5
0.5
1.1
1.5
0.8
0.7
1.2
1.1
0.3
-0.4
-0.3
0.0
0.2
0.6
0.6
0.9
0.8
0.6
0.8
0.8
0.4
0.2
-0.5
-1.5
-0.8
0.9
1.6
0.9
0.3
0.3
0.4
0.6
0.7
0.3
-0.4
-1.2
-1.1
-0.1
0.3
0.2
0.0
0.0
0.2
0.1
-0.3
0.0
0.3
0.0
-0.6
-0.5
-0.6
-0.7
-0.8
-0.8
-0.4
0.4
0.6
0.0
0.1
0.2
0.2
0.1
0.1
0.6
0.7
1.1
0.9
0.5
0.5
0.8
1.2
0.8
1.4
1.4
0.4
-0.5
-0.6
0.1
-0.2
-0.7
-0.6
0.2
0.5
-0.3
-0.9
-0.3
0.1
0.4
0.2
-0.2
-0.5
-0.3
-0.5
-0.4
0.4
0.2
-0.6
-0.1
0.8
0.8
0.3
0.4
0.6
0.4
0.6
-0.1
-1.2
-1.4
-0.9
-0.8
-0.8
-0.3
-0.1
-0.1
-0.2
0.0
0.0
-0.3
-0.4
-0.3
-0.2
-0.2
-0.1
0.0
0.0
0.7
1.3
0.4
0.0
0.1
0.0
-0.2
-0.6
0.0
1.4
2.2
1.5
0.8
1.1
1.1
1.1
1.2
0.2
-0.7
-0.5
0.1
0.5
0.3
-0.4
-0.6
0.0
0.4
0.0
0.0
0.2
0.4
0.7
0.3
-0.3
-0.5
0.0
0.0
-0.4
-0.6
-0.5
-0.2
0.1
0.0
-0.1
-0.1
-0.2
-0.5
-0.6
-0.1
0.1
-0.1
-0.9
-1.2
0.0
0.4
-0.2
-0.9
-0.4
0.6
1.1
1.0
-0.2
-0.6
0.4
0.9
0.6
0.5
0.3
0.4
0.6
0.7
0.9
0.6
0.2
0.0
-0.4
0.2
1.0
0.5
-0.4
0.0
0.9
0.6
0.0
-0.2
0.0
0.7
0.8
0.4
0.2
0.4
0.2
-0.4
-0.3
-0.2
-1.0
-1.3
-0.6
0.2
0.2
-0.1
0.3
0.8
0.9
0.5
-0.6
-1.4
-1.3
-0.6
0.0
0.4
0.9
1.3
1.3
0.8
0.3
1.2
1.6
1.3
0.4
-0.6
-0.4
-0.1
0.6
0.0
-1.0
-0.8
0.0
0.0
0.5
0.5
0.4
0.5
0.9
1.0
0.7
0.6
0.4
-0.3
-0.2
0.9
1.2
0.0
-0.4
0.0
0.3
0.0
0.2
1.1
0.5
-1.2
-2.1
-0.8
0.1
0.0
-0.1
0.0
0.0
0.4
0.6
0.1
-0.7
-0.8
-0.5
-0.1
0.3
-0.2
-0.6
-0.3
0.1
0.2
0.0
-0.5
-1.3
-1.7
-1.6
-0.7
-0.1
-0.2
-0.4
-0.4
-0.4
0.1
0.6
0.8
0.5
0.7
0.6
-0.1
-0.2
0.3
0.3
-0.2
-0.5
-0.6
-0.1
0.5
0.7
0.4
0.5
1.1
1.3
0.9
0.3
-0.4
-1.0
-0.6
-0.8
-1.1
-0.2
0.4
0.3
0.0
0.5
0.4
0.0
-0.1
-0.2
-0.6
-0.8
-0.4
-0.4
-0.4
0.0
0.6
0.7
0.2
-0.3
-0.1
-0.6
-0.2
0.0
-0.8
-0.5
0.1
0.3
-0.3
-1.1
-1.2
0.0
1.2
1.2
0.7
0.4
0.2
0.0
0.3
0.6
0.5
0.3
-0.1
-0.4
0.2
1.0
1.3
1.0
0.1
0.1
0.0
0.0
0.0
0.0
-0.5
-0.4
0.4
0.7
0.2
0.6
0.8
0.4
0.3
0.9
1.0
0.4
0.4
0.5
0.4
0.0
-0.3
-0.6
-0.5
-0.1
0.2
0.5
0.8
0.2
-0.2
0.0
0.4
0.5
-0.1
-0.8
-1.2
-0.1
0.4
0.2
0.0
0.4
1.1
1.1
0.6
0.3
0.5
0.5
0.1
-0.6
-0.7
-0.2
0.5
0.6
0.5
0.9
1.5
1.2
0.0
-0.2
-0.1
-0.2
-0.6
-0.7
-0.1
-0.2
-0.2
-0.4
-0.5
-0.3
-0.4
0.1
0.1
-0.7
-0.7
0.1
0.8
0.1
-0.6
-0.4
0.1
0.3
0.1
0.4
0.6
0.3
-0.8
-1.3
-0.8
-0.2
0.3
0.2
0.0
-0.3
-0.1
0.1
0.3
0.3
-0.4
-0.7
-0.1
0.6
1.2
0.6
0.0
-0.3
-0.6
-0.4
-0.5
0.0
0.2
0.3
0.4
0.0
0.1
0.4
0.0
0.0
0.3
0.6
-0.2
-0.5
0.8
1.6
0.5
-0.3
-0.2
0.1
0.0
-0.2
-0.1
0.0
-0.1
-0.8
-1.2
-0.5
-0.1
0.0
-0.3
-0.5
-0.5
-0.7
-0.8
-0.8
-0.8
-1.1
-1.3
-1.1
-1.1
-0.9
-0.5
-0.2
0.4
0.7
-0.2
-0.6
-0.2
0.5
0.5
0.1
0.2
0.2
-0.2
-0.4
0.3
1.3
1.6
0.8
0.2
-0.3
-0.4
0.0
0.0
-0.5
-0.4
-0.4
-0.2
0.1
0.5
0.3
0.0
-0.3
-0.2
-0.5
-1.0
-0.6
0.3
0.7
-0.2
-1.2
-1.4
-0.7
-0.2
0.0
-0.3
-1.0
-1.4
-0.9
-0.4
0.0
-0.4
-0.9
-0.6
0.0
-0.2
-0.3
0.3
1.1
0.8
0.0
-0.5
-0.6
-0.4
0.0
0.3
0.1
0.1
0.1
-0.2
-0.4
-0.4
-0.3
-0.4
-0.2
0.0
-0.1
0.2
0.6
0.5
0.5
0.4
0.2
0.0
0.4
0.6
0.4
-0.2
-0.9
-0.3
0.4
1.1
1.7
1.2
0.3
-0.5
-0.1
0.8
0.8
0.3
0.0
-0.5
-0.4
0.0
0.0
0.0
0.0
-0.2
-0.9
-1.2
-1.5
-1.1
0.0
0.3
0.2
-0.3
-0.1
0.1
0.3
-0.2
-1.0
-0.6
0.0
-0.1
-0.4
-0.8
-1.4
-0.7
0.9
1.6
0.8
0.1
0.5
1.5
1.8
1.1
0.7
0.7
1.1
0.9
0.3
-0.4
-0.5
-0.1
0.2
-0.3
-0.9
-0.9
-0.8
-1.0
-0.7
-1.1
-1.3
-0.4
0.9
0.5
-1.3
-1.2
0.0
0.3
0.0
0.0
0.0
0.2
0.5
0.1
-1.1
-1.4
-0.8
-0.5
-0.5
-1.1
-1.5
-1.5
-0.9
-0.3
-0.5
-1.4
-1.9
-2.3
-2.2
-2.0
-1.0
-0.7
-1.3
-1.3
-0.7
-0.6
-0.7
0.1
1.3
0.5
-0.3
0.0
0.8
0.9
0.6
0.1
-0.2
-0.4
0.2
0.8
0.7
0.4
0.2
0.0
0.0
0.0
0.1
0.5
0.3
0.1
-0.2
-0.2
-0.5
-0.5
-0.2
-0.1
-0.2
-1.1
-1.4
-0.5
-0.2
-0.6
-0.7
-0.2
-0.4
-1.3
-1.1
-0.3
0.0
-0.4
-0.7
-0.6
-0.5
-0.3
-0.2
-0.3
0.0
1.0
0.4
-0.4
-0.5
0.0
0.4
0.6
0.6
0.3
-0.3
-0.8
-0.2
0.7
0.8
-0.3
0.0
0.3
0.3
0.3
0.3
0.0
-0.6
0.1
0.7
0.0
-0.5
-0.8
-0.2
0.4
0.4
0.0
-0.6
-0.6
-0.5
-0.5
-0.7
-0.6
-0.1
-0.1
-0.2
-0.4
0.1
0.2
-0.6
-1.3
-0.9
-0.9
-1.2
-1.8
-1.2
-0.7
-0.7
-0.9
-1.0
-0.7
-0.6
-0.6
-0.7
-0.8
-0.2
0.0
0.0
0.0
-0.1
-0.1
0.0
0.6
0.7
0.4
0.0
-0.4
-0.7
-0.7
-0.2
-0.3
-1.5
-2.7
-1.7
0.1
0.5
-0.2
-0.3
-0.2
-0.5
-1.1
-1.3
-0.9
0.0
0.0
-0.6
-1.1
-0.8
-0.3
-0.1
-0.2
-0.1
-0.1
-0.4
-1.1
-0.9
0.1
0.1
-0.2
-0.8
-1.0
-0.6
-0.7
-0.6
-0.8
-0.7
-0.6
-1.1
-1.3
-0.2
0.7
0.8
0.0
-0.1
-0.3
-0.9
-0.8
-0.6
-0.3
0.0
-0.2
-0.8
-0.5
0.4
0.2
-0.3
-0.7
-0.5
-0.7
-0.6
-0.1
0.0
-0.1
-0.2
-0.4
-0.5
-0.5
-0.5
0.2
0.4
0.0
0.0
0.0
0.5
0.8
0.6
0.4
0.0
0.4
0.9
0.3
-0.4
-0.9
-1.1
-1.7
-1.6
-0.6
0.2
-0.2
-0.9
-1.1
-0.6
0.0
0.0
-0.6
-0.6
-0.6
-0.8
-0.7
-0.6
-0.6
-0.7
-1.4
-1.7
-1.6
-1.3
-1.0
-0.3
0.0
-0.2
0.4
1.1
0.8
0.4
0.6
0.1
-0.8
-1.7
-1.6
-0.7
0.0
-0.2
-0.8
-0.6
-0.2
0.0
0.0
-0.1
-0.3
-0.5
-0.2
-0.5
-1.2
-0.8
-0.5
-0.5
-0.8
-0.7
0.4
0.4
-0.6
-0.9
-0.9
-0.6
-0.8
-1.6
-2.2
-2.4
-1.8
-1.0
-1.0
-1.0
-0.3
0.7
1.6
0.9
0.0
0.0
0.2
0.6
0.3
0.0
0.2
0.5
0.1
0.0
0.8
0.9
0.0
-1.1
-1.4
-0.5
-0.6
-1.0
-0.8
-0.7
-0.7
-1.0
-0.7
-0.6
-1.0
-1.0
-1.0
-0.6
-0.1
-0.6
-1.2
-1.5
-1.7
-1.2
-0.6
-0.7
-1.2
-0.9
-0.7
-0.4
-0.2
-0.1
-0.6
-1.7
-1.9
-0.7
0.1
-0.3
-1.0
-1.0
-0.5
-0.3
0.0
-0.1
-0.6
-0.7
-1.1
-1.5
-1.5
-0.9
-0.7
-0.8
-1.0
-0.9
-0.6
0.0
0.0
-0.4
-0.4
-0.5
-0.9
-0.5
0.2
0.0
-0.8
-0.5
0.7
0.4
-1.2
-2.2
-0.8
0.4
0.0
-0.5
-0.7
-1.1
-1.0
-0.4
-0.2
-0.5
-0.6
-1.1
-1.3
-1.2
-0.5
-0.2
-0.3
-0.6
-0.9
-1.3
-1.2
-0.4
-0.4
-1.2
-1.3
-0.8
0.0
0.0
-0.6
-1.4
-1.5
-0.5
0.2
0.5
0.2
0.6
0.8
0.8
0.4
-0.2
-0.7
-0.1
0.3
0.0
-0.2
0.5
0.9
0.9
0.4
-0.2
0.0
0.4
0.0
-1.0
-1.3
-1.0
-1.0
-0.4
0.0
-0.5
-0.8
-0.3
0.0
0.0
0.2
1.1
1.3
0.6
0.0
0.2
0.4
0.0
-1.1
-1.2
-0.6
-0.8
-1.2
-1.2
-0.1
0.1
0.0
0.0
-0.8
-1.6
-1.1
0.0
0.5
0.2
0.3
1.2
1.0
0.4
0.0
-0.3
-1.3
-1.6
-0.9
-0.7
-1.3
-1.4
-0.4
0.4
0.0
-0.4
-0.4
0.3
0.4
0.4
0.0
-0.2
-0.7
-0.4
-0.2
0.2
0.0
-0.7
-0.9
0.0
-0.1
-1.0
-1.1
-0.5
-0.3
-0.6
-0.5
-0.5
-1.0
-1.1
-0.8
-0.9
-1.4
-1.0
-0.4
0.4
0.0
-0.3
0.0
0.2
0.1
-0.4
-0.5
-0.6
-0.8
-0.8
-1.2
-1.5
-1.5
-1.4
-0.8
-0.9
-0.8
-0.7
-0.4
-0.2
-0.2
-0.6
-0.6
-0.5
-0.6
-1.0
-0.5
-0.1
-0.9
-0.9
0.2
0.8
0.4
-0.6
-1.3
-0.3
0.8
1.0
0.3
-0.1
-0.1
0.0
-0.1
-0.4
0.7
1.2
0.4
-0.4
-1.0
-1.8
-2.1
-1.2
-1.2
-1.3
-1.5
-1.9
-2.4
-1.5
-0.7
-0.9
-0.8
-0.4
-0.5
