-2.4
-4.1
-2.2
-4.0
-2.4
-2.2
-2.1
-2.2
-1.8
-2.4
-3.2
-4.0
-2.2
-2.5
-2.2
-4.1
-4.2
-2.8
-3.8
-4.6
-3.0
-2.9
-2.0
-3.8
-4.8
-4.6
-4.5
-3.4
-1.7
-2.2
-2.7
-3.2
-3.4
-2.9
-2.8
-2.9
-4.2
-2.5
-3.1
-1.8
-5.1
-1.7
-2.9
-3.4
-3.5
-3.1
-2.4
-3.5
-4.0
-3.9
-3.6
-2.9
-2.7
-2.7
-3.5
-4.5
-3.9
-2.7
-3.0
-4.0
-3.1
-3.0
-1.8
-1.9
-2.3
-3.1
-2.7
-3.4
-2.2
-3.2
-4.2
-2.4
-1.2
-1.1
-3.1
-2.7
-1.3
-3.0
-2.2
-2.5
-1.4
-1.1
-1.8
-1.8
-2.2
-3.8
-6.6
-3.8
-4.1
-1.6
-2.0
-2.5
-2.5
-2.6
-1.7
-2.9
-1.0
-2.4
-2.7
-2.3
-1.8
-2.2
-3.9
-1.5
-2.6
-0.7
-0.9
-3.2
-2.1
-1.7
-1.8
-5.8
-3.1
-4.6
-2.9
-1.3
-3.8
-3.0
-1.7
-2.9
-2.3
-3.1
-2.4
-2.6
-2.5
-3.2
-2.8
-2.1
-1.7
-2.0
-2.5
-2.5
-5.6
-2.6
-3.1
-3.7
-3.4
-3.7
-3.0
-2.3
-3.0
-3.3
-1.9
-1.6
-1.9
-2.9
-2.1
-2.9
-1.6
-3.6
-1.7
-7.3
-0.4
-3.1
-1.6
-1.4
-2.9
-2.6
-2.7
-3.7
-3.2
-2.2
-1.8
-3.3
-1.2
-3.5
-3.0
-3.7
-4.3
-1.2
-2.4
-1.7
-1.8
-2.5
-3.0
-3.7
-2.8
-2.7
-1.6
-1.9
-3.5
-1.8
-2.4
-2.2
-3.8
-2.2
-4.4
-3.3
-2.0
-5.0
-1.8
-3.4
-2.4
-0.8
-2.0
-2.2
-3.4
-4.6
-3.0
-2.1
-1.2
-2.9
-2.9
-4.5
-1.8
-2.5
-2.5
-3.2
-4.5
-3.7
-1.5
-2.8
-1.8
-3.9
-3.0
-1.3
-3.9
-2.4
-4.2
-1.7
-3.2
-2.7
-2.7
-3.1
-3.2
-2.1
-4.3
-1.8
-3.2
-2.4
-4.8
-0.8
-3.5
-1.3
-2.2
-1.9
-1.3
-0.9
-1.9
-1.7
-2.0
-2.5
-2.2
-2.8
-0.5
-1.2
-1.5
-1.9
-3.0
-0.6
-0.7
-0.1
-0.8
0.0
-0.8
0.0
-0.6
0.7
-0.6
-0.5
-1.1
-1.4
-2.9
0.7
-0.8
0.0
-0.7
-1.6
-0.3
-2.2
-2.9
-2.4
-1.2
-1.7
-1.6
-0.9
-1.2
-5.1
-3.1
-3.2
-3.0
-1.8
-3.8
-1.3
-1.3
-1.3
-2.7
-1.5
-3.4
-2.4
-2.0
-3.3
-2.9
-5.8
-3.1
-2.7
-2.9
-3.6
-2.7
-2.4
-2.9
-2.7
-3.2
-2.6
-1.9
-1.3
-2.1
-2.2
-3.6
-3.6
-2.9
-3.0
-3.7
-4.0
-1.2
-1.1
-2.4
-2.7
-3.7
-3.7
-3.2
-2.9
-2.8
-5.4
-2.4
-2.9
-1.5
-3.0
-2.6
-3.2
-1.7
-3.2
-3.7
-3.1
-3.2
-2.8
-2.2
-3.4
-3.4
-3.5
-3.0
-2.4
-2.3
-2.7
-2.7
-3.4
-3.7
-2.3
-1.7
-2.3
-3.4
-3.6
-4.3
-3.2
-3.5
-2.2
-2.8
-3.0
-5.3
-1.8
-3.1
-2.7
-2.2
-2.2
-2.3
-2.8
-3.7
-4.7
-2.6
-2.2
-2.8
-1.7
-1.9
-2.0
-3.1
-3.3
-2.7
-2.9
-2.7
-4.3
-3.6
-2.8
-1.4
-2.9
-1.3
-3.0
-2.9
-3.1
-3.8
-2.6
-2.1
-2.5
-1.9
-2.7
-2.7
-0.9
-1.2
-3.1
-2.0
-3.6
-0.8
-2.0
-3.9
-2.3
-1.5
-2.6
-4.5
-3.2
-2.5
-1.9
-3.2
-6.6
-4.2
-3.3
-3.6
-3.0
-2.3
-2.5
-2.3
-1.7
-1.2
-1.6
-2.0
-2.7
-2.8
-1.9
-3.4
-1.5
-2.4
-2.0
-3.6
-2.4
-1.7
-1.5
-2.9
-2.9
-3.0
-2.0
-2.1
-1.9
-3.7
-2.5
-5.1
-2.5
-2.2
-2.2
-2.8
-3.2
-3.9
-2.2
-2.4
-1.7
-2.0
-2.9
-5.2
-3.3
-3.9
-3.5
-2.6
-3.5
-1.8
-2.2
-3.1
-2.0
-1.5
-3.2
-4.3
-2.4
-4.1
-2.4
-2.3
-1.9
-1.3
-1.8
-1.2
-2.3
-4.0
-3.1
-3.2
-0.7
-2.0
-2.3
-2.4
-2.1
-1.9
-3.0
-2.0
-2.1
-2.0
-2.5
-4.6
-2.7
-2.7
-2.4
-1.6
-2.2
-1.8
-2.2
-2.8
-4.3
-1.9
-2.2
-2.0
-2.5
-2.9
-5.1
-2.3
-2.4
-1.4
-2.4
-2.8
-1.8
-3.3
-2.4
-1.8
-2.6
-1.9
-2.6
-2.7
-2.4
-3.7
-2.7
-2.4
-4.1
-2.6
-1.3
-1.9
-2.4
-2.5
-1.9
-1.2
-2.7
-1.1
-2.2
-2.2
-1.8
-2.2
-3.6
-2.2
-3.0
-1.7
-2.3
-2.1
-1.7
-2.5
-1.7
-1.8
-1.5
-2.5
-2.4
-3.2
-2.3
-0.9
-1.3
-2.4
-3.1
-2.2
-1.6
-1.0
-1.5
-0.5
-3.3
-2.4
-3.6
-5.1
-0.6
-3.1
-1.2
-0.4
-1.8
-1.5
-2.8
-3.5
-4.4
-2.0
-4.6
-2.6
-1.8
-2.6
-2.2
-3.0
-4.6
-3.3
-2.4
-3.5
-3.3
-4.0
-2.8
-1.0
-2.9
-5.6
-2.2
-3.5
-4.3
-2.9
-3.7
-3.0
-2.5
-3.6
-3.4
-2.3
-3.8
-2.0
-2.4
-2.4
-3.9
-3.5
-2.3
-3.0
-3.0
-3.0
-3.6
-4.4
-1.5
-2.0
-1.8
-3.4
-3.0
-2.2
-2.2
-2.8
-5.8
-1.7
-3.2
-2.8
-3.3
-2.9
-1.7
-1.7
-2.0
-2.8
-2.4
-2.9
-1.6
-2.2
-1.6
-2.4
-4.0
-2.1
-2.7
-1.7
-2.4
-2.9
-0.1
0.0
0.1
-0.8
-1.2
-2.5
-3.3
-1.9
-1.7
-0.8
-1.5
-3.2
-3.1
-1.0
-1.8
-2.2
-3.3
-1.5
-3.0
-1.8
-1.9
-1.7
-2.5
-3.3
-2.6
-4.6
-2.2
-2.8
-2.0
-1.8
-3.5
-2.0
-1.9
-3.1
-3.7
-2.5
-3.1
-2.8
-2.5
-1.9
-4.0
-1.8
-2.5
-2.1
-2.3
-2.3
-2.1
-2.5
-2.6
-3.1
-2.3
-3.2
-1.9
-1.4
-3.5
-1.2
-1.5
-1.7
-3.6
-2.5
-1.8
-3.1
-3.4
-4.0
-2.5
-3.1
-5.2
-3.4
-1.9
-2.5
-3.1
-4.4
-3.6
-3.1
-2.2
-2.6
-3.8
-5.1
-5.2
-3.4
-3.5
-2.0
-2.2
-2.7
-1.8
-3.7
-3.1
-4.2
-3.4
-2.8
-4.4
-1.5
-2.7
-2.2
-3.2
-2.6
-2.9
-2.7
-3.4
-3.1
-1.8
-1.8
-5.3
-3.7
-4.3
-4.1
-3.9
-2.7
-1.0
-2.8
-3.5
-2.4
-2.1
-2.7
-3.8
-3.7
-5.6
-2.1
-3.8
-2.6
-3.7
-2.8
-2.4
-3.1
-3.3
-2.0
-2.5
-2.2
-2.9
-5.4
-2.3
-3.9
-3.0
-1.2
-3.5
-4.0
-2.9
-3.9
-1.3
-3.1
-2.0
-3.0
-4.5
-2.1
-3.2
-2.2
-3.3
-3.2
-3.1
-3.9
-3.2
-3.0
-2.3
-3.1
-3.2
-1.9
-2.8
-4.4
-3.7
-2.9
-3.3
-3.4
-4.4
-3.4
-3.4
-3.4
-3.7
-2.7
-6.1
-3.0
-1.3
-0.2
-2.1
-2.8
-2.4
-3.3
-3.7
-4.1
-4.3
-4.5
-4.7
-4.1
-4.9
-3.6
-4.9
-3.4
-3.5
-3.6
-2.5
-2.2
-4.2
-3.1
-4.3
-3.3
-3.5
-5.7
-3.1
-4.1
-2.4
-3.8
-4.5
-4.1
-4.6
-3.7
-2.4
-1.4
-2.9
-3.7
-2.9
-3.9
-5.5
-2.6
-2.3
-1.8
-3.0
-4.4
-3.3
-5.5
-5.4
-2.7
-2.6
-2.1
-2.2
-2.8
-2.1
-4.1
-3.4
-2.5
-2.4
-3.7
-3.3
-3.0
-4.3
-3.9
-2.8
-6.9
-3.7
-3.2
-2.2
-1.9
-1.6
-3.2
-4.7
-4.1
-4.4
-2.4
-2.9
-5.4
-2.7
-4.3
-4.8
-6.9
-4.4
-4.6
-3.2
-4.1
-3.3
-3.1
-4.3
-2.7
-3.7
-3.4
-5.4
-3.6
-5.3
-2.6
-4.7
-1.9
-2.9
-2.7
-1.8
-2.5
-5.0
-4.2
-4.3
-4.2
-4.4
-4.0
-3.8
-4.0
-5.6
-3.6
-2.3
-2.2
-2.4
-3.6
-5.2
-2.7
-3.0
-1.7
-1.8
-2.4
-1.4
-5.6
-2.8
-6.1
-4.6
-3.6
-3.4
-2.5
-3.0
-3.3
-2.4
-2.5
-2.4
-3.7
-3.8
-1.9
-2.3
-1.1
-2.4
-1.6
-0.7
-1.8
-2.0
-1.5
-1.1
-0.5
-0.1
-0.2
-1.0
-0.9
0.0
-1.0
-0.7
-0.7
0.3
0.2
-0.6
-1.1
-2.0
-2.3
-1.2
-2.3
-0.7
-1.1
-0.5
-0.4
-0.5
0.6
-2.0
-1.9
-2.8
-2.6
-2.4
-3.0
-2.4
-1.8
-2.1
-1.2
-0.6
-2.0
-4.8
-2.2
-3.7
-0.7
-1.7
-2.6
-2.9
-3.2
-2.2
-2.3
-1.7
-3.9
-2.9
-2.9
-5.8
-2.1
-2.5
0.2
-0.7
-1.3
-1.9
-2.5
-2.6
-1.5
-1.5
-2.0
-3.3
-2.4
-3.8
-2.3
-2.4
-3.4
-2.3
-3.3
-1.2
-3.0
-2.2
-2.4
-1.4
-0.5
-1.3
-2.2
-3.1
-5.2
-3.0
-5.2
-2.3
-3.5
-3.0
-1.4
-1.9
-1.7
-1.4
-2.0
-2.7
-1.0
-1.9
-3.9
-6.6
-3.8
-3.3
-1.0
-1.7
-3.1
-2.0
-2.5
-2.5
-2.0
-0.3
-1.2
-2.8
-4.7
-3.9
-2.2
-1.2
-4.7
-2.9
-3.5
-2.6
-3.5
-3.4
-1.8
-1.5
-4.5
-3.2
-2.7
-2.6
-3.4
-4.7
-2.5
-1.9
-1.5
-1.1
-1.9
-1.8
-3.2
-2.5
-3.4
-2.6
-4.4
-1.8
-2.7
-2.5
-4.6
-2.2
-2.8
-2.0
-1.8
-1.5
-3.4
-1.5
-2.7
-1.9
-2.3
-2.9
-2.0
-0.7
-2.0
-1.5
-1.1
-0.9
-2.0
-2.0
-6.0
-3.7
-3.8
-1.8
-1.2
-2.0
-3.7
-0.8
-1.5
-2.4
-0.8
-2.3
-2.4
-3.1
-4.1
-3.5
-3.2
-2.9
-2.5
-1.6
-3.3
-3.8
-0.9
-1.1
-0.8
-1.1
-1.6
-1.8
-1.7
-1.2
-0.7
0.5
-2.0
0.2
-1.1
0.1
0.0
-0.5
-0.5
-0.6
0.3
0.3
0.8
0.2
-0.6
-0.4
0.2
-1.5
-0.5
-3.4
-1.3
0.0
-0.4
0.0
0.0
-2.2
1.3
0.2
-0.1
-0.9
-2.5
-2.9
-2.0
-1.7
-2.2
-4.6
-2.0
-1.9
-0.5
-1.1
-1.3
-1.0
0.2
-2.9
1.4
1.0
1.3
-0.9
-3.5
-2.9
-4.9
-4.2
-4.3
-3.4
-4.2
-2.6
-0.6
-0.6
0.3
-0.5
-0.6
-1.2
-1.9
-3.0
-2.8
-3.5
-3.3
-3.0
-2.4
-2.7
-3.3
-1.9
-3.8
-2.2
-2.1
-2.0
-2.2
-2.7
-3.0
-0.8
-1.2
-0.7
0.0
-0.2
0.5
0.5
-0.1
-1.9
-2.4
-4.2
-1.9
-2.7
-0.1
-0.3
-1.1
-1.4
-0.5
0.0
0.0
-1.9
0.2
-0.6
0.2
-2.8
-0.5
-0.8
-0.6
-0.1
-0.7
0.0
-1.4
-0.3
1.2
0.2
-1.7
-1.0
-1.7
-1.8
-4.6
-2.0
-1.0
-0.9
-2.1
-1.9
-1.3
0.6
-0.3
0.0
-0.1
-1.2
-0.7
-4.8
-2.3
-2.1
-0.3
0.3
-1.5
-1.3
-1.6
-3.1
-3.0
-2.0
-1.9
-2.0
-0.2
0.3
0.6
-1.0
-0.7
-0.8
-1.6
-1.5
-1.6
-1.1
-1.4
-2.1
0.4
-0.3
0.0
-1.6
-2.6
-1.1
-3.3
-1.2
0.2
-1.1
-1.4
-2.1
-0.6
-1.2
-1.7
-2.4
-1.5
-1.4
-1.4
-2.6
-2.6
-0.3
-1.0
0.2
-0.8
-1.5
-0.4
-0.6
-0.9
-0.3
-1.3
-2.3
-3.0
-0.7
-1.3
-0.8
0.7
-0.1
0.4
-0.5
-0.6
-0.3
0.1
-2.3
0.1
-2.4
-0.4
-1.7
-1.3
-0.7
-1.3
-0.8
-1.1
-0.8
-1.3
-0.2
-1.4
-1.0
-2.8
-0.5
-1.4
0.3
-0.3
-1.2
-1.2
-2.4
-0.7
0.2
0.0
-0.8
-1.1
-3.5
0.0
-1.2
0.2
-0.6
-3.0
-0.3
-1.5
-1.1
-1.4
-2.1
-3.1
-1.1
0.2
-0.2
-1.4
-1.9
-2.9
-2.0
-1.2
0.0
0.4
-0.5
-0.7
-2.5
-2.1
-1.5
-0.6
-1.3
-4.2
-3.3
0.6
-0.4
-0.4
-1.7
-2.2
-1.6
-1.9
-0.9
-1.1
-0.3
-1.3
-1.2
-1.7
-5.7
-0.9
-1.1
-1.0
-0.4
-1.5
-0.4
0.1
-1.7
0.0
-1.1
-1.3
-3.4
-2.2
-3.5
-0.5
-1.9
0.1
-1.8
-1.3
-0.7
-1.1
-1.5
-1.8
-0.7
-1.6
-0.6
-2.2
-0.9
-0.6
-3.2
-1.2
-1.1
0.3
-1.5
-1.2
-1.0
-3.3
-2.5
0.2
-0.6
-0.5
-0.3
0.0
0.1
-2.0
-1.3
-0.6
-3.9
0.4
-0.9
0.3
-1.9
-0.7
-1.1
-1.4
-1.1
-0.8
-1.6
0.0
-1.6
-1.0
-3.7
-0.3
-2.0
0.3
-0.8
-0.4
0.8
-0.6
-0.4
0.0
-1.3
0.0
-2.8
0.3
0.0
0.3
-2.7
-1.2
-0.2
0.4
-0.7
-1.4
0.6
0.3
-1.9
1.0
0.7
-0.4
-2.2
-0.8
1.2
0.8
-0.3
-0.1
-0.9
0.3
0.5
1.0
0.4
-0.4
-2.7
1.0
-1.0
-0.2
0.6
-0.1
0.2
-0.8
0.4
0.1
-0.3
0.2
0.4
0.9
-0.4
-0.9
-1.0
0.4
0.4
0.2
0.7
-1.4
1.4
-0.9
-0.3
0.4
0.0
-0.6
-0.8
-0.3
0.1
-2.8
-1.3
-0.7
0.8
-1.0
0.0
-0.5
-1.2
0.6
0.1
1.8
-0.4
0.0
-2.0
-0.3
-2.2
-1.8
0.4
1.8
-1.2
0.5
-1.3
-3.4
-1.0
-2.4
-1.9
-1.2
-1.6
-0.8
-0.5
-0.9
-0.8
0.4
-0.8
-0.9
0.3
-0.5
0.7
-0.6
-0.7
-2.5
-0.2
-0.3
-0.1
-0.8
-0.9
-0.8
0.2
-0.7
0.1
0.1
-0.5
-0.3
-0.2
-0.2
-2.5
1.6
0.7
1.0
1.8
-0.2
0.0
1.4
2.2
2.7
1.7
1.3
2.4
1.5
0.7
0.0
-1.2
2.0
0.5
-2.6
1.9
0.1
1.4
0.2
0.2
1.2
1.1
-2.9
-1.8
0.3
0.3
0.5
0.6
-0.1
0.0
-0.7
-0.4
0.1
-0.3
0.7
-0.2
-2.4
-1.0
-1.4
-0.7
-3.4
-5.0
-0.8
-1.0
0.5
0.0
1.3
0.4
-1.6
-5.0
-0.7
0.1
0.3
-0.9
-2.5
0.1
-0.6
-1.4
-1.1
-2.7
-3.3
-0.5
0.5
0.0
0.5
-0.9
-0.5
-1.5
-0.4
-1.0
-1.8
-1.3
-1.7
0.1
-1.4
-1.2
0.1
0.7
0.0
0.0
-0.1
-1.8
-3.1
-1.2
-1.3
-0.4
-0.2
0.1
-2.9
-0.2
-1.8
-2.9
-0.1
-2.2
-0.2
0.3
-2.5
0.0
-1.1
-1.2
0.1
0.3
-2.1
-0.8
-0.8
0.2
-0.1
-0.6
-1.4
-1.1
-3.2
-2.5
0.1
-0.4
-2.0
-2.0
-0.4
-0.6
-0.5
-1.9
-1.3
-1.8
-0.1
0.2
-0.1
-2.4
-3.1
0.9
1.0
1.9
0.1
0.9
-2.3
0.3
-0.9
1.4
-0.3
-1.8
1.1
-0.1
0.8
-0.4
0.8
-1.6
-0.3
-1.8
0.8
-1.0
-1.0
-1.9
-0.7
-1.1
-0.3
-0.1
-0.9
-1.2
-2.7
-0.9
-1.1
-2.5
-1.0
-3.9
-0.6
0.0
0.0
0.1
-1.8
-1.7
0.4
1.3
-0.3
-0.1
-1.2
-0.1
-1.0
-2.3
1.5
-0.1
0.5
0.9
0.5
2.0
0.5
-0.6
0.5
-0.5
0.3
-1.3
-0.2
-1.1
-0.7
1.3
-0.1
0.8
0.8
-0.9
0.8
-0.5
0.5
0.3
-0.4
0.0
-2.3
-0.8
1.2
1.8
1.0
-0.5
-1.6
-0.8
0.8
1.5
0.9
-0.1
-0.5
0.2
0.4
0.0
1.9
-1.9
1.1
-0.2
0.8
0.0
-0.6
0.3
1.2
1.0
-0.5
1.9
1.1
1.2
1.6
2.0
0.8
1.4
1.4
0.4
1.5
0.6
1.5
2.7
0.2
-1.5
1.6
0.9
2.2
1.3
0.1
-2.3
-1.0
-1.4
1.5
0.8
-2.2
1.0
0.9
1.6
0.3
0.1
1.0
0.6
0.0
0.0
0.2
0.6
1.1
1.3
1.1
1.2
0.9
0.6
1.1
3.0
1.0
3.6
2.5
1.1
2.7
2.9
3.8
3.5
3.4
1.8
3.3
0.6
2.4
2.4
4.2
2.7
2.9
1.4
2.0
1.4
0.7
1.4
-0.4
1.4
2.5
4.7
3.2
2.3
1.6
0.3
0.7
0.9
1.7
1.1
1.6
1.2
1.0
0.2
0.7
0.9
2.7
0.0
1.4
1.5
0.9
0.9
2.1
0.9
0.3
0.2
-1.0
0.0
-0.6
0.1
-1.1
0.3
-0.1
2.4
0.3
0.5
0.1
0.0
-1.5
-0.4
2.4
-0.5
1.5
0.2
1.2
1.5
0.8
-0.5
0.0
0.3
0.5
2.9
0.7
0.6
1.7
2.0
0.7
0.8
0.3
1.3
0.7
0.1
-1.0
1.9
0.6
0.1
0.2
1.6
2.0
2.9
1.7
0.0
0.7
1.3
1.1
3.1
-1.5
0.2
0.8
1.4
-0.4
1.1
1.0
2.6
1.4
0.1
2.6
1.0
1.9
0.7
-1.1
-0.5
0.5
-0.7
-0.3
0.3
0.8
2.0
1.7
0.5
0.9
0.0
-0.1
0.7
1.6
-1.7
4.0
1.9
2.7
2.1
1.6
1.9
1.0
1.4
1.0
0.3
0.2
-1.6
2.7
1.6
2.1
2.6
2.7
2.4
1.8
-0.3
1.1
0.5
-0.7
1.9
2.5
0.1
3.6
1.5
2.3
1.8
0.7
0.6
1.4
-1.2
1.4
3.0
3.3
3.3
2.8
1.3
1.9
2.0
2.1
-2.1
1.4
-0.4
1.5
0.2
-0.3
1.7
1.0
0.5
1.2
1.3
1.1
-0.7
-1.8
2.1
2.3
2.6
2.2
-0.7
1.4
0.5
0.0
-0.1
-1.0
-3.5
-0.8
-1.5
0.5
0.2
2.1
2.2
1.5
1.1
0.0
1.0
0.5
0.3
1.1
-0.2
0.3
-1.8
1.1
0.8
1.3
0.0
0.8
0.5
1.9
0.8
1.5
1.1
0.5
1.7
0.3
1.8
-0.3
2.5
0.0
1.7
1.2
1.5
0.6
0.5
-0.1
-0.6
1.0
0.9
1.3
0.6
1.1
1.3
-1.8
-0.9
0.0
0.8
0.9
0.6
0.7
1.3
0.3
-0.5
-0.7
0.0
-1.2
0.5
-1.4
0.0
1.2
0.7
0.0
1.1
0.0
-0.2
0.6
0.1
2.4
0.4
-3.0
2.0
1.6
2.6
0.8
1.2
0.4
0.8
0.6
0.1
1.3
-0.1
0.8
-1.9
2.3
0.0
2.5
1.6
-0.1
0.4
1.6
1.6
1.7
1.5
1.0
1.6
0.0
-1.3
-1.2
1.8
1.9
1.3
1.3
1.2
1.1
0.6
0.6
0.6
0.7
-0.8
-1.3
-0.8
2.2
1.4
2.6
0.9
0.5
0.8
-0.8
0.5
0.0
0.4
-1.3
0.7
2.0
0.4
0.1
0.3
0.2
1.2
-0.2
0.0
1.2
1.3
-0.3
-0.2
-1.1
-1.6
-0.3
0.3
0.6
1.1
0.6
0.3
-0.2
0.0
0.5
-0.8
0.1
0.1
0.9
0.4
1.3
1.0
0.6
1.0
-0.7
-0.8
0.3
-1.1
0.6
0.1
0.0
-1.2
0.9
1.5
1.0
0.9
0.0
0.2
-0.3
-0.6
-0.3
-0.2
-1.9
-1.9
-1.5
0.2
0.2
0.1
-1.0
-0.4
-0.5
0.9
0.0
-0.4
-0.5
-0.4
0.1
-0.7
0.0
0.4
0.7
0.4
-2.6
-1.3
0.6
-0.5
0.4
-1.5
0.4
0.4
-1.0
1.1
-0.5
1.7
0.2
-1.1
-0.3
-1.3
0.9
0.2
0.5
-3.0
0.6
0.1
0.1
-0.6
-0.8
0.0
0.5
-1.1
0.2
-0.1
0.6
-0.1
1.1
0.7
0.2
-0.6
0.5
-0.6
1.8
0.8
1.8
1.5
1.4
1.1
2.0
3.0
0.9
1.7
2.2
2.4
1.7
1.8
-0.5
0.9
1.8
3.1
1.5
3.0
2.7
1.6
1.7
-0.3
0.4
1.1
-0.4
1.3
-0.9
2.1
0.3
0.8
1.3
0.9
1.5
0.6
1.0
1.8
2.1
0.3
0.6
-0.8
0.0
-4.8
-1.4
-0.2
1.2
1.4
0.8
-0.2
0.8
-1.0
0.0
0.3
-0.1
-0.1
0.0
1.5
-2.3
0.8
0.5
0.9
1.3
0.3
1.1
0.9
1.3
2.3
0.6
1.5
1.0
2.4
-1.0
-0.6
0.8
1.7
1.2
-0.7
-0.8
-1.0
-0.5
-0.2
-0.5
0.2
-0.1
0.0
-1.1
-0.3
-0.8
-1.0
1.0
-0.4
-0.3
-0.5
-1.8
0.0
-0.8
-0.6
-0.4
-0.1
0.0
-0.8
-0.6
-1.7
0.8
0.0
0.4
-0.4
0.0
-0.6
-1.9
-2.4
-1.3
-0.6
0.1
0.2
-1.2
-0.7
-0.6
-0.1
0.5
-0.4
0.0
-0.4
0.0
0.4
-0.7
-0.1
-0.2
-3.1
-2.4
-0.5
1.2
0.5
0.0
-2.3
-0.1
-0.6
-0.5
-0.8
0.1
-0.2
-1.3
-2.4
-0.6
-0.4
-0.2
0.5
-1.4
-0.4
-0.9
-0.5
-1.2
0.5
-3.2
-0.9
-1.3
0.8
1.0
0.5
0.8
-0.9
0.0
-0.6
-1.9
-1.3
-0.7
0.1
-0.5
0.7
-1.9
1.1
0.9
0.7
0.4
-1.7
-0.3
-0.3
-0.7
0.3
-1.2
0.3
0.1
0.2
0.4
-0.4
-1.0
0.0
-0.2
-0.4
-0.5
-0.9
0.2
-0.2
-0.2
1.2
0.7
2.2
-0.7
0.7
-0.7
0.8
2.4
0.2
1.1
0.9
1.0
1.0
0.3
-2.2
-0.8
-1.8
-0.3
-0.8
-1.1
0.3
0.7
1.1
1.6
1.5
1.9
0.7
-0.4
-1.2
-2.4
-1.5
-0.9
-0.7
0.0
-0.4
-1.1
1.1
0.5
-1.9
1.2
0.8
1.5
2.2
1.2
2.2
1.9
2.9
-0.5
3.5
1.6
2.8
0.9
0.4
0.5
0.4
0.6
-0.1
-0.3
-0.3
-0.3
1.2
-0.1
-0.4
-0.1
1.9
0.8
0.9
0.4
0.5
1.2
-0.3
0.3
0.1
0.4
-1.0
0.7
-0.7
-0.5
-0.8
-2.5
0.0
0.7
1.9
0.7
-0.3
-0.6
0.1
-1.0
0.0
-2.2
-3.0
0.0
-0.3
-0.5
-2.3
-1.2
-1.2
0.1
0.2
-0.7
-1.1
-2.4
-1.9
0.0
-3.4
0.5
-1.0
-0.4
0.0
-0.7
0.7
1.1
-1.8
-0.5
-3.5
-2.8
-3.9
-5.3
-3.0
-1.5
0.3
-0.6
-1.2
-0.8
-1.3
-2.2
-2.6
-3.0
-3.2
-4.6
-2.5
-1.3
-0.6
1.2
0.4
2.2
-0.4
-1.3
-3.0
-1.7
-2.0
-3.3
-3.5
-4.6
-5.7
-4.3
-5.3
-4.0
-3.0
-3.8
0.0
0.2
1.3
0.2
-0.7
0.2
-0.7
-1.0
-1.6
-2.3
-2.3
-1.3
-2.7
-5.3
-3.7
-4.8
-3.9
-1.7
-1.3
0.3
0.2
-0.8
0.5
1.2
0.7
0.4
0.1
-0.3
-1.3
-4.5
-3.9
-3.2
-2.2
-1.7
-1.8
-2.3
-1.9
-3.2
-1.8
-2.2
-2.3
-4.0
-0.9
-0.7
-0.4
-3.3
-2.9
-4.0
-5.7
-2.5
-2.9
-2.0
-0.7
-0.6
-0.6
0.6
-1.6
-2.0
-2.5
-4.0
-4.0
-2.7
-4.8
-1.1
-1.1
0.0
-1.0
-2.9
-2.0
-1.7
-2.2
-2.4
0.3
-0.1
0.5
-1.1
-3.0
-1.7
-2.6
-2.6
-3.1
-2.2
-2.7
-0.3
-1.7
0.0
-0.6
-1.6
-2.7
-3.3
-1.7
-2.4
-0.8
-3.3
-2.0
-2.9
-0.3
-0.8
-0.8
-1.0
-4.7
-2.8
-4.6
-5.0
-4.6
-4.2
-2.0
-1.3
-0.7
-1.3
-0.2
0.0
-0.8
-0.5
-2.0
-2.0
-4.1
-0.9
-3.6
-2.7
-2.6
-4.3
-0.5
-1.5
-1.0
0.0
-1.7
-0.7
-0.1
0.1
-1.0
1.7
-1.2
0.4
-1.8
-1.0
-0.8
-0.9
-1.1
-1.1
-1.0
-0.9
-3.0
-4.7
-1.3
-3.4
-0.3
-0.5
-0.1
0.8
0.8
-0.2
1.7
-0.1
-2.8
-1.0
-0.7
0.4
-2.5
-2.4
-2.9
-2.8
-3.5
-2.1
-3.0
-1.2
-1.9
0.5
-0.3
1.3
-0.5
0.4
-0.8
-1.1
-3.2
-2.1
-1.5
-1.0
-3.9
-1.9
-4.0
-1.7
-1.3
-1.6
-1.1
-0.8
0.1
-0.9
-1.3
-3.5
-0.7
-1.2
-0.9
-2.6
-1.1
-0.9
-0.1
0.8
-1.2
-2.2
-0.6
-1.4
0.2
-0.1
-1.0
-0.8
0.0
-0.7
0.0
-0.3
-4.8
-2.2
0.0
0.9
-0.1
-0.4
-1.6
-1.1
-1.8
0.2
0.1
0.0
-2.4
-0.6
0.9
1.2
1.0
0.6
-0.6
-0.4
-0.7
-1.5
-1.0
-2.6
-3.0
-0.2
-2.3
0.1
-3.1
-0.9
0.1
-0.8
0.7
-0.1
2.4
-0.6
2.2
0.1
2.0
1.1
1.3
1.9
1.2
-2.5
-0.8
0.1
0.8
0.4
-0.2
0.4
-0.3
-1.0
-1.1
-0.4
-0.4
-0.8
-2.3
0.7
0.0
-0.3
0.0
-0.6
-0.2
-1.0
-0.2
0.1
-0.3
-2.4
-1.0
-0.3
0.0
-1.4
-1.4
-1.3
-0.5
-1.2
-0.2
-0.2
-0.1
0.2
-1.2
-0.4
0.3
0.8
-1.1
-1.2
-1.2
-0.8
0.0
-0.3
-0.9
-0.7
-1.4
0.8
1.4
1.6
1.9
0.6
0.0
0.2
-1.6
-0.2
-0.2
-0.1
-0.1
-1.6
0.0
-1.9
-1.3
-1.3
-1.3
-0.8
0.0
-0.7
2.1
2.1
1.9
1.5
-1.3
1.4
-0.6
-2.0
-2.0
-2.2
-0.1
-0.9
-2.5
-0.6
-0.4
-0.8
-1.3
-1.2
-0.9
-2.5
0.2
0.9
1.9
1.3
-1.5
2.1
1.1
0.5
0.8
-0.8
0.6
-0.1
-0.4
-1.2
-0.6
-2.0
0.3
-0.1
-2.7
-0.3
-2.8
0.7
0.4
0.4
1.9
1.3
1.5
0.9
0.8
-1.2
-1.1
-2.4
0.5
0.4
1.0
0.1
0.2
0.0
0.7
0.9
1.0
-1.4
-2.4
1.5
1.7
2.3
-0.4
0.7
2.3
1.6
0.9
1.1
-0.4
1.6
0.4
2.3
0.9
0.8
1.4
0.5
1.5
1.2
1.3
-2.7
1.3
0.5
1.9
1.5
-0.4
2.6
0.6
1.7
1.2
1.0
-1.8
0.0
-1.4
0.6
-0.5
1.2
0.0
0.9
1.2
1.0
1.2
0.2
-0.2
-0.7
0.3
0.4
-0.1
0.0
-0.6
0.0
1.6
2.2
3.0
3.7
2.3
2.3
4.1
2.7
3.2
2.1
1.8
1.7
0.6
0.6
1.2
2.2
2.5
3.6
2.3
4.4
1.5
3.4
3.1
3.7
2.9
2.8
0.9
1.3
0.9
0.4
-1.2
1.7
0.6
1.1
2.6
2.5
3.5
2.4
1.5
2.2
2.4
1.8
2.8
1.8
2.0
0.2
0.7
-1.1
0.4
0.0
1.8
1.7
1.0
1.7
1.2
-1.0
1.8
0.1
1.9
1.0
-0.7
-0.7
-0.1
0.3
1.0
0.0
-1.3
1.6
0.1
0.9
2.1
1.4
0.9
-0.4
0.0
-0.1
2.2
2.0
0.5
0.5
-0.8
0.4
1.1
1.6
0.7
-2.4
4.4
1.7
2.8
0.5
-1.3
0.4
-0.5
-0.3
0.7
2.0
2.1
2.4
1.0
1.0
0.0
2.2
1.2
2.1
1.5
0.6
-1.0
-0.3
-1.2
-1.0
-0.5
1.2
1.3
2.5
1.7
1.8
2.2
2.0
2.4
1.6
0.7
1.5
-0.2
0.3
1.4
-0.4
-1.0
0.1
-1.4
2.3
2.3
2.8
0.5
1.9
1.6
3.0
2.0
1.6
1.9
1.8
1.0
-0.8
-1.7
1.0
0.9
0.4
3.3
2.0
2.5
1.0
0.8
-0.1
1.7
1.6
0.6
1.0
0.6
1.6
1.9
0.8
0.8
0.0
1.5
-0.4
1.8
1.8
2.4
-1.2
2.0
0.5
0.9
1.1
0.6
-1.3
0.2
-0.9
0.3
1.5
2.0
-0.5
1.8
-1.1
2.0
1.8
1.6
1.5
0.7
1.5
1.1
1.5
-0.6
-1.1
0.4
0.2
1.2
0.5
1.8
1.9
0.3
0.4
0.0
1.7
0.8
0.6
-0.5
1.1
2.0
-0.5
2.3
1.5
1.6
1.6
0.6
0.0
1.1
1.3
1.0
2.2
1.7
2.1
1.6
-2.1
0.6
2.0
3.0
2.2
0.7
1.7
0.8
-0.7
0.3
0.6
3.4
1.4
0.8
3.0
2.6
2.4
1.6
1.3
2.6
0.0
2.9
2.0
2.3
1.7
-1.2
0.0
1.6
0.8
2.1
1.5
1.1
2.7
2.1
3.3
4.1
3.8
2.8
2.3
0.7
0.5
-0.6
0.6
0.8
1.5
3.4
2.9
2.6
2.3
1.2
-0.1
2.1
1.3
1.7
2.0
2.5
2.2
-1.4
3.5
3.0
4.4
2.4
0.7
1.7
3.2
1.8
2.7
1.5
1.4
0.0
1.1
0.0
2.3
2.8
2.3
0.1
2.3
2.8
2.9
0.7
2.3
1.1
2.3
3.2
2.8
4.1
1.7
2.6
2.2
2.2
1.7
0.2
0.9
1.8
1.5
2.3
1.9
2.2
0.8
1.2
2.4
2.7
3.2
1.3
1.3
0.4
2.5
2.4
3.3
3.6
2.8
3.1
2.6
2.7
2.6
2.5
2.3
2.4
2.4
3.6
3.3
4.4
4.1
2.8
3.4
3.4
3.8
3.0
2.8
3.0
2.1
2.4
1.0
1.8
1.8
2.4
0.2
3.5
3.3
2.9
1.3
1.1
1.5
2.0
2.4
1.2
1.7
2.2
1.8
0.2
2.1
1.4
1.5
1.7
0.3
2.2
2.5
1.0
1.6
0.3
-0.2
1.9
0.8
0.8
0.5
1.2
1.8
0.5
1.8
1.7
1.6
1.4
0.8
1.6
0.0
1.2
0.4
1.9
1.0
-1.0
0.7
0.8
2.1
2.1
1.0
2.4
1.7
0.7
1.2
-0.5
0.8
0.5
0.3
0.1
1.1
1.7
2.2
1.2
1.0
0.1
1.8
0.5
0.3
0.9
0.6
0.5
1.4
1.2
0.3
1.8
0.7
0.3
-0.5
0.2
-0.2
1.0
1.3
1.5
1.6
0.3
0.0
1.4
0.6
0.4
0.0
1.1
1.7
0.4
1.9
0.3
0.2
-0.5
0.1
-0.6
0.7
1.0
0.9
2.6
-1.2
1.6
-0.3
2.0
0.7
-0.3
0.3
-1.1
0.6
-0.4
0.3
-0.5
-2.2
1.1
0.4
0.0
0.4
-0.6
1.8
1.3
0.7
-0.6
0.6
1.1
1.4
1.2
0.5
0.7
-0.1
1.7
0.1
2.5
0.4
0.5
0.4
-0.1
0.0
0.1
0.3
-0.8
0.7
1.0
1.5
1.7
-0.7
0.8
1.5
-0.2
-0.3
-0.4
-0.3
-3.3
1.3
0.3
1.1
0.9
-0.9
0.2
1.7
-0.1
-1.1
0.3
0.1
1.4
1.6
0.1
-0.2
0.5
-1.8
-1.4
0.6
0.0
0.3
-0.1
0.8
1.8
0.8
-0.8
-0.5
-1.5
0.0
-0.7
-0.1
-0.9
-1.5
0.0
0.0
0.0
-1.1
0.7
0.4
0.2
0.6
-0.1
-1.2
0.5
-0.5
1.0
0.1
-0.5
1.8
1.7
1.3
0.9
0.9
0.6
0.6
0.7
0.9
-2.2
2.0
2.1
2.8
1.1
0.8
1.1
1.3
0.3
0.8
1.1
-0.7
-1.1
0.2
1.3
0.6
0.9
1.4
-0.4
1.2
-0.2
1.2
0.0
0.1
-0.3
1.9
1.7
0.6
1.0
0.6
0.9
0.7
0.3
0.4
-0.1
1.1
0.0
-2.4
0.7
0.3
1.5
-1.0
-1.0
-1.3
-0.6
-1.0
-1.0
-0.8
-1.5
0.4
0.1
-0.8
-1.3
-2.4
-1.2
-0.3
-0.7
0.0
-1.0
-1.5
-1.3
0.2
-1.7
-0.3
-1.0
0.2
0.4
0.3
0.3
0.0
-0.1
-1.5
-0.7
-0.8
0.0
-0.3
-1.0
-1.1
-1.0
-0.4
-0.7
-1.0
-2.5
-0.9
-0.1
-1.6
-0.4
-1.0
-0.3
-1.6
-0.1
-0.2
-0.4
-2.2
-1.7
-0.8
0.2
-0.4
0.6
0.0
-3.2
0.0
-2.6
-0.1
-0.6
-0.8
-1.0
-1.9
-2.5
-0.9
-0.2
-1.0
-1.4
-4.4
-0.4
-1.9
-0.6
-0.5
-0.9
-0.3
0.1
-0.6
-1.9
-1.3
-2.5
-1.3
-0.7
-0.2
-0.8
-0.3
-1.2
-0.6
-0.2
0.0
-0.2
-0.3
-1.7
-1.8
-2.2
-4.4
-1.2
0.0
0.0
-0.9
-1.4
-0.7
0.2
0.0
0.0
-0.2
-2.0
-1.1
-1.8
-2.9
-1.6
-1.4
-0.8
-2.8
-1.9
-1.6
-1.7
-2.2
-1.4
0.0
-1.3
-1.4
-1.5
-1.3
-1.9
-2.8
-1.8
-2.5
-1.1
-0.1
-1.7
-2.4
-1.7
-2.1
-2.3
-2.1
-2.2
-3.0
-2.2
-5.3
-2.1
-2.1
-2.0
-2.7
-4.0
-2.4
-3.1
-2.7
-3.7
-2.5
-2.4
-2.4
-2.9
-2.7
-4.3
-4.6
-3.2
-1.2
-1.0
-1.6
-1.8
-1.5
-0.2
-1.4
-0.8
-1.5
-2.3
-1.4
-1.8
-0.7
-1.2
-0.9
-0.7
-1.0
-0.9
-1.9
-2.3
-1.9
-4.6
-0.8
-2.0
-0.6
-1.5
-2.2
-2.3
-1.7
-1.0
-1.5
-1.5
-1.0
-2.0
-1.2
-1.6
-2.0
-3.1
-3.4
-1.7
-2.0
-1.9
-2.0
-2.6
-1.6
-1.9
-2.4
-1.1
-1.0
-0.9
-2.0
-2.0
-1.8
-1.4
-3.4
-2.6
-2.5
-1.7
-1.0
-2.1
-2.5
-2.1
-1.2
-2.9
-2.2
-3.5
-2.6
-3.5
-4.0
-2.0
-2.2
-1.4
-2.9
-3.6
-1.7
-3.2
-3.0
-2.7
-2.6
-1.8
-3.1
-3.4
-2.7
-1.9
-0.6
-2.7
-2.5
-2.7
-1.7
-2.2
-2.2
-2.2
-0.8
-2.8
-4.0
-2.0
-2.5
-2.3
-2.9
-1.7
-2.9
-2.2
-3.0
-1.9
-1.3
-2.5
-2.7
-1.3
-2.5
-4.6
-0.6
-2.2
-0.8
-2.2
-3.0
-1.8
-1.8
-3.5
-2.9
-4.0
-1.7
-5.0
-2.0
-1.5
-0.7
-1.4
-3.2
-2.0
-2.6
-1.5
-3.9
-3.3
-1.8
-1.4
-1.9
-2.4
-2.8
-2.7
-1.6
-1.5
-1.9
-1.1
-2.4
-1.2
-1.8
-2.1
-1.1
-0.5
-1.8
-2.2
-0.1
-0.3
1.0
0.0
-0.3
0.3
-0.5
0.0
-0.5
1.7
0.0
1.5
0.1
-0.2
-1.5
-1.1
-3.4
-0.4
-1.7
0.4
-0.3
0.0
-0.4
-0.7
-1.2
-0.3
-1.3
-1.2
-1.8
-2.6
-1.5
-2.4
-0.3
0.5
-1.0
-1.3
-0.2
-1.7
-0.3
-0.9
-1.0
0.0
-1.2
-0.2
-0.2
-0.3
-1.4
-0.9
-1.1
-1.5
-2.5
-2.4
-4.7
-1.9
-2.3
-0.8
-1.5
-2.0
-1.9
-4.1
-1.2
-1.6
-1.2
-1.3
-1.7
-1.7
-2.0
-2.8
-4.0
-1.7
-1.1
-1.9
-3.1
-1.7
-1.7
-1.6
-2.7
-3.1
-3.0
-1.6
-2.6
-2.8
-2.1
-1.9
-2.3
-1.9
-2.1
-4.4
-1.7
-2.6
-1.5
-1.7
-2.3
-2.0
-1.7
-2.8
-2.1
-1.9
-3.7
-1.8
-2.3
-2.1
-4.9
-3.2
-1.7
-0.9
-1.8
-3.2
-2.8
-2.3
-2.5
-1.5
-4.0
-2.8
-6.0
-1.9
-2.6
-2.8
-3.1
-2.7
-3.1
-3.5
-1.2
-2.9
-1.2
-3.5
-2.7
-2.0
-2.7
-2.6
-4.5
-3.3
-3.0
-2.7
-1.5
-2.9
-2.4
-1.1
-1.9
-3.3
-2.1
-3.1
-4.0
-1.5
-2.5
-2.5
-3.9
-1.9
-1.8
-1.4
-1.8
-2.6
-1.5
-1.4
-1.6
-2.7
-2.2
-3.4
-3.2
-2.0
-4.4
-1.9
-2.5
-1.1
-1.1
-1.7
-1.1
-2.9
-1.5
-1.7
-1.6
-0.8
-2.7
-2.5
-2.0
-2.5
-3.5
-3.0
-1.2
0.0
-1.3
-3.4
-2.4
-1.5
-2.2
-2.3
-1.9
-1.2
-2.6
-2.9
-1.2
-1.7
0.0
-1.8
-0.2
-1.9
-1.3
-1.8
-1.2
-1.0
-2.8
-1.3
-3.5
-1.2
-1.0
-1.1
-0.9
-1.6
-1.5
-0.4
-1.8
-1.5
-1.1
-2.0
-2.8
-1.4
-3.4
-1.9
0.0
0.4
-0.7
-1.0
-1.0
-0.4
-2.0
-2.7
-0.9
-0.1
-0.6
-1.0
-0.6
0.1
0.6
0.2
-1.1
-0.9
-3.7
-1.2
-0.3
-0.3
-0.2
-1.7
-1.0
-0.2
0.7
-0.7
0.7
-0.5
-1.9
-0.3
0.0
-0.6
0.1
-0.5
-1.3
0.3
-0.3
-0.5
0.1
-0.3
-0.9
0.0
-1.8
-0.1
-1.4
-1.3
0.0
-1.8
-0.9
-1.5
-0.8
0.4
-1.4
-0.7
-0.8
-0.5
-0.3
0.0
0.1
-0.7
-2.9
-0.6
-2.7
-1.0
-0.4
0.0
0.4
0.1
0.5
1.0
1.2
-0.6
0.1
-1.0
-0.8
0.0
0.0
-0.6
0.3
-0.2
0.3
0.1
-0.2
-0.3
-0.5
-0.2
-0.2
1.0
1.0
-1.5
0.5
-0.5
0.3
-0.8
-1.8
-0.7
0.0
-0.7
-0.5
0.0
0.9
0.9
-1.7
2.0
-1.2
1.7
0.6
-1.5
-0.7
-1.2
0.2
0.7
0.2
-1.8
1.1
-0.5
-0.9
-0.1
-0.7
0.0
-0.3
-1.4
0.8
0.5
-3.2
0.5
-1.8
1.1
1.0
0.9
0.0
1.4
0.5
1.3
0.9
-1.2
0.0
0.0
-0.6
0.3
0.7
1.8
1.5
1.9
2.8
1.8
2.2
-1.0
0.6
1.3
1.1
2.2
2.2
1.7
1.8
-0.2
2.4
3.5
3.5
2.8
1.9
1.8
2.9
1.8
1.8
0.4
1.5
2.0
1.7
1.7
-0.2
1.5
2.3
1.7
0.7
0.0
0.6
0.5
0.9
1.0
2.5
0.5
0.4
1.0
0.6
-0.5
-0.3
-0.6
-2.0
0.0
-0.4
1.1
-0.6
-1.7
-0.5
-0.3
-0.4
-0.4
-0.1
0.3
-0.6
-0.6
-0.9
-1.1
-2.6
-0.4
-1.8
-3.9
-1.1
-1.5
0.3
-1.3
-0.9
0.1
0.9
0.4
0.9
1.2
1.3
1.8
0.8
0.0
-2.9
-0.1
-0.1
0.4
-1.6
0.5
0.1
1.5
0.7
0.8
1.4
0.0
-1.9
0.5
-0.6
0.5
-0.4
0.3
0.0
0.8
1.9
0.9
0.8
0.6
-0.6
-1.8
-0.4
0.0
0.4
0.0
-0.7
0.6
0.3
0.9
1.7
1.3
0.3
-0.2
1.3
1.2
-0.3
1.5
0.5
1.5
1.7
0.3
1.8
0.6
1.0
0.4
1.2
0.4
1.4
0.9
1.0
1.7
0.6
-0.7
2.3
2.0
2.4
0.7
1.3
1.4
1.4
0.3
-0.5
1.0
1.0
1.2
1.6
1.7
1.0
1.2
-0.2
1.2
1.9
0.9
0.4
0.0
0.3
1.7
0.0
2.3
1.5
1.2
0.8
0.0
0.5
1.5
2.0
2.3
1.0
-0.4
0.0
1.7
1.4
0.4
1.8
1.0
1.0
1.5
1.2
1.8
0.5
0.0
0.9
-0.5
-0.9
0.0
1.5
0.5
0.6
-1.9
0.9
0.2
1.2
2.3
2.9
1.0
1.2
0.4
1.2
0.8
1.1
1.6
2.4
1.2
0.8
0.5
-1.9
0.7
0.2
0.4
0.3
1.2
0.3
1.2
-1.2
1.1
1.2
1.7
1.9
-0.3
1.6
0.6
0.1
0.1
0.2
-1.2
2.1
0.9
1.6
2.6
1.0
0.9
-1.9
0.2
-0.8
0.1
0.5
-0.5
1.2
0.3
-0.3
0.3
1.0
0.0
0.6
-0.7
0.6
1.4
1.7
0.3
1.0
0.9
1.1
0.3
0.0
1.0
1.9
-1.8
1.3
0.5
1.3
2.1
0.6
1.9
2.1
-1.3
0.8
0.1
0.9
0.3
0.7
1.3
0.4
1.0
-1.4
0.2
0.0
0.4
1.2
0.3
0.9
1.6
1.0
1.1
0.1
0.5
0.0
0.7
0.8
0.7
1.2
2.5
1.7
0.8
0.1
-1.7
1.4
1.0
1.8
0.7
2.6
1.7
2.5
1.2
1.1
2.2
-0.2
2.4
1.2
2.4
0.2
1.5
1.0
3.4
2.9
3.2
4.1
2.9
1.3
0.3
-1.3
2.1
2.2
3.3
2.6
3.5
4.4
3.2
3.7
3.1
3.6
4.3
3.0
4.0
3.4
2.5
4.5
4.3
2.5
6.5
6.4
4.4
4.9
3.3
4.3
5.1
3.8
4.3
4.9
4.1
4.0
3.4
4.0
3.7
2.0
4.8
4.6
3.9
3.1
2.9
4.3
4.0
1.3
2.7
3.1
3.8
3.3
2.9
2.7
2.5
3.7
1.6
4.6
2.5
2.7
3.8
3.0
4.6
3.5
3.0
4.3
4.2
3.7
4.1
3.4
3.0
3.9
2.1
1.2
2.1
2.4
3.9
2.2
2.1
2.5
3.4
3.6
1.7
4.6
2.1
2.3
2.3
1.5
2.0
1.7
0.9
0.7
1.8
2.0
0.3
0.8
2.1
1.5
1.9
0.7
0.2
2.1
2.3
2.2
2.2
2.2
2.4
1.6
0.5
0.0
-1.2
1.9
1.6
2.2
2.8
2.8
2.5
1.9
2.2
1.6
0.8
2.5
0.8
0.0
1.9
1.7
3.5
1.3
1.8
2.0
3.5
1.5
3.2
2.7
3.2
3.4
1.6
1.8
2.0
2.9
3.4
2.5
3.7
2.6
3.5
0.6
3.2
2.2
1.3
3.9
2.6
4.3
3.1
2.7
2.9
2.0
1.7
1.2
2.1
2.1
2.3
2.8
1.0
0.3
2.9
2.1
1.7
3.6
2.5
3.4
2.7
2.0
2.4
3.5
1.1
1.8
-0.5
3.2
2.4
3.0
3.0
1.2
1.7
1.8
2.7
2.1
3.6
3.0
3.7
3.6
2.4
3.0
2.1
0.7
3.6
2.4
3.1
2.6
3.0
4.5
3.3
2.9
3.4
3.4
4.0
2.0
4.8
0.8
2.3
2.3
1.9
3.8
2.8
2.1
3.3
2.3
1.9
1.6
1.9
1.4
3.6
1.5
1.8
2.8
4.5
5.2
4.4
2.6
2.7
1.4
1.3
2.0
3.5
3.5
3.6
1.0
3.2
2.8
2.5
4.3
2.9
3.6
3.1
2.1
2.6
2.9
2.0
2.6
2.9
3.2
3.6
4.1
2.0
-0.1
2.3
1.8
3.8
3.6
3.2
2.9
0.6
2.4
2.7
3.9
3.3
2.1
2.7
2.5
2.1
-0.3
2.9
0.6
2.7
2.9
2.4
1.3
2.7
2.2
3.4
4.3
2.9
2.4
3.1
1.8
2.8
2.0
2.3
2.1
2.3
2.0
1.2
3.8
4.0
3.4
3.7
1.4
4.6
2.4
2.6
1.8
2.5
2.5
2.0
2.8
2.3
0.8
3.1
2.6
3.1
3.4
2.8
1.1
2.8
1.3
2.0
2.5
2.5
3.1
1.8
2.0
2.3
2.4
1.6
0.1
2.2
2.5
2.5
2.3
2.2
2.3
2.9
2.5
1.6
3.2
2.8
3.7
4.2
2.6
3.9
2.7
1.9
3.5
2.3
3.0
2.7
3.1
4.2
3.6
3.2
1.7
3.0
2.2
3.4
3.0
3.7
3.2
0.1
2.4
2.2
2.9
3.0
1.7
3.6
2.5
1.9
2.0
1.3
2.0
2.2
3.0
0.8
2.9
2.3
3.2
2.2
1.8
1.0
3.6
2.7
2.5
2.9
2.7
0.8
0.8
1.8
2.5
2.9
1.8
2.6
1.5
2.3
1.0
-0.8
3.1
2.5
3.6
3.0
2.0
3.0
2.4
1.9
0.6
2.7
3.5
2.0
2.6
3.0
3.2
3.1
3.2
3.1
3.3
3.3
-0.2
5.0
4.1
5.4
3.3
3.5
4.3
4.5
3.5
2.5
4.4
2.8
4.1
4.4
3.4
1.1
3.9
3.9
3.9
3.0
3.3
3.5
3.3
3.5
3.6
4.2
3.5
1.9
2.8
2.0
4.3
3.3
1.1
2.5
1.7
3.4
1.4
2.2
1.7
2.5
1.7
2.1
2.1
2.1
0.9
1.8
1.7
1.2
0.9
1.1
0.7
0.3
0.1
2.1
2.2
3.7
1.6
1.9
2.1
2.0
1.4
1.5
2.0
-1.2
2.5
2.4
0.8
2.3
1.6
3.2
3.8
0.8
2.0
1.8
2.7
2.0
1.8
2.5
3.1
4.2
2.4
1.5
1.8
3.0
1.8
3.4
-0.5
2.0
1.2
1.8
3.4
2.4
1.6
1.7
0.5
2.1
2.6
3.3
2.4
1.5
-0.4
0.0
1.9
2.3
1.4
1.8
1.4
1.3
1.6
0.2
2.2
1.8
1.7
1.3
1.5
1.5
1.0
0.0
1.9
2.4
2.9
2.4
1.5
1.3
0.2
1.8
1.4
1.2
1.5
0.5
2.4
2.5
1.9
1.4
1.6
2.1
1.7
2.5
1.4
1.2
1.5
-1.0
2.2
2.8
2.3
0.6
-0.1
1.6
-0.7
1.5
2.0
2.3
1.4
0.4
0.3
1.6
0.9
0.8
1.7
0.0
1.3
2.2
1.3
0.0
0.9
-0.8
1.6
-1.1
1.5
1.7
1.4
1.1
2.0
1.3
0.3
-0.4
0.4
-0.3
0.6
1.2
0.2
2.0
0.3
0.0
0.0
0.6
0.5
1.1
2.1
1.3
2.2
-0.5
0.1
0.8
1.3
1.0
1.2
1.3
1.9
1.0
1.9
2.3
0.3
0.0
-0.2
-1.2
-0.1
1.5
2.3
2.3
1.2
1.5
2.0
0.0
-0.2
0.3
0.7
0.0
-1.6
0.4
-0.6
0.6
1.1
1.7
1.5
1.1
1.7
1.7
0.4
1.0
-0.1
0.5
2.4
1.9
1.5
0.9
0.8
1.0
0.5
0.3
0.5
1.6
-1.1
1.3
0.8
2.4
2.6
1.5
0.9
0.9
-1.0
-1.6
0.0
0.9
1.1
0.0
1.8
-1.5
1.9
1.3
1.5
3.3
3.2
3.4
4.4
3.2
3.8
2.9
1.4
3.6
2.5
3.2
2.4
-1.2
3.1
2.5
2.6
3.3
2.1
4.1
3.6
4.3
4.0
3.0
3.6
2.1
2.2
0.8
-0.3
-0.3
-0.3
0.2
2.1
2.8
3.2
3.5
3.5
4.6
2.7
1.9
1.9
0.7
0.0
1.2
-3.0
-0.9
0.4
0.8
2.1
1.5
1.2
2.0
2.0
1.7
1.3
1.4
0.3
0.1
0.9
-3.8
1.7
0.5
0.8
0.1
-0.8
-0.8
0.1
-0.2
1.0
1.4
1.0
1.3
1.5
0.8
1.0
-1.3
0.3
-3.3
0.8
1.7
1.8
1.7
0.7
0.0
1.2
-0.3
-0.2
-0.6
-0.7
-0.6
-0.1
0.1
-0.4
-1.6
0.9
0.0
2.1
1.4
0.2
0.0
0.7
-0.3
1.1
-1.5
-0.7
-0.8
-0.5
0.7
1.4
1.0
0.0
-0.1
-0.9
-2.7
-0.8
-1.3
0.3
-1.2
-2.1
-0.6
-0.3
-0.9
-1.2
-0.5
-0.2
-2.2
-0.4
-1.0
0.1
-0.9
0.0
-0.4
0.7
-0.2
0.8
-1.1
-1.8
-1.5
-0.8
-0.6
-1.5
-1.0
-1.6
-0.6
0.1
-0.6
1.4
-0.8
0.0
0.0
-1.6
-1.5
-1.1
0.3
0.7
-0.7
0.8
-2.8
0.6
-0.1
-0.6
0.0
0.2
1.1
-0.1
-0.5
-1.2
-0.5
-1.8
-3.2
-2.0
-3.0
-0.2
-0.6
-0.3
1.5
0.2
0.6
0.9
-0.6
-0.8
-0.5
-0.7
-1.2
-3.4
-0.8
-1.1
-0.1
-1.0
-1.6
-1.2
-2.5
-0.7
-0.2
0.0
-1.4
-5.0
-0.4
-0.3
0.7
-0.3
-0.5
-0.3
-0.6
-0.1
-3.0
0.9
-0.7
0.3
-0.4
-0.8
-0.6
1.1
-0.9
0.9
0.2
0.2
-1.4
1.6
-0.2
-0.4
-0.5
-1.0
1.5
1.6
2.0
3.2
2.1
2.6
3.0
0.5
2.6
2.6
1.8
2.9
2.4
2.3
2.1
1.2
0.1
2.4
0.3
1.6
2.0
-0.3
1.8
1.5
2.3
1.3
-1.5
0.6
-1.0
0.4
-0.4
-1.7
-1.2
-2.5
-2.1
-3.7
-0.3
-1.3
1.0
2.2
2.9
3.6
1.9
2.8
2.6
1.5
1.2
0.4
1.0
-1.0
-0.3
-1.9
-1.1
-2.3
-2.5
-2.9
-3.9
-5.1
-5.5
-2.5
-4.4
-2.5
-1.3
-1.4
0.4
0.3
-0.5
1.1
0.3
0.7
0.0
1.1
0.5
0.3
0.1
-1.7
-1.6
-1.0
-3.7
-6.7
-4.6
-5.3
-3.7
-4.2
-3.0
-2.5
-1.0
-0.4
1.1
0.8
-0.2
-2.4
-0.6
-0.9
-0.3
-1.2
-0.3
-1.7
-0.3
-1.7
-0.1
-0.2
-1.2
-3.0
-2.3
-2.3
-3.9
-4.3
-5.6
-2.0
-3.5
-0.9
-1.9
-2.4
-1.5
-1.3
-1.5
-0.6
-1.1
-0.8
0.5
-2.2
-0.2
-4.2
-0.9
-2.3
-1.3
-0.6
-1.9
-2.9
-2.3
-1.5
-2.5
-1.7
-0.8
-3.5
0.3
-0.7
0.7
0.5
-0.9
-0.3
0.7
0.3
-0.5
0.5
-0.9
-1.8
-0.3
-1.5
0.0
-2.3
-2.0
-1.5
-2.9
-2.4
-2.1
-1.9
-1.6
-2.1
-2.6
-3.7
-3.6
-3.5
-4.7
-2.3
-3.2
-2.3
-2.2
-1.0
-1.5
-3.7
-2.8
-3.2
-1.8
-2.2
-3.6
-2.3
-3.0
-4.5
-3.4
-1.5
-1.3
-1.8
-2.3
-2.2
-1.6
-2.7
-1.1
-1.3
-2.0
-1.6
-1.8
-1.8
-3.0
-4.8
-1.9
-2.9
-1.6
-1.9
-1.1
-0.6
-1.7
-2.2
-3.5
-2.4
-2.2
-1.6
-1.6
-1.6
-1.3
-3.6
-2.1
-1.9
-1.2
-2.0
-3.2
-2.6
-2.1
-3.0
-1.8
-1.5
-0.9
-1.2
-1.7
-2.0
-3.1
-4.1
-2.7
-2.4
-2.6
-0.4
-1.7
-1.6
-3.0
-2.5
-3.0
-1.1
-2.1
-0.3
-0.4
-1.5
-1.2
-1.1
-3.4
-1.3
-2.1
-1.5
-3.0
-3.5
-1.1
-1.9
-1.4
-3.2
-2.6
-1.9
-3.0
-2.8
-5.2
-2.2
-1.8
-1.0
-1.7
-3.0
-1.5
-2.3
-2.4
-2.6
-2.3
-1.5
-2.6
-2.5
-0.3
-2.0
-2.2
-2.7
-2.6
-1.6
-2.3
-2.3
-1.7
-0.5
-2.7
-1.1
-3.7
-2.5
-2.0
-1.0
-0.9
-0.5
-2.0
-2.1
-2.1
-1.7
-1.9
-2.2
-1.8
-1.9
-2.2
-2.7
-2.0
-1.8
-1.8
-2.4
-1.9
-1.1
-1.9
-1.8
-3.0
-1.2
-1.7
-1.9
-0.5
-2.7
-0.4
-0.8
-0.5
-0.9
-1.7
-3.2
-1.7
-1.8
-1.9
-1.3
-1.5
-1.9
-0.7
-3.3
-1.0
-1.7
-2.3
-2.9
-3.0
-2.5
-2.5
-2.2
-3.4
-2.5
-2.6
-3.0
-1.7
-1.7
-4.0
-1.8
-3.5
-2.1
-3.2
-3.1
-2.5
-2.5
-3.1
-3.8
-3.5
-4.7
-2.4
-5.2
-4.0
-4.0
-3.0
-2.1
-3.0
-1.6
-1.4
-3.4
-2.3
-3.0
-3.8
-2.5
-3.3
-1.8
-2.4
-3.2
-3.0
-2.5
-2.9
-2.7
-2.4
-2.4
-4.8
-2.5
-1.0
-1.5
-0.8
-3.0
-1.7
-3.0
-4.0
-5.3
-4.7
-2.2
-1.7
-0.2
-1.3
-1.4
-1.0
-1.7
-2.2
-3.1
-3.2
-3.3
-1.8
-3.5
-4.1
-3.1
-3.2
-3.8
-2.6
-2.0
-2.0
-2.5
-2.3
-1.3
-1.7
-3.7
-4.5
-4.3
-4.3
-6.4
-3.9
-4.4
-2.5
-3.0
-3.4
-3.7
-2.3
-2.7
-3.9
-5.1
-3.4
-2.8
-3.5
-3.6
-3.7
-2.3
-1.9
-3.4
-2.2
-3.4
-2.9
-3.8
-3.9
-4.8
-4.2
-5.6
-2.3
-2.7
-3.7
-3.8
-3.7
-3.0
-2.6
-4.0
-4.1
-7.9
-3.2
-5.7
-3.6
-3.8
-4.7
-3.3
-2.7
-2.8
-2.5
-2.7
-3.0
-5.6
-2.1
-4.3
-3.0
-3.9
-4.5
-4.6
-5.1
-5.0
-5.1
-4.9
-5.0
-6.0
-3.4
-2.7
-2.0
-3.1
-1.4
-2.5
-2.7
-4.1
-3.9
-3.6
-3.5
-3.8
-4.1
-2.6
-6.1
-5.5
-5.5
-4.0
-5.5
-4.5
-4.5
-4.9
-3.6
-6.5
-3.7
-5.7
-6.9
-3.6
-5.9
-5.7
-6.9
-6.8
-4.4
-5.5
-4.5
-7.8
-8.8
-5.7
-5.4
-4.0
-6.0
-6.2
-4.8
-5.2
-5.5
-5.2
-4.6
-4.2
-5.1
-5.6
-5.4
-6.7
-5.6
-6.5
-4.9
-6.4
-4.4
-4.0
-4.4
-3.8
-7.7
-6.7
-5.7
-6.6
-5.5
-7.0
-5.6
-7.0
-6.3
-8.6
-9.3
-5.7
-7.7
-2.9
-6.0
-5.8
-5.3
-6.9
-5.4
-6.7
-7.5
-6.5
-6.3
-8.8
-6.8
-6.8
-4.5
-4.2
-5.6
-5.7
-5.0
-6.9
-8.4
-6.9
-6.0
-4.1
-6.6
-7.3
-6.3
-5.6
-5.1
-7.0
-5.6
-6.9
-5.5
-5.0
-5.0
-6.0
-5.2
-3.8
-5.2
-7.0
-5.7
-5.3
-4.7
-6.0
-9.2
-5.6
-6.5
-4.8
-4.7
-6.5
-6.0
-5.1
-7.2
-7.3
-6.2
-6.9
-7.2
-7.0
-7.0
-7.2
-5.8
-4.5
-3.6
-5.5
-6.5
-6.5
-6.9
-5.7
-4.9
-4.1
-4.0
-5.8
-4.3
-8.1
-4.5
-6.1
-5.1
-4.6
-7.2
-7.5
-5.7
-7.1
-6.2
-9.6
-6.6
-6.5
-5.3
-4.9
-8.0
-6.2
-6.0
-7.8
-6.4
-7.0
-6.0
-8.4
-8.3
-5.7
-6.2
-5.4
-5.6
-5.3
-5.0
-4.0
-5.3
-4.7
-5.7
-4.9
-3.9
-4.4
-2.5
-4.5
-2.2
-3.7
-3.7
-2.8
-2.7
-3.1
-4.2
-5.7
-3.0
-3.7
-4.2
-5.4
-8.3
-4.9
-4.3
-3.0
-2.9
-4.5
-5.2
-4.6
-4.6
-4.6
-4.4
-5.8
-11.7
-4.7
-4.8
-3.7
-4.4
-6.2
-4.1
-3.1
-4.7
-3.6
-2.8
-8.3
-2.1
-4.4
-2.4
-3.7
-4.7
-3.9
-2.9
-5.1
-4.3
-4.9
-5.5
-3.9
-7.6
-3.8
-5.3
-3.2
-4.8
-5.3
-4.7
-5.1
-6.2
-9.6
-9.4
-9.3
-10.8
-12.6
-16.3
-18.7
-19.5
-18.4
-19.8
-20.4
-21.1
-22.3
-21.3
-22.4
-24.3
-23.4
-26.0
-25.0
-25.5
-26.9
-27.0
-26.6
-28.2
-29.4
-30.3
-31.5
-31.3
-32.3
-34.0
-34.8
-36.0
-36.6
-39.0
-38.8
-39.0
-40.2
-40.8
-42.0
-42.5
-43.8
-44.1
-44.5
-44.7
-44.8
-48.1
-47.9
-50.1
-49.0
-52.0
-48.7
-52.4
-52.9
-54.0
-54.9
-53.7
-55.0
-58.0
-56.9
-58.3
-59.3
-59.6
-63.1
-61.7
-60.8
-62.2
-62.1
-63.8
-64.4
-65.8
-65.0
-67.1
-66.3
-67.1
-67.2
-68.6
-66.9
-68.5
-70.1
-67.0
-67.8
-66.1
-67.0
-68.1
-67.3
-67.0
-68.0
-66.6
-65.2
-65.8
-65.5
-67.8
-66.3
-67.0
-65.3
-65.2
-65.1
-64.9
-65.4
-66.5
-66.8
-65.1
-64.8
-63.7
-63.4
-64.5
-66.0
-63.6
-63.2
-62.2
-63.2
-63.8
-62.0
-62.1
-62.1
-63.7
-62.9
-62.2
-62.8
-60.8
-61.3
-59.8
-60.4
-60.0
-61.0
-59.8
-60.0
-60.2
-60.1
-61.2
-62.4
-60.3
-58.2
-58.8
-57.4
-58.5
-57.9
-59.0
-59.3
-60.0
-59.4
-60.4
-61.1
-58.8
-59.3
-60.6
-59.6
-59.3
-61.4
-58.6
-59.4
-58.6
-58.9
-59.3
-59.1
-58.5
-61.8
-56.9
-56.9
-56.6
-54.9
-55.4
-53.1
-53.7
-54.0
-53.6
-54.6
-56.2
-51.6
-52.9
-52.6
-51.4
-52.0
-51.1
-50.7
-49.7
-49.5
-48.5
-50.4
-51.4
-51.2
-49.8
-49.2
-56.7
-45.7
-49.0
-44.8
-46.8
-48.4
-46.4
-47.2
-47.6
-47.3
-48.9
-48.1
-46.6
-44.5
-45.2
-47.9
-48.2
-45.4
-44.8
-44.6
-44.5
-45.0
-44.7
-42.4
-44.7
-44.8
-43.2
-42.9
-45.8
-43.0
-44.9
-43.4
-43.3
-43.8
-41.8
-43.5
-41.8
-40.8
-42.1
-40.7
-41.4
-41.7
-40.4
-43.2
-40.6
-41.8
-42.9
-41.8
-42.7
-42.4
-43.6
-42.5
-43.8
-40.7
-41.7
-41.5
-40.9
-41.3
-40.5
-41.2
-40.8
-42.3
-39.3
-40.4
-39.3
-37.4
-36.9
-38.1
-38.4
-38.2
-40.3
-36.7
-37.9
-36.7
-36.4
-36.9
-36.6
-37.0
-35.1
-36.0
-34.8
-37.1
-37.0
-36.6
-34.9
-34.7
-35.0
-36.1
-34.4
-35.6
-35.4
-38.6
-34.1
-33.5
-33.1
-33.8
-35.6
-33.2
-33.9
-32.9
-34.7
-35.5
-34.1
-35.0
-36.7
-34.5
-34.0
-33.8
-32.7
-35.7
-33.7
-33.3
-36.0
-36.1
-33.8
-35.6
-35.6
-36.6
-35.5
-36.3
-36.6
-37.1
-36.7
-39.0
-36.5
-37.8
-37.4
-37.7
-38.6
-38.1
-38.5
-38.4
-38.8
-37.7
-39.8
-39.7
-38.0
-39.3
-39.2
-39.0
-40.6
-39.6
-39.7
-40.9
-39.5
-39.0
-38.3
-39.7
-41.8
-38.5
-36.6
-38.3
-39.5
-40.3
-36.7
-38.6
-39.9
-40.7
-43.0
-39.1
-40.2
-40.2
-39.1
-40.5
-40.7
-41.6
-43.2
-43.0
-44.3
-41.5
-42.6
-48.5
-42.0
-44.9
-40.4
-44.0
-45.3
-46.9
-42.6
-45.8
-42.8
-45.1
-42.2
-46.1
-44.4
-47.9
-44.8
-43.2
-44.9
-43.2
-46.9
-44.8
-44.7
-43.9
-42.6
-47.4
-48.2
-46.5
-44.6
-43.7
-44.9
-44.1
-43.7
-46.8
-48.4
-46.6
-47.1
-47.5
-47.7
-48.2
-47.5
-49.8
-51.5
-46.0
-47.6
-48.5
-49.5
-50.9
-50.2
-49.7
-48.1
-49.8
-50.6
-48.9
-52.5
-51.9
-53.4
-52.0
-51.7
-51.4
-55.4
-51.6
-53.2
-55.4
-53.6
-55.2
-53.5
-53.8
-55.9
-53.9
-54.7
-56.0
-57.3
-54.6
-56.9
-56.3
-58.2
-60.3
-58.7
-58.5
-58.0
-58.5
-59.6
-59.3
-59.9
-59.6
-61.0
-60.0
-60.3
-62.3
-62.1
-63.3
-63.2
-63.8
-63.9
-65.1
-66.9
-66.4
-66.4
-65.5
-65.0
-66.6
-65.9
-65.7
-65.6
-65.6
-66.0
-65.5
-65.9
-66.0
-65.9
-67.2
-65.3
-64.6
-64.7
-65.2
-65.6
-64.7
-65.1
-65.0
-65.3
-64.9
-64.6
-65.1
-64.8
-65.8
-64.5
-67.4
-65.9
-67.2
-67.3
-65.6
-65.8
-65.4
-66.9
-66.2
-65.7
-65.5
-66.5
-68.0
-65.7
-65.7
-65.2
-65.4
-65.8
-65.8
-65.4
-66.2
-65.6
-64.9
-65.1
-64.9
-65.0
-66.8
-63.3
-64.2
-63.8
-64.1
-65.4
-66.1
-65.9
-66.9
-68.7
-69.8
-70.6
-71.3
-70.0
-70.6
-71.0
-71.0
-71.7
-71.5
-70.8
-71.7
-71.3
-71.5
-70.3
-69.6
-70.5
-70.1
-69.7
-70.3
-70.0
-68.9
-68.1
-68.0
-68.0
-67.8
-67.0
-66.7
-66.3
-67.1
-65.4
-66.6
-65.9
-66.1
-65.8
-66.3
-65.9
-65.6
-65.1
-64.6
-65.4
-66.4
-65.2
-65.8
-63.9
-63.7
-62.9
-63.9
-66.0
-63.9
-63.7
-63.8
-63.4
-63.5
-63.0
-62.5
-62.0
-61.4
-61.5
-61.1
-61.5
-60.4
-61.3
-61.2
-59.6
-59.8
-60.2
-60.7
-59.7
-59.7
-59.6
-59.1
-59.1
-58.7
-57.7
-58.0
-58.3
-58.5
-56.8
-57.4
-57.6
-57.7
-57.0
-58.2
-57.0
-56.9
-56.0
-55.2
-54.9
-57.4
-55.4
-55.4
-54.7
-54.2
-55.3
-55.0
-53.4
-54.1
-53.2
-52.7
-52.0
-52.3
-51.5
-52.7
-50.5
-50.6
-51.0
-50.9
-50.8
-49.9
-49.3
-50.0
-48.5
-47.9
-46.8
-46.5
-48.0
-47.0
-46.6
-45.9
-45.1
-46.7
-44.6
-44.0
-45.1
-45.9
-44.2
-43.3
-41.9
-44.0
-43.4
-43.7
-42.1
-42.9
-40.6
-41.2
-39.1
-40.8
-40.6
-40.3
-39.7
-41.3
-40.2
-38.2
-37.8
-37.8
-37.6
-36.5
-35.1
-36.8
-36.2
-37.3
-35.0
-36.9
-34.5
-36.2
-34.7
-34.3
-34.2
-33.9
-33.4
-33.9
-32.6
-33.7
-33.0
-33.0
-32.2
-30.8
-31.2
-32.3
-30.1
-30.2
-30.8
-30.8
-30.7
-29.8
-30.0
-30.0
-29.9
-29.3
-30.0
-28.6
-28.6
-26.8
-26.9
-27.4
-27.7
-29.2
-29.3
-27.0
-26.8
-25.3
-26.4
-25.9
-25.3
-25.2
-25.5
-25.2
-24.8
-25.1
-25.0
-25.0
-25.1
-24.4
-25.0
-25.0
-24.3
-26.5
-24.1
-24.9
-24.6
-24.6
-24.4
-22.5
-23.0
-23.3
-23.3
-23.5
-23.3
-22.9
-24.3
-22.5
-23.0
-21.4
-21.9
-23.0
-22.5
-24.7
-22.1
-22.3
-21.9
-23.1
-23.2
-22.7
-21.2
-21.5
-21.9
-21.5
-22.0
-21.8
-21.6
-21.5
-21.9
-21.8
-22.0
-21.4
-21.4
-20.8
-21.3
-21.2
-21.9
-24.3
-20.7
-21.2
-21.7
-21.7
-23.5
-21.3
-22.1
-22.1
-22.4
-22.7
-22.7
-22.0
-22.0
-22.0
-23.2
-22.8
-22.9
-22.8
-23.1
-24.5
-22.9
-23.6
-23.9
-24.7
-24.5
-24.2
-24.3
-24.3
-24.8
-24.5
-24.7
-24.2
-23.7
-24.4
-23.5
-23.4
-23.1
-23.9
-23.6
-23.3
-24.3
-25.0
-25.2
-25.1
-25.1
-25.0
-24.6
-24.7
-26.3
-25.2
-25.1
-24.8
-24.8
-25.5
-25.5
-27.2
-26.5
-25.9
-25.9
-26.3
-26.3
-27.4
-27.5
-27.2
-27.4
-27.5
-28.5
-28.9
-28.4
-27.7
-28.0
-27.6
-28.1
-29.8
-30.8
-30.1
-29.4
-29.2
-29.3
-29.3
-28.8
-28.7
-29.3
-28.5
-30.7
-30.5
-31.3
-30.6
-30.3
-30.7
-30.8
-30.4
-31.0
-32.0
-30.8
-31.2
-30.9
-31.0
-30.9
-31.2
-31.6
-32.4
-33.1
-32.4
-32.8
-33.4
-36.1
-31.6
-32.5
-31.1
-32.0
-32.6
-31.8
-32.7
-33.3
-33.4
-33.7
-33.8
-34.0
-33.6
-33.9
-34.4
-34.1
-34.9
-36.7
-34.9
-36.0
-35.2
-35.1
-35.6
-35.2
-35.8
-36.4
-36.7
-36.5
-36.1
-35.2
-35.9
-37.5
-36.9
-37.2
-36.9
-37.6
-37.9
-37.8
-37.3
-37.9
-37.7
-37.6
-38.2
-38.4
-37.9
-37.8
-38.7
-37.9
-40.5
-38.0
-39.3
-38.0
-37.8
-38.3
-38.2
-40.2
-39.7
-40.7
-39.7
-39.8
-39.7
-38.5
-39.0
-38.9
-40.3
-40.4
-40.2
-40.4
-39.7
-40.4
-39.7
-39.9
-39.5
-40.6
-42.9
-40.2
-41.9
-39.8
-41.5
-40.5
-39.4
-39.7
-39.8
-40.2
-40.2
-40.5
-40.7
-40.4
-40.8
-40.1
-39.7
-38.7
-38.4
-38.8
-39.6
-37.9
-38.3
-38.5
-39.2
-39.7
-39.1
-39.4
-40.4
-39.1
-39.3
-39.8
-40.7
-41.2
-41.8
-40.9
-40.8
-39.9
-39.8
-40.3
-40.5
-40.3
-41.7
-41.8
-41.8
-41.0
-41.3
-40.7
-41.0
-40.5
-41.3
-41.3
-40.8
-42.0
-40.6
-41.5
-40.8
-41.7
-42.5
-41.2
-41.0
-41.3
-41.2
-41.5
-41.0
-41.1
-41.4
-42.7
-43.0
-43.2
-42.8
-42.3
-42.2
-42.1
-41.8
-41.5
-41.5
-42.2
-40.9
-42.1
-41.8
-42.1
-42.0
-43.0
-41.7
-43.1
-42.7
-44.1
-45.0
-44.1
-43.3
-43.2
-41.9
-42.3
-41.0
-41.4
-41.7
-41.5
-43.0
-44.8
-44.7
-45.4
-44.2
-44.2
-44.4
-42.8
-42.7
-42.8
-44.2
-43.7
-43.2
-43.8
-43.6
-44.2
-44.2
-43.9
-44.2
-43.4
-44.3
-44.9
-43.0
-43.3
-43.7
-45.0
-45.0
-44.5
-44.7
-44.8
-44.8
-44.2
-45.9
-43.4
-44.2
-43.8
-45.0
-43.8
-43.2
-44.0
-44.8
-45.1
-45.6
-45.4
-45.7
-45.3
-47.1
-47.7
-48.1
-46.9
-46.0
-46.0
-44.6
-47.9
-48.2
-46.2
-44.7
-43.9
-45.2
-45.9
-45.8
-47.5
-47.9
-47.1
-45.5
-46.1
-46.2
-46.3
-46.2
-45.9
-47.0
-45.7
-46.0
-46.4
-46.8
-48.0
-47.0
-46.8
-47.7
-45.7
-46.7
-46.0
-46.3
-45.9
-45.3
-45.3
-44.9
-45.2
-44.7
-45.6
-44.8
-43.4
-44.4
-44.0
-44.0
-43.3
-44.7
-44.2
-44.5
-46.2
-45.9
-46.0
-44.0
-44.3
-45.9
-44.3
-44.9
-43.8
-44.7
-45.6
-45.4
-45.4
-45.1
-44.6
-46.7
-45.6
-46.5
-45.5
-44.8
-44.8
-45.6
-45.7
-46.2
-45.4
-45.2
-45.7
-45.9
-44.6
-45.0
-45.5
-45.9
-45.4
-46.2
-45.1
-44.4
-44.7
-44.3
-45.2
-45.4
-45.0
-44.6
-43.4
-45.3
-45.2
-47.3
-46.2
-46.4
-43.9
-44.9
-45.2
-45.3
-45.0
-45.1
-45.1
-45.3
-45.0
-46.0
-42.7
-42.6
-45.8
-45.4
-48.2
-44.5
-45.2
-45.2
-44.5
-45.5
-45.1
-46.0
-45.3
-43.8
-43.5
-43.1
-43.5
-44.4
-44.5
-43.2
-43.2
-43.2
-44.2
-44.7
-44.3
-43.6
-43.8
-43.5
-42.2
-43.4
-43.3
-45.1
-42.6
-44.2
-42.5
-43.5
-43.6
-43.8
-43.5
-43.5
-42.8
-42.9
-44.9
-42.1
-44.7
-42.7
-42.5
-42.6
-42.4
-42.1
-42.1
-41.4
-41.4
-42.0
-41.8
-40.5
-41.7
-40.8
-40.7
-41.7
-40.9
-41.3
-42.2
-40.9
-40.2
-40.1
-41.2
-41.1
-41.3
-41.2
-41.1
-40.0
-39.3
-39.6
-39.7
-40.2
-38.7
-40.7
-38.5
-39.3
-38.7
-38.8
-39.7
-40.7
-39.3
-39.9
-38.5
-38.8
-38.4
-38.5
-38.4
-38.4
-38.4
-37.7
-38.0
-37.0
-37.2
-37.5
-37.2
-36.5
-35.1
-34.6
-34.1
-33.6
-33.4
-34.6
-35.3
-34.3
-36.6
-33.9
-34.6
-34.9
-33.5
-33.9
-33.2
-33.8
-34.6
-33.7
-34.0
-33.3
-34.2
-33.0
-34.7
-34.6
-35.0
-34.4
-35.2
-32.8
-32.5
-32.6
-33.4
-33.7
-33.0
-32.5
-32.2
-34.9
-32.8
-33.5
-32.6
-34.2
-32.5
-31.9
-31.7
-32.5
-32.0
-31.2
-30.9
-31.5
-31.0
-31.3
-32.4
-31.1
-30.8
-30.6
-29.4
-30.7
-29.1
-29.8
-30.6
-31.5
-30.0
