-4.8
-3.9
-1.5
-1.0
-1.3
-1.6
-2.5
-4.8
-4.4
-3.3
-4.9
-2.1
-1.9
-2.3
-3.6
-1.3
-0.3
1.1
0.1
-1.1
-2.3
-2.6
-3.7
-1.5
0.2
-0.5
-2.1
-2.5
-1.6
-0.9
-1.8
-1.4
-2.2
-1.9
-1.0
-0.3
0.2
-1.6
1.8
-1.6
0.3
-1.9
-3.2
-4.1
-2.6
-0.7
1.6
-1.0
-2.5
-1.1
-1.2
-3.4
-3.5
-1.8
-0.9
0.3
0.6
-1.6
-2.0
-0.2
-1.9
-3.2
-0.3
-3.2
0.5
-0.3
0.1
-1.5
0.6
-1.8
-0.8
1.2
-3.8
1.2
-2.1
-2.0
0.0
-1.2
-0.9
-0.1
-0.8
0.6
0.0
-1.8
-1.3
-2.1
-3.4
1.1
-0.4
1.0
0.3
1.5
0.5
-0.6
-1.4
-1.5
-1.3
-2.4
-1.2
-0.2
-3.9
0.6
-0.2
-0.8
1.1
-2.3
1.0
-1.7
-1.7
0.2
-0.6
1.9
0.9
1.8
1.1
-0.5
-1.0
-1.3
1.1
-1.4
-1.1
-1.4
-3.0
-1.3
-1.1
-0.5
-1.9
1.5
-0.7
1.9
-1.6
-1.5
-1.7
-2.1
-0.9
0.5
1.6
0.0
-1.5
-1.7
0.5
-0.3
-3.4
-1.2
-1.7
-1.9
-0.3
-1.4
-0.1
1.3
-0.2
-1.0
-1.4
-4.7
-1.9
-1.9
-1.6
-1.8
-0.7
-1.9
-0.7
-2.2
-1.9
0.5
0.7
-0.6
1.7
-2.0
-3.7
0.0
-1.1
-1.1
-3.7
-2.7
-3.2
0.1
-0.3
0.3
-0.7
-1.5
-1.0
1.7
-1.4
-0.7
-0.6
-4.5
0.1
-3.8
-0.6
-0.2
0.6
-0.2
-1.0
-0.2
0.0
-2.1
-0.4
-2.4
-0.2
-2.1
-4.7
-3.7
-0.7
-0.8
0.8
1.2
0.7
-0.9
-1.8
-1.8
-0.3
-0.9
-2.4
-0.2
-2.7
-0.5
-1.2
2.1
0.9
0.8
-1.9
1.0
-1.7
-2.4
-0.8
-1.6
-0.5
-1.8
-0.8
-2.0
0.9
0.2
2.1
3.0
1.1
-0.3
3.0
2.8
3.2
3.5
3.4
6.8
7.8
10.1
13.2
10.8
12.9
15.0
15.3
12.8
16.7
16.4
16.9
15.8
12.9
15.3
12.5
14.2
13.2
11.9
11.4
9.1
7.1
7.0
6.2
9.4
8.8
4.8
7.8
6.0
7.1
5.9
2.9
2.8
1.4
6.3
4.9
3.5
-0.3
4.7
6.0
4.4
1.5
1.6
3.6
2.1
1.2
1.3
0.3
3.5
2.2
1.4
1.1
1.3
0.4
0.4
-1.7
-2.3
1.1
-0.1
-1.6
0.6
1.3
2.7
1.7
-0.3
0.1
-1.2
-0.5
-1.3
0.9
0.1
0.3
-1.7
-1.0
0.0
-1.7
0.8
-0.2
0.0
-1.6
-0.6
-1.2
-1.7
-1.5
-4.3
2.9
1.7
2.1
-0.1
-1.5
-0.7
-0.7
-0.7
-3.3
-1.2
-2.7
0.8
0.5
-1.3
-1.4
-0.1
-1.3
-1.7
1.1
0.7
-1.5
-1.1
-3.6
-3.5
1.4
-0.4
-2.5
1.3
0.0
0.7
-0.4
-2.5
-1.3
-1.4
-0.7
-0.6
0.8
-1.7
-1.4
-0.5
0.8
-1.0
-5.6
-0.8
0.1
0.1
-1.0
-2.8
-1.2
0.8
-0.4
-5.0
1.9
-0.6
0.8
-1.6
-1.3
-1.4
0.2
-3.2
-1.9
-1.5
0.4
1.0
-1.9
1.0
-2.8
-2.8
-4.3
0.2
0.4
0.6
-0.5
-2.8
-3.1
0.8
-2.3
1.7
-3.6
0.0
1.8
1.5
0.8
0.1
-0.4
-0.5
-4.0
-4.0
-3.0
-3.7
1.4
1.4
1.1
1.3
-1.8
-2.0
-2.9
-1.3
1.3
-0.9
1.2
-1.7
-0.3
1.3
0.9
1.0
-0.4
0.1
-0.9
-1.3
-1.2
-4.0
-4.4
1.8
1.1
1.2
-0.5
-0.9
-1.7
-3.1
-2.2
0.4
0.0
1.4
1.0
2.4
0.0
0.0
-0.1
-5.4
1.5
-1.3
-0.5
-0.6
-1.2
0.3
-1.7
0.6
0.9
2.4
-3.0
-1.5
0.3
0.1
-1.6
-1.4
-1.3
-4.1
-2.6
-1.7
-0.8
-1.1
1.4
-1.5
-1.7
-1.6
-0.7
1.2
-2.1
-2.6
-1.1
-2.3
-2.2
0.8
-0.4
0.3
-1.1
-1.2
-0.2
0.6
-0.8
-1.8
-0.2
0.6
-0.8
0.0
-2.6
0.7
-0.7
-2.9
-1.8
0.0
2.9
0.0
-0.8
-2.0
-2.8
-1.1
-1.2
-2.0
-1.4
-2.5
-1.7
-2.6
-1.1
-2.1
-0.4
-0.4
-0.4
-0.5
-2.2
-1.4
-2.6
0.6
-0.8
-1.1
-1.1
-2.0
-2.1
-1.6
-3.4
-3.9
1.1
-2.2
-2.6
-1.3
-1.7
0.3
-2.1
-1.8
-2.2
-2.0
-2.8
3.0
0.6
-1.2
-1.1
-3.1
-3.9
-1.9
2.6
1.4
0.9
-1.7
-0.7
0.0
0.1
-1.6
0.0
-0.7
-0.7
0.6
0.3
0.4
-1.1
-5.3
0.0
3.1
3.8
0.0
-0.5
-3.0
-1.8
-1.8
-0.2
3.1
2.2
0.3
1.4
-0.7
-3.3
-2.5
0.2
2.3
2.5
-0.4
0.0
0.0
-0.5
1.0
-2.8
1.5
2.5
1.0
-0.7
0.0
-0.3
2.7
1.1
-2.5
-1.6
0.0
0.2
0.8
-0.6
0.4
-0.2
-0.5
-0.1
-1.2
0.5
0.6
-0.7
-3.1
2.1
0.5
2.0
1.4
-1.4
-0.9
0.0
-0.2
2.9
2.3
4.1
2.9
7.8
8.5
7.9
8.7
6.1
8.3
14.2
13.6
18.3
16.3
18.3
15.3
11.3
11.8
10.5
10.8
13.2
13.3
11.6
13.0
10.1
8.7
7.1
6.9
8.6
6.2
3.3
6.2
4.9
4.4
2.8
3.6
6.6
2.8
2.4
2.0
3.5
0.5
1.1
-2.2
0.9
0.9
2.6
1.0
0.1
-0.7
2.1
0.2
0.4
-1.2
-0.2
-0.5
-0.8
-1.3
0.0
-0.5
-1.6
-2.3
-2.1
-4.0
-1.9
-2.5
0.1
1.3
0.0
-1.5
-1.7
-3.3
-1.9
-0.9
0.6
0.9
0.0
-1.4
-2.5
-1.7
-1.1
-1.2
-6.2
0.4
-1.0
0.6
-1.3
-1.7
-2.8
-2.2
-4.0
-3.4
-1.0
-2.8
-0.5
-2.8
-1.7
-0.5
-1.5
-1.5
-2.0
0.4
-0.3
-0.3
-2.1
-0.3
-2.8
-4.6
-1.5
-1.0
2.0
-0.6
0.1
0.0
-1.7
-1.9
-4.0
0.5
-0.8
-0.4
0.0
1.0
-1.9
-2.8
-1.8
-2.9
-0.6
-3.5
-2.8
-0.9
-1.9
0.0
-2.1
-3.5
-0.8
-1.3
-3.0
-0.2
-3.0
-1.6
-0.3
-0.9
-3.0
-0.5
-1.2
-0.8
0.5
-3.9
-4.0
-1.3
-2.6
-0.5
-2.5
-0.5
-2.3
-4.0
-2.9
-3.4
1.6
0.2
-0.5
-3.0
-1.8
-0.9
-0.6
-0.8
-2.5
-1.4
-3.7
-4.9
-1.1
1.0
0.1
1.1
-1.2
-0.3
2.1
-2.6
-1.3
-3.2
0.0
-1.6
1.3
-0.6
-1.8
-1.8
-2.4
0.3
-0.1
0.1
-0.3
0.5
0.2
0.0
-0.2
-2.2
-1.7
1.1
1.4
-1.7
0.1
-1.2
0.1
-2.4
-2.7
-1.2
-0.8
-1.8
-3.3
0.3
-1.2
-2.0
-3.7
-3.9
-3.8
-0.1
-2.7
-2.2
-3.0
-2.1
-1.2
-0.9
-0.4
0.0
-1.3
-3.6
-4.3
-4.4
-3.6
0.0
0.1
1.1
-2.0
-2.9
-0.8
-2.2
-2.1
-0.7
-2.0
-2.4
-0.8
-0.4
3.4
0.7
-1.5
-1.1
0.0
-0.3
-1.4
0.2
-0.8
-1.3
0.0
1.8
2.9
0.2
-1.1
-0.2
-1.2
-3.2
-1.6
-0.7
-0.1
-1.3
-1.0
0.2
0.1
0.7
0.2
0.9
-1.1
-0.6
0.2
-2.0
-0.5
-2.6
-2.3
-1.8
1.1
1.5
-0.1
-1.5
-0.3
1.2
1.4
-0.1
1.4
1.0
0.4
0.0
-1.2
-1.9
-1.0
-1.8
-1.6
-0.3
-1.2
1.3
1.0
0.9
1.4
0.4
-5.9
-2.0
0.0
2.0
-0.1
0.1
-0.3
-0.3
-1.1
-0.2
-1.3
-0.1
-2.7
-2.8
1.1
-0.3
0.8
1.8
-0.7
3.0
-0.2
1.2
0.8
1.8
2.8
3.3
4.9
5.2
8.6
8.2
7.7
7.0
10.7
10.6
15.1
14.3
12.9
14.6
12.1
10.0
10.0
9.1
6.8
9.9
8.4
10.1
7.0
6.0
5.5
7.0
5.5
2.8
3.4
4.2
2.3
-0.9
3.5
4.8
2.5
4.3
2.4
1.8
3.5
0.8
2.7
2.0
-0.9
0.0
1.0
1.5
-0.5
-1.7
-1.2
-1.5
-2.1
0.0
1.5
1.6
0.0
-3.3
-1.6
-2.9
1.2
-0.4
1.2
0.1
0.0
-0.1
-1.9
-1.4
-0.6
1.8
0.4
-0.2
-2.6
-0.3
0.0
-1.7
0.1
-0.2
0.8
-1.7
-2.7
-2.5
-1.6
-0.6
0.4
-0.5
-4.9
-0.7
-1.5
1.4
-2.3
-1.4
-4.8
1.0
-1.9
-0.3
-0.8
-2.6
-2.4
-1.4
-2.4
-0.6
-2.0
-2.1
-4.5
2.9
1.5
1.2
-3.7
-4.7
-5.0
-4.2
-1.7
-0.3
1.7
-0.5
-2.0
-4.1
-3.0
-3.7
0.0
-0.3
0.4
1.2
0.0
-1.8
-1.2
-2.4
-2.4
-1.0
-4.0
0.0
-0.9
-1.8
-4.2
-4.3
-4.0
-3.9
-3.8
0.3
-1.6
1.0
-1.9
-4.0
1.3
-1.4
-2.4
-1.3
-2.2
0.0
-1.7
-1.8
-4.3
-1.5
-1.8
-0.9
-1.7
-0.9
-0.6
2.1
0.9
0.3
-4.1
-1.2
-2.8
-2.0
-2.0
-4.6
-1.5
2.0
0.3
1.2
-1.0
-1.7
-0.3
-1.3
-3.7
-0.6
-0.1
1.0
0.4
-0.9
-0.3
0.6
2.5
-1.1
1.0
0.0
1.6
5.4
6.1
8.2
9.1
6.9
10.6
12.7
17.1
20.4
22.6
26.4
26.9
25.2
26.2
25.6
25.7
26.4
28.1
25.2
23.6
22.3
22.7
20.0
22.6
24.5
22.0
20.3
15.9
14.6
15.0
12.8
13.0
14.1
9.3
10.1
8.6
11.0
7.3
7.1
8.2
10.3
9.4
7.2
4.1
5.8
6.7
5.7
3.5
1.4
5.2
2.0
5.8
3.6
3.1
5.7
2.1
0.9
4.8
3.0
0.3
1.9
1.5
2.8
2.5
-3.9
-2.5
1.3
-0.7
2.5
0.2
3.2
2.2
2.6
0.0
-0.5
0.1
-1.5
-4.3
-5.3
-1.4
-1.6
-2.4
-2.1
-1.5
0.1
-0.5
-2.5
0.6
0.8
-3.0
-4.3
-0.6
-0.6
0.1
0.2
-4.2
-5.9
-1.3
-2.7
-0.6
-3.3
-2.1
-0.4
-0.7
-0.8
-0.8
1.3
-1.3
0.0
-3.5
-3.2
-4.3
-4.6
-2.7
-5.0
-2.9
-1.8
-0.3
-1.4
-0.3
1.2
-0.2
-0.3
-3.3
-3.3
-3.5
-4.5
-6.1
-1.4
-4.7
0.7
-2.2
-1.8
-1.8
-4.6
-2.5
-2.7
-2.2
-4.5
-2.7
-0.9
-2.5
-1.6
-6.4
-1.4
0.3
-2.6
-1.9
-6.2
-0.8
-0.4
-3.2
-1.3
-1.8
-1.4
-0.1
-2.8
0.0
0.7
-1.6
-2.5
-6.3
-5.1
-1.8
-2.4
0.6
-1.7
-2.8
-2.0
-3.2
-2.9
-3.1
-2.9
-3.3
-0.8
0.2
-0.5
-2.0
-4.5
-0.9
-0.8
-1.2
-3.4
-4.1
0.1
-2.8
-5.6
-3.6
-0.7
-0.7
-3.1
-2.8
0.4
-3.1
1.2
-1.3
-2.8
-2.3
-4.0
0.4
-2.6
-5.5
-1.6
-0.4
-0.2
-2.0
-3.9
-0.4
-1.3
-3.3
-2.7
-2.2
-2.1
-3.8
-3.9
-1.8
-1.1
-0.7
-3.2
-2.8
-2.4
-1.2
-4.8
-3.1
-1.2
-5.1
-0.5
-1.1
0.3
0.6
-2.6
-0.8
-2.0
-2.4
-4.7
-0.3
1.5
0.8
0.0
-5.3
-3.4
1.4
0.9
0.6
-0.7
-1.4
0.9
-0.9
-2.0
-1.4
-0.2
-5.2
-3.0
-0.1
-0.7
-1.1
-1.5
-0.7
0.9
1.3
-3.9
0.0
-0.4
-0.9
-2.1
-5.2
0.1
0.4
2.1
1.2
-0.6
-3.0
-1.7
-0.6
1.3
-3.0
-1.8
-1.7
-1.6
1.4
-0.5
0.8
2.3
-2.0
-0.3
-1.6
-4.7
-1.4
-4.9
-3.2
-4.1
-0.5
0.0
0.0
0.3
-1.8
-4.7
-0.6
-0.1
-1.4
-5.3
-1.2
-2.9
-0.3
-3.7
-0.9
0.5
-1.6
-2.6
0.6
-2.3
-1.7
-1.9
-0.8
-1.6
-0.9
-1.2
-2.4
-3.4
-3.9
-1.8
-1.0
-0.7
-1.7
-3.5
-2.8
-1.0
-2.6
0.2
-2.6
-1.7
-3.5
-1.3
-2.9
-1.4
-0.5
1.2
1.3
-3.4
-3.2
-0.3
1.1
-0.5
-5.7
-3.1
-0.8
0.5
1.8
-1.5
-1.2
-2.4
-5.3
-1.2
1.6
0.9
1.9
0.0
0.4
-0.6
-3.5
-2.0
-1.2
0.9
-0.3
2.5
0.8
0.5
-1.9
-2.6
0.0
1.6
-1.0
-0.1
-3.2
-4.0
2.1
2.0
2.7
0.0
-1.2
-0.9
-1.4
-3.6
-1.1
-1.9
-0.3
1.0
0.8
1.7
-2.6
1.1
0.3
0.4
-2.9
-3.6
-2.1
-1.1
-3.1
-2.1
-4.3
-0.8
-1.7
-1.6
-2.0
1.1
0.3
-2.3
-1.5
-3.3
-2.5
-2.0
-3.2
1.6
-3.1
-1.8
-3.1
-2.3
-2.3
-2.5
-0.7
-2.8
-4.6
-1.2
0.0
-0.8
-1.7
-2.0
-2.5
-3.9
-2.2
0.8
1.5
0.3
-4.3
-1.4
0.2
-1.9
-3.5
-1.5
-1.3
-0.9
-0.8
-1.1
0.8
0.0
-0.3
-1.6
-1.6
-0.2
-3.0
1.9
-0.5
0.7
-1.9
0.9
0.0
0.7
0.9
-0.5
0.8
1.3
-0.1
0.8
3.3
4.2
5.9
7.1
10.6
13.6
13.6
13.8
12.6
15.6
19.6
20.0
19.0
16.5
12.9
18.8
16.6
18.4
17.6
13.8
13.5
8.3
13.7
11.5
12.4
10.8
7.7
11.7
8.5
7.9
7.1
7.3
8.7
3.3
5.8
2.8
4.8
5.7
4.3
3.4
3.0
2.1
3.7
1.8
0.9
5.5
2.7
2.0
-0.1
0.7
2.9
1.8
-0.2
2.0
0.3
-1.3
0.8
-2.2
0.0
0.0
1.6
1.9
1.2
-0.6
0.7
-2.2
-0.9
-1.4
0.3
1.1
-1.2
-0.5
-1.3
-1.7
0.3
0.6
-0.1
0.3
-2.6
0.5
-1.4
-2.1
-3.8
-2.5
-2.5
-1.2
-0.3
1.1
-1.0
-3.2
-2.6
1.0
-2.2
-4.8
-1.3
-0.4
1.1
-0.7
-1.4
-1.8
-1.1
-1.5
-2.9
-1.8
-1.8
-0.3
0.0
-0.6
-2.6
-0.6
-2.6
-0.6
0.6
1.2
0.6
0.5
-3.5
-2.0
-1.9
0.7
1.8
0.2
-1.7
-1.1
-3.1
-1.6
-2.0
-0.4
-4.1
-0.6
-3.1
-2.4
-3.8
1.1
0.1
-2.4
-4.4
-2.4
-2.6
0.5
-2.9
-3.7
-3.0
-4.8
-3.2
-3.0
-4.8
-1.1
0.4
-1.4
-4.5
-5.1
-3.2
-4.0
-0.2
-2.0
-2.1
-2.4
-1.8
-0.3
-0.9
-3.7
-5.1
-2.0
-3.3
-2.4
-3.1
-3.5
-0.4
-3.6
-1.8
-2.7
-2.1
-0.7
-1.1
-6.2
-2.5
-2.5
-2.4
0.8
-4.5
-3.4
-1.9
-2.2
0.3
-1.4
-3.4
-2.3
-4.2
0.6
0.6
1.5
-2.3
-2.8
-1.5
-0.9
-3.5
-0.4
-2.6
-0.7
-0.3
1.9
0.2
-2.8
-1.5
-2.2
-0.1
-0.8
-0.6
0.4
-1.7
-3.2
-2.6
-2.2
-3.4
-0.9
-0.1
0.5
-0.5
-1.1
-4.2
-3.5
-0.7
-0.6
-0.8
-5.3
-3.4
-3.0
0.7
0.0
-3.5
-2.1
-1.8
-2.8
-1.1
-2.7
-1.0
-1.6
0.5
-2.9
-0.3
-3.4
-0.1
-1.1
-2.9
-1.3
-3.5
-2.6
0.0
-1.4
0.5
-3.3
-3.8
-2.8
-2.9
-1.9
-0.9
-0.9
-3.2
-1.4
-2.2
-0.9
-1.6
-1.4
-6.8
-2.6
-2.0
0.6
0.1
-4.7
-1.2
0.6
-0.6
-1.7
-1.9
-0.1
0.0
1.3
3.0
2.7
1.9
3.7
2.2
12.6
11.3
11.4
11.2
11.7
17.1
18.9
20.0
18.4
14.7
10.8
11.2
14.2
13.1
12.2
11.4
9.9
9.4
10.0
6.4
12.3
9.0
6.9
0.4
2.4
6.7
10.4
5.0
7.3
3.1
1.5
-0.7
-1.2
-1.7
3.9
4.2
5.8
2.8
-2.9
-1.5
-2.7
0.0
-1.4
0.5
2.5
0.3
-4.3
2.1
-1.8
0.6
-1.2
-1.8
-0.2
0.6
-4.9
0.3
0.0
-0.5
-1.4
0.2
-0.6
0.3
-5.3
-0.8
-1.8
-2.0
-0.4
0.0
-1.4
0.6
-0.3
0.3
-0.6
-0.6
-1.8
-3.0
-2.6
-0.2
0.6
1.2
-1.2
-1.3
-3.0
-4.3
-2.2
-2.0
-0.9
-4.2
-0.7
-0.5
-3.3
-1.9
-2.5
-2.9
0.5
-5.1
-2.0
-2.0
-2.2
-1.3
-0.6
-1.7
-0.3
-0.4
-2.1
-1.8
-3.4
-2.3
-2.8
0.6
-1.0
-0.5
-1.5
-4.3
-5.2
0.3
1.2
-0.6
-1.0
0.1
0.9
0.3
-3.5
-0.2
-3.1
-1.2
-1.3
-2.3
-1.0
-2.8
-0.2
-1.6
-0.5
-2.6
0.0
-0.6
1.1
0.7
-1.2
-1.4
-3.0
0.1
-2.2
-0.1
-1.2
-0.3
-1.6
1.2
-1.2
-1.2
1.1
-2.0
-0.6
0.6
-0.7
-0.2
-3.1
-2.8
-0.1
0.2
-0.4
-2.5
-0.1
2.2
1.5
-0.3
0.1
-2.1
0.4
-1.9
-6.8
-2.2
-1.8
-3.3
-2.8
-1.7
1.1
3.6
0.0
-3.0
-1.2
-1.2
-3.3
0.1
-3.1
-3.3
-0.6
1.0
0.6
-0.6
-5.8
-4.9
-2.1
-6.4
-1.2
0.6
2.5
1.0
0.2
-0.3
0.0
-2.2
-1.1
-1.1
0.7
-2.3
-1.5
-2.2
-1.4
0.3
-0.5
1.2
-3.7
-1.8
-1.0
1.2
0.0
2.1
-2.7
-0.2
-0.4
-1.2
-2.2
-2.4
-1.5
-0.8
-0.1
0.1
0.6
0.1
-0.4
0.0
0.5
-2.5
-1.3
-1.1
-1.2
0.3
0.4
-0.4
-2.6
-1.1
-1.0
1.6
0.4
-0.9
-1.1
0.0
1.0
-1.1
-2.0
-1.0
-2.2
0.8
-1.4
-1.6
0.8
-3.1
-0.4
0.3
-0.7
-0.3
-1.5
-2.5
-4.1
-4.6
0.3
-0.2
-2.5
-2.4
-1.3
0.5
-1.9
-1.6
-0.6
-0.5
-2.0
-2.6
-2.1
-3.1
-0.4
-2.6
0.0
0.3
-1.3
-1.2
-0.6
-0.1
-2.1
-0.9
-2.6
-1.2
-0.2
-1.9
-0.9
-1.8
-1.7
-1.5
0.0
-2.0
-1.6
-4.4
-1.5
-0.2
-2.3
-1.8
-2.1
-2.5
0.6
-1.4
-0.2
-3.6
-5.8
-1.6
-0.6
0.0
-3.1
-2.0
-2.4
-1.0
-2.6
-0.5
-5.6
-1.3
-4.3
0.1
-1.0
-3.9
-2.7
-1.9
-5.0
-2.9
-6.4
-2.7
-2.6
-3.0
-1.1
-2.5
-1.4
-2.0
-4.2
-3.2
-3.1
-7.6
-1.2
-0.5
-1.7
-1.8
-2.2
-2.4
-1.1
-1.2
-3.5
-2.1
-3.3
-1.1
-2.0
-2.7
-3.7
-0.3
-1.5
-4.2
-5.0
-4.3
-2.2
-2.0
-1.7
-2.0
-2.5
-5.4
-2.9
-3.9
-2.4
-3.9
-3.1
-2.4
-0.8
-3.0
-3.4
-4.5
-2.0
-3.5
1.0
-3.5
-3.2
-0.4
-1.1
-0.2
-1.4
-3.0
-2.3
-2.8
-3.7
-3.4
-2.8
-1.9
-2.5
-1.2
-4.6
0.6
-3.2
-1.3
-1.8
-2.2
-0.4
-4.8
-3.3
-3.5
-3.2
-0.9
-0.2
-2.1
-0.4
-1.8
-0.4
-1.5
-2.8
-1.7
-0.9
0.8
-1.8
1.5
-0.8
0.3
-1.6
-0.9
1.7
3.0
4.3
6.0
4.1
3.5
6.6
8.3
11.0
10.1
9.2
10.6
13.2
11.9
10.5
8.6
6.5
6.8
7.9
5.9
5.2
8.4
5.8
7.9
5.5
4.1
3.0
2.0
-0.8
3.1
3.3
2.5
1.6
1.5
1.7
1.5
0.8
0.0
-0.8
0.0
1.1
0.0
0.3
-0.7
-2.2
-0.4
-1.1
-4.2
-1.0
-1.1
1.1
1.0
-1.0
-1.8
-1.9
-2.1
-3.3
-1.1
-0.5
-1.7
-1.5
-3.0
-1.4
-2.0
-0.1
-0.2
-1.7
-1.5
-2.7
-3.7
-1.4
-1.4
-1.2
-1.8
-4.9
-1.4
0.1
1.2
-0.3
-3.0
-3.9
-0.6
-1.8
-1.9
-5.1
-2.2
-1.3
-2.1
-2.8
-3.1
-1.4
-2.6
-2.3
-2.0
0.6
-4.3
-2.5
-0.8
-1.4
-0.6
-2.4
-2.5
-3.6
-2.8
-0.3
-2.0
-1.4
-2.4
-2.8
-4.9
-3.4
-2.8
-3.0
-1.8
-2.0
-0.8
-0.4
-2.3
-1.2
-1.9
-3.0
-3.0
-2.8
-1.6
-0.4
-2.3
-4.4
-1.4
0.1
-3.4
-2.4
-2.9
-1.7
0.4
-3.5
-3.2
-2.0
-3.0
-0.4
-3.7
-3.4
-2.9
-5.0
-2.1
-3.2
-2.0
-2.1
-3.3
-3.7
-0.9
-3.0
-3.2
-7.0
-2.4
-0.3
-2.5
-1.7
-2.7
-1.8
-4.6
-2.7
-2.0
-1.0
-3.0
-4.2
-1.9
-3.5
-0.7
-0.6
-0.3
-4.2
-3.5
-0.3
-0.7
-2.1
-2.2
-2.7
-1.6
-2.0
-1.9
-2.5
-1.7
-3.9
-0.4
-1.2
-2.8
-2.9
-0.6
-1.8
-2.4
-4.2
-3.2
-1.1
1.5
-2.0
-0.9
-1.0
-1.4
-4.1
-1.1
-1.0
-1.7
-1.7
-2.6
-3.1
-1.2
-2.2
-3.3
-2.9
-0.9
0.4
-2.9
-2.0
-3.6
-3.8
-1.7
-5.0
-2.1
-0.5
-4.0
0.3
-2.1
-1.7
-3.6
-2.5
-2.9
-1.4
-1.2
-2.1
-1.4
-0.6
2.5
3.6
2.8
3.7
6.8
5.3
8.0
7.1
12.0
13.6
14.6
17.0
14.3
15.8
13.8
12.3
18.2
18.5
19.4
16.8
11.8
12.1
9.6
8.3
7.4
8.7
4.6
3.5
6.5
6.7
5.2
3.9
3.8
4.2
4.8
2.9
5.1
3.6
0.0
2.4
4.3
1.6
-0.8
2.3
-0.2
1.5
-2.8
0.5
-0.1
-2.3
0.6
3.2
2.4
-1.9
-1.6
-1.9
1.4
-0.8
-3.7
-1.7
-2.8
-4.8
-1.6
-4.1
-1.9
-0.3
-2.0
0.0
-1.0
-2.8
-0.5
-1.9
-1.3
-2.5
-6.9
-3.8
-4.4
-2.8
-2.6
-6.5
-1.7
-0.3
0.3
-1.8
-6.4
-1.0
-2.6
-1.7
-6.0
-4.8
-1.7
-5.3
-5.7
-0.9
-1.5
-2.4
-2.2
-3.5
-0.8
-1.9
-5.2
-5.9
-2.0
-3.9
-1.0
-2.2
-4.4
-5.1
-6.5
-4.9
-1.2
-0.6
-1.2
-2.8
-4.6
-4.1
-9.5
-2.6
-1.1
-0.4
-1.6
-4.0
-1.1
-0.7
-2.5
-2.7
-1.5
-1.9
1.2
-1.1
-1.5
-2.0
-4.0
-5.5
-5.0
-2.7
-1.2
-3.2
-3.9
-1.7
-4.0
-0.6
-1.5
-2.2
-3.0
-4.7
-1.2
-2.9
-0.9
-3.8
-3.7
-2.7
-3.2
-1.9
-4.5
-5.8
-3.5
-2.6
-5.9
-6.0
-6.5
-0.9
-0.4
-1.7
-3.6
-3.0
-1.9
-0.9
-2.4
-2.1
-2.3
-1.6
-2.5
-1.0
-1.9
-3.0
-3.4
-1.8
-3.9
-1.2
-5.1
-3.6
0.7
-2.1
-0.7
-1.2
-1.0
-3.0
-4.5
-4.0
-4.4
-3.6
-6.3
-2.8
-0.9
-1.9
-1.3
-0.5
-0.6
-1.0
-5.1
-3.7
-5.1
-1.0
-1.6
0.0
0.0
-4.9
-6.7
-4.8
-3.6
0.0
-2.0
-5.1
-4.8
-1.4
-4.1
-1.4
-2.1
-3.0
-3.1
-3.2
0.2
-0.4
-3.7
-2.4
-3.3
-1.4
-2.1
-4.5
-2.5
-3.8
-3.7
-2.4
-3.0
-0.1
-1.4
-1.5
-1.6
-1.7
-0.4
-3.8
-3.7
-1.8
-0.6
-4.7
-4.5
-4.3
-1.1
-3.0
-3.6
-2.9
-2.3
-2.2
-2.6
-4.9
-3.7
-2.5
-2.0
-1.5
-2.2
-3.8
-0.5
-1.9
-0.8
-0.3
-0.4
-2.4
-4.2
-2.4
-4.3
-1.5
-4.4
-3.2
-2.0
-3.3
-0.3
-2.5
-3.7
-2.2
-3.4
1.5
-0.8
-0.9
-0.5
-2.5
-1.7
-2.4
-2.8
-2.6
-4.2
-3.7
-2.5
-3.2
-1.4
-2.5
-3.1
-2.6
-2.9
-2.4
-2.6
-2.9
-3.3
-2.6
-0.9
-2.3
-5.4
-2.8
-1.2
0.5
-1.2
-2.4
-4.0
-7.1
-3.9
-5.3
-5.4
-2.8
-4.4
-0.6
-0.6
-2.3
0.4
-4.1
-2.2
-2.3
-3.9
-3.0
-2.7
-3.3
-4.4
-4.7
-4.7
-2.5
-5.1
-4.4
-2.9
-4.3
-5.6
-1.1
-1.4
-1.3
-2.4
-1.8
-3.3
-2.3
-6.1
-3.9
-2.2
-2.5
-2.4
-2.1
0.6
-0.3
-1.1
-5.5
-4.0
-3.8
-2.3
-2.0
-4.5
-0.7
-3.5
-2.6
-3.7
-5.8
-3.4
-5.5
-3.5
-2.5
-0.4
-4.1
-2.4
-3.1
-4.3
-3.8
-2.8
-2.9
-1.0
-2.0
-3.4
-4.0
-0.8
-4.0
0.2
-3.2
-3.4
-3.2
-2.7
-4.3
-0.5
-1.5
-2.2
-4.0
-3.7
-5.1
-2.9
-2.8
-2.1
-2.9
-3.1
-3.2
-0.9
0.0
-4.5
-2.0
-4.4
-2.4
-3.6
-3.7
-3.4
-2.2
-2.6
-1.8
-1.9
-0.6
-2.9
-4.2
-3.9
-2.0
-1.6
-3.9
-3.4
-3.2
-3.8
-3.1
-1.0
-1.3
-1.2
-3.2
-0.3
-0.4
-4.1
-2.1
-4.0
-4.9
-3.2
-4.4
-2.3
-3.9
-5.8
-4.1
-4.6
-3.7
-3.4
-3.1
-2.9
-3.3
0.6
-2.2
-2.9
-1.8
-2.6
-1.4
-2.9
-3.2
-1.5
-4.3
-6.0
-3.7
-2.8
-4.1
-3.0
-3.8
-3.4
-5.5
-2.6
-2.6
-2.6
-5.3
-6.4
-6.5
-2.6
-5.2
-2.6
-5.0
-2.8
-0.9
0.1
-2.6
-2.8
-3.3
-3.8
-3.3
-4.7
-5.8
-5.0
-3.5
-3.4
-4.4
-3.6
-2.3
-2.4
-3.0
-2.8
-0.9
-2.3
-2.1
-5.0
-1.1
-3.4
-3.8
-2.7
-1.2
-1.8
-3.3
-5.5
-6.3
-4.1
-4.3
-4.2
-1.1
-2.5
-1.5
-4.0
-4.3
-4.0
-4.1
-3.7
-4.2
-3.8
-4.3
-3.9
-2.1
-3.5
-3.5
-4.6
-3.4
-1.5
-3.0
-2.4
-3.2
-1.2
-4.0
-3.5
-5.0
-3.4
-4.6
-1.7
-3.2
-1.7
-2.7
-4.3
-3.4
-3.9
-5.7
-4.2
-2.9
-3.7
-3.6
-4.0
-3.4
-0.5
-0.6
0.9
0.5
-1.9
-1.2
3.5
6.8
9.5
11.8
14.8
14.6
17.4
16.2
20.2
19.5
21.9
22.7
19.9
14.4
13.7
13.4
15.0
13.9
11.1
13.9
12.5
12.6
9.6
9.8
9.7
6.8
5.0
7.7
7.0
7.4
5.0
3.9
4.5
2.5
1.0
3.6
5.2
2.2
1.2
-1.1
-0.5
1.5
0.3
0.7
1.1
1.6
1.0
3.5
2.7
0.7
-1.3
-4.0
0.5
-2.4
-4.3
-2.1
0.0
-0.4
-0.5
-3.3
-5.3
-5.0
-3.1
-1.2
-1.6
-2.4
-3.9
-3.8
-3.0
-5.3
-0.1
0.3
0.6
-1.6
-7.4
-5.9
-5.1
-3.4
-1.0
-0.4
-0.6
-1.4
-4.3
-4.3
-4.6
-4.4
-5.1
-1.7
0.0
-3.8
-1.4
-2.4
-3.1
-3.0
-2.6
-3.4
-2.8
-1.6
-1.0
-1.3
-5.0
-3.8
-2.6
0.1
0.2
-2.0
-1.3
-1.2
-2.5
-4.3
0.0
-0.6
0.6
-2.3
-0.5
-3.7
1.5
-0.8
-2.7
-1.7
-0.5
-2.3
-0.6
-4.3
0.3
-1.4
-0.9
0.0
-4.1
-2.9
-4.0
-2.9
0.0
-1.5
-1.9
0.8
-3.4
-2.2
-1.0
0.0
1.4
-0.7
-1.6
-4.1
-4.6
-2.2
-4.6
-2.0
-1.8
-0.6
1.0
-0.2
-2.6
0.0
-0.9
-2.1
-1.8
-1.9
-1.0
-0.1
-1.4
-0.4
-2.1
-2.2
-5.2
-1.0
-0.1
-0.2
0.0
-5.1
-4.5
-1.7
-2.7
-0.3
-3.7
-2.7
-3.5
-2.5
-2.9
0.2
0.4
-1.7
-1.9
-3.2
-2.4
-4.1
-1.3
-2.0
-1.1
-1.7
-3.9
-4.9
-6.0
-2.9
-0.1
-2.6
-4.4
-3.1
-0.3
-0.5
-2.7
-2.9
-2.0
1.1
-1.3
-0.1
-2.4
-1.2
-2.1
-2.4
-4.6
-2.5
-2.9
-1.7
0.4
-0.9
-1.9
-2.9
-1.0
-2.6
-1.8
-0.5
-1.0
-2.7
-4.3
-2.9
-1.4
0.1
0.5
-1.3
1.7
-2.7
-2.0
-2.2
-2.9
-1.8
1.2
-3.4
-3.2
-2.2
-3.7
-1.8
-3.8
-3.7
-4.0
-3.2
-4.6
1.0
-0.9
0.7
-1.8
-2.2
-2.8
-3.2
-2.3
-0.4
-1.2
-1.9
-0.6
-0.4
-1.3
-1.3
-2.6
-1.9
-1.6
-1.6
-4.3
-2.3
-2.1
-0.2
-2.9
-2.7
-3.7
-3.1
-2.7
-2.1
-2.4
0.9
0.6
-0.9
-0.6
-3.7
-3.9
-3.9
-6.0
-3.9
-1.5
-2.1
-1.3
-2.7
-3.1
-0.9
-1.9
-2.3
-1.5
-5.6
0.0
-2.5
-3.3
-5.6
-2.4
-3.6
-1.6
-2.5
-1.9
-1.6
-3.6
-4.7
-0.3
-0.9
0.0
-1.5
-2.5
-2.1
-2.8
-1.6
-3.2
-0.5
0.6
-0.4
-2.4
-4.0
-3.5
-0.8
-0.7
-0.4
2.3
-0.4
0.9
1.6
2.5
3.9
6.5
4.8
7.2
8.2
10.4
12.2
14.9
15.1
16.6
17.3
14.0
12.8
14.5
12.7
10.9
7.8
5.7
9.1
7.1
5.7
4.0
3.7
2.3
4.9
3.3
3.8
2.4
0.9
3.2
1.6
0.8
-1.3
1.0
1.6
1.7
0.1
0.3
1.8
1.7
0.7
0.8
-1.5
-0.6
-0.8
-1.9
-3.3
-1.4
-2.0
-1.5
-2.5
-1.9
-2.5
-1.2
-3.6
-2.2
-1.6
-3.6
-1.5
-3.2
-1.9
-0.9
-2.1
-0.6
-3.4
-3.3
-0.6
-3.3
-1.9
-1.9
-3.9
-1.3
-2.2
-1.1
-1.0
-3.1
-2.9
-2.3
-4.3
-3.7
-3.7
-2.8
-1.0
-1.0
-2.7
-2.6
-2.1
-2.3
-5.4
-1.6
-1.8
-1.9
-2.2
-5.8
-0.5
-1.1
-2.3
-0.4
-2.8
-1.5
-3.1
-2.3
-4.2
-2.2
-2.3
-3.6
-2.6
-3.3
-2.5
-2.7
-1.5
-2.5
-4.6
-2.8
-5.4
-0.8
-2.6
-1.0
-2.8
-5.9
-4.5
-1.9
-0.9
-2.6
-5.0
-1.9
-3.7
-3.1
-1.3
-4.0
-4.6
-4.0
-1.5
-0.7
-0.5
-3.9
-1.6
-0.2
-2.1
-2.4
-4.0
-1.2
-4.4
-2.8
-3.4
-2.8
-1.2
-3.9
-2.8
-3.3
0.3
-1.3
-4.4
-2.1
-5.4
-3.0
-3.5
-3.0
-2.9
-3.1
-2.7
-2.8
-2.2
-3.2
-2.7
-2.3
-1.1
-2.0
-1.4
-2.2
-1.9
0.0
-1.4
-1.6
-4.2
-3.9
-4.1
-4.6
-4.9
-1.9
-1.5
0.0
-3.7
-1.6
-3.6
-0.6
-1.6
-4.2
-3.3
-6.4
-2.6
-4.3
-2.6
-2.8
-3.4
-4.0
-5.3
-4.8
-4.1
-3.5
-5.8
-3.6
-2.4
-4.8
-3.8
-4.8
-1.5
-3.2
-4.9
-6.9
-4.6
-5.7
-4.2
-4.3
-5.7
-4.4
-3.2
-2.3
-4.8
-1.1
-1.1
0.0
0.0
-1.5
-1.7
0.3
2.3
4.5
7.6
6.8
5.6
5.9
10.5
11.6
8.7
13.8
15.6
16.9
14.1
10.9
10.3
6.5
6.6
6.2
9.7
5.9
3.1
3.9
2.9
2.2
1.2
2.3
3.7
4.1
3.7
1.2
1.9
-2.2
-0.1
0.1
-2.1
-0.5
-0.2
1.1
2.3
0.1
0.5
2.0
-3.5
-0.7
0.7
-0.6
-1.8
-3.6
-1.3
-0.9
-1.9
-3.7
-1.7
-1.2
-3.7
-0.7
-2.1
-2.0
-1.5
0.1
-1.2
0.0
-2.8
-1.2
-0.7
-1.5
-3.7
-2.2
-0.6
-1.4
0.3
-3.4
-3.7
-1.8
-2.3
-2.4
-0.9
-2.4
2.0
-1.2
-2.8
-0.7
-1.4
-0.2
-1.0
-2.1
0.0
-1.1
-2.2
-2.8
-3.9
-2.4
-4.5
-0.2
1.1
0.3
-0.7
-3.0
-0.4
0.5
-0.9
0.1
0.3
0.1
-1.9
0.6
-0.6
2.0
-0.7
1.1
1.3
-2.5
0.0
3.2
1.7
0.1
-4.0
-2.9
-0.7
0.0
-1.1
-2.4
-2.7
-1.2
-1.2
-2.0
0.6
3.7
3.7
0.4
-2.3
-1.2
-2.1
-4.5
-0.4
-3.9
-3.9
-1.5
0.9
0.3
3.3
0.9
0.9
1.8
-2.1
0.8
0.2
-2.8
-3.1
-1.6
-0.9
0.5
-0.6
-3.3
-2.3
-0.7
-1.4
1.6
-0.7
-4.1
-1.3
-2.1
-0.4
1.1
-2.9
-0.6
-2.6
-0.5
-0.5
-1.7
-3.7
-3.3
-1.4
-0.7
-2.1
-0.9
-2.4
0.2
-1.1
-1.4
0.3
-0.7
-0.2
-1.4
-2.3
-2.8
-1.1
0.6
-2.3
0.3
-1.9
-2.8
-0.3
-1.0
-0.5
-1.6
-2.4
-2.7
0.1
-1.7
-0.5
-0.1
-0.7
-0.4
0.0
0.0
-0.2
-2.1
-1.3
0.1
0.8
-0.1
-0.3
1.5
-0.5
0.1
-1.1
1.0
0.9
-0.6
0.0
1.4
1.6
-2.6
0.2
0.0
-3.5
0.0
0.8
2.2
0.7
-1.7
-1.5
0.4
-1.6
-0.1
-1.1
2.1
-0.6
0.0
3.2
-0.1
0.2
1.3
-0.1
1.6
-0.7
-3.0
1.8
1.4
0.7
1.5
0.5
-0.5
1.0
-1.7
1.2
1.8
0.5
0.4
2.5
3.2
3.5
0.2
-1.1
-0.6
-2.0
-0.6
0.6
0.0
-0.6
-1.1
-0.1
2.0
1.5
1.6
0.2
2.0
0.6
2.2
0.9
-1.2
-2.4
0.4
0.6
-0.3
2.4
0.6
2.7
-0.8
-2.1
-0.6
0.3
-2.6
-2.0
0.4
-0.5
-0.4
0.6
-0.1
0.2
-0.7
-2.5
-1.6
-1.8
-2.2
-1.4
-1.2
-0.3
-0.7
-2.3
-3.0
-2.5
-1.4
-1.8
-3.5
-2.2
-1.8
-1.0
-3.9
-5.4
-2.5
-0.8
-1.2
-1.7
-7.2
-3.3
-1.2
-3.3
-4.2
-3.7
-3.3
-9.4
0.3
-1.6
-0.3
-3.7
-4.3
-1.1
-1.8
-1.2
-1.7
-1.2
-1.4
-3.4
-0.7
-1.2
-3.8
1.2
-0.3
1.9
0.8
-0.1
-0.6
1.4
4.4
6.0
6.1
8.4
8.9
13.1
11.2
16.0
15.8
15.9
20.2
18.8
19.7
17.8
17.8
19.5
19.1
15.0
17.1
14.3
15.3
12.4
10.7
12.5
8.2
10.9
10.4
10.4
4.7
8.5
8.1
10.7
5.8
6.5
7.9
6.7
5.6
2.7
6.2
4.4
2.5
4.8
3.5
4.3
2.1
3.9
4.7
3.5
2.7
3.1
4.2
4.8
3.6
1.0
0.9
-0.1
-0.1
-0.2
-0.2
1.1
1.4
1.8
-1.0
0.2
-1.7
-2.0
-1.4
-0.3
-0.4
-1.4
-1.8
-1.0
0.5
0.3
-1.7
-2.1
-0.9
-1.3
-0.6
-3.1
-3.4
-2.8
-3.2
-1.1
-2.5
-0.3
-4.4
-2.4
-0.7
-0.8
-4.8
-2.6
-0.1
-0.9
-0.2
-3.3
-1.9
0.5
-2.9
-1.1
-1.2
-1.0
0.0
-0.8
-2.0
-2.3
-2.6
0.0
-1.6
0.6
0.4
1.2
0.4
-2.6
-0.7
-1.0
-0.5
-0.5
-1.7
0.1
-1.0
-0.3
0.7
-0.6
0.3
-1.1
-1.6
-1.1
0.1
-0.1
-1.1
-0.8
-2.5
1.6
-2.1
-0.3
-0.6
-1.2
-2.2
-3.7
0.0
-0.4
-0.2
-1.9
-2.5
-2.5
0.3
1.2
-0.6
-1.3
-1.5
-2.1
-1.0
-4.6
-1.8
-0.9
-1.7
-1.3
-0.3
-2.1
-0.5
-4.2
1.0
-0.6
-0.2
0.8
-2.0
-0.4
-0.3
0.3
0.6
-1.6
-1.9
0.0
-0.2
-1.5
-1.6
-2.2
-1.6
-3.0
-0.1
-1.4
-1.2
-0.9
-0.8
-0.4
-0.6
-0.6
-2.0
-0.8
-1.8
-0.8
0.9
-2.3
-2.8
-0.2
-0.7
-1.2
-1.5
-1.4
-3.5
-1.9
1.8
0.8
2.0
-2.9
-0.8
-1.8
-3.1
-0.8
1.2
1.4
-1.1
-2.0
-1.5
-0.1
-0.8
-0.8
-1.0
-2.0
-2.2
-2.4
-1.8
-3.5
-0.1
0.1
-1.1
-1.8
-2.5
-2.7
-1.7
-0.3
1.3
1.0
-1.1
-2.9
-2.3
-0.7
-0.1
-0.8
-1.1
-2.0
-2.1
-1.0
-1.3
-1.6
-1.2
-2.0
-3.0
-1.1
-2.2
-0.9
-0.8
-2.5
-0.7
-1.6
-1.1
-2.4
-1.5
-2.4
-1.5
-1.2
-0.2
0.1
-2.2
-1.4
-0.9
-0.9
-1.4
-3.4
-6.2
-0.5
-1.5
1.4
-0.1
-2.0
-2.6
-2.6
-0.2
0.4
0.2
-3.9
-1.7
-1.0
-2.4
-2.9
0.5
0.2
-0.2
-2.1
-1.9
-1.2
-2.1
-3.7
-0.9
-0.2
0.9
0.0
-2.6
-1.2
-2.8
-2.4
0.8
-0.2
1.1
-1.6
-1.4
0.3
-2.3
-1.5
-3.6
-0.1
-1.7
-0.9
-1.4
-1.2
-0.7
0.3
-0.1
-0.9
-2.6
-4.6
-1.2
0.8
-0.4
-1.5
0.0
0.1
-3.2
-2.3
-3.0
-0.5
-1.2
-4.2
-1.3
0.4
-0.8
-2.9
-2.1
-2.8
-1.4
-3.5
-1.4
-0.3
0.5
-1.3
-1.5
-1.8
-1.9
-3.2
-2.5
-2.0
-3.7
-1.1
-3.7
-2.9
-1.7
-1.2
-0.6
-2.7
-0.5
-1.8
1.3
0.9
-0.2
1.0
1.0
2.5
3.0
5.4
7.3
4.7
7.3
10.5
15.1
15.4
15.1
16.7
20.0
19.8
18.1
19.5
21.2
20.0
20.4
18.4
13.5
16.3
13.4
14.8
14.0
9.1
11.1
9.6
10.6
10.6
9.0
8.2
7.4
6.5
6.8
7.5
4.5
4.1
6.1
3.9
3.1
3.1
3.2
5.3
3.7
2.5
1.2
0.5
0.1
2.7
3.7
3.4
0.6
3.2
2.9
2.4
0.8
-1.2
-1.5
0.3
0.2
1.7
-0.2
1.6
0.5
0.2
0.4
-1.9
-1.9
0.9
-1.9
1.8
-3.3
-0.7
0.0
1.3
0.6
0.3
-0.5
0.7
-0.1
-0.4
-3.4
-0.7
-3.4
-0.4
-0.9
-1.5
0.3
-1.7
-0.7
-3.0
-2.5
-0.4
-2.1
-2.3
-0.6
-2.0
-3.9
-2.7
-3.3
-1.7
-1.3
-1.7
-0.8
0.1
-1.3
-1.9
-3.2
-5.3
-3.0
-4.0
-0.5
-2.7
-2.2
-2.0
-2.3
-1.6
-3.7
-4.5
-4.6
-3.9
-4.8
-1.6
-3.2
-3.6
-4.3
-3.9
-1.8
-2.1
-1.0
-3.5
-3.4
-2.5
-4.1
-2.6
-3.7
-1.4
-2.0
-2.5
-3.4
-1.0
-2.3
-2.2
-2.1
-1.2
-2.5
-3.2
-5.7
-6.0
-4.3
-3.5
-0.4
-1.8
-5.6
-2.2
-4.1
-1.2
-2.0
-3.4
-4.0
-2.0
-5.5
-3.1
-3.7
-1.5
-0.8
-1.9
-5.8
-5.3
-5.2
-2.4
-0.3
-2.7
-3.9
-5.2
-6.0
-2.4
-3.7
-3.1
-2.0
-2.6
-3.0
-3.1
-4.4
-2.5
-4.1
-4.4
-2.9
-5.6
-2.0
-2.7
-1.9
-1.6
-2.2
-7.1
-1.7
-3.3
-2.9
-2.7
-6.8
-3.5
-1.5
-3.9
-4.3
-6.3
-3.3
-0.3
-0.7
-2.9
-4.8
-3.4
-2.3
-4.9
-6.1
-5.9
-4.3
-4.7
-4.4
-5.8
-3.1
-1.0
-2.0
-2.7
-1.5
-3.1
-3.7
-6.2
-6.7
-3.6
-3.1
-1.3
-0.6
-3.3
-4.0
-6.3
-8.0
-5.4
-6.7
-4.2
-8.1
-2.1
-4.4
-2.9
-2.9
-6.6
-4.4
-5.8
-6.9
-9.5
-2.4
-3.9
-3.4
-3.4
-3.5
-4.5
-5.3
-5.4
-3.9
-2.4
-5.8
-5.0
-5.0
-5.0
-6.0
-2.5
-2.8
-6.6
-5.8
-5.0
-6.3
-3.7
-6.6
-5.6
-3.0
-5.2
-2.4
-4.9
-7.6
-5.7
-6.1
-6.6
-2.8
-4.3
-2.7
-5.1
-9.3
-8.8
-6.4
-4.6
-4.2
-2.5
-3.8
-5.1
-5.9
-7.8
-4.8
-4.6
-6.9
-3.3
-3.3
-4.3
-5.3
-6.5
-5.6
-5.0
-6.2
-6.2
-4.5
-4.5
-4.6
-4.5
-8.2
-5.9
-3.8
-4.1
-4.0
-1.5
-2.7
-4.6
-7.3
-7.2
-4.8
-3.9
-2.0
-3.7
-7.1
-8.0
-4.8
-3.1
-0.3
0.8
3.3
0.7
1.5
3.4
7.2
8.2
8.0
14.0
15.4
14.2
16.4
12.1
19.0
19.2
17.3
14.6
14.9
15.6
14.7
14.3
12.0
16.8
13.1
9.9
9.8
6.2
6.7
4.4
8.2
10.1
8.3
6.8
4.5
2.3
2.1
0.3
1.0
2.4
0.0
-0.2
0.3
-0.5
1.0
-1.5
0.8
1.3
0.0
-0.5
0.4
-1.0
1.0
-1.9
-0.9
1.4
0.0
-0.5
-2.4
-4.0
-4.9
-3.8
-1.6
-3.2
-5.3
-3.3
-3.1
-0.1
-1.7
-3.8
-3.3
-3.6
-5.0
-5.2
-3.4
-3.8
-1.2
-3.9
-3.4
-3.5
-4.0
-2.1
-2.6
-0.4
-0.6
-4.1
-3.8
-5.5
-5.5
-5.9
-4.2
-1.7
-3.8
-4.4
-2.3
-2.7
-5.1
-3.0
-4.0
-5.8
-3.3
-4.0
-1.9
-4.3
-6.9
-5.6
-2.8
-2.5
-3.4
-3.2
-4.1
-5.7
-2.8
-7.7
-3.7
-2.1
-2.4
-1.7
-4.1
-4.7
-5.0
-8.2
-9.3
-4.6
-1.8
-2.7
0.5
-4.4
-1.1
-4.0
-4.7
-3.0
-4.7
-4.5
-3.7
-6.2
-5.0
-5.5
-2.9
-1.6
-4.6
-2.9
-2.9
-3.0
-5.2
-3.1
-4.0
-1.1
-4.7
-5.2
-2.0
-2.3
-3.6
-3.3
-5.4
-4.3
-3.9
-4.5
-3.7
-3.4
-5.0
-3.2
-3.3
-4.4
-3.1
-4.1
-4.1
-2.7
-1.5
-2.4
-5.6
-2.1
-2.4
-1.2
-2.8
-7.0
-5.3
-6.9
-3.8
-4.4
-2.5
-3.8
-3.1
-1.5
-1.6
-3.3
-3.7
-4.4
-5.4
-7.0
-4.2
-4.9
-4.5
-6.0
-8.5
-6.8
-4.6
-2.2
-2.9
-4.0
-5.5
-3.6
-4.8
-6.0
-9.2
-4.1
-7.7
-2.8
-4.3
-3.7
-6.9
-3.2
-6.3
-5.7
-6.4
-5.7
-2.5
-5.7
-2.6
-1.9
-1.8
-3.1
-4.3
-4.9
-4.7
-6.7
-8.2
-4.2
-3.3
-4.2
-3.4
-5.6
-5.1
-2.7
-6.0
-5.5
-3.8
-4.6
-3.4
-5.1
-4.4
-6.0
-3.0
-5.4
-3.6
-4.2
-5.5
-4.1
-3.5
-4.4
-2.3
-2.5
-1.2
-2.4
-4.8
-1.2
-5.8
-4.1
-2.0
-2.9
-2.0
-6.6
-5.5
-2.7
-3.5
-1.4
-4.4
-0.1
-3.7
-4.8
-0.6
-1.7
-1.7
-3.9
-4.9
-3.2
-2.4
-4.0
-3.9
-3.4
-1.2
-0.3
-1.9
-2.6
-4.0
-3.4
-3.7
-3.5
-2.0
-4.9
-2.9
1.2
0.3
-0.6
-2.1
-3.2
-2.4
-4.3
-5.6
-4.4
-7.9
-3.2
-2.0
0.3
-1.2
-4.4
-5.2
-3.3
-4.7
-7.0
-3.9
-3.4
-1.2
-1.1
-4.3
-2.3
-4.1
-5.8
-7.5
-4.0
-3.9
-0.2
-2.1
-6.3
-3.9
-4.0
-3.5
-3.4
-3.4
-2.4
-3.5
-4.6
-4.5
-2.7
-3.1
-6.8
-1.7
-2.5
-5.0
-3.1
-6.4
-4.2
-3.2
-2.9
-0.9
-4.6
-4.0
-3.5
-3.8
-7.8
-2.6
-3.1
-1.4
-4.5
-5.6
-2.7
-2.1
-5.0
-3.5
-7.5
-3.3
-1.1
-1.6
-4.1
-4.1
-3.8
-5.7
-6.2
-2.7
-3.7
-4.5
-4.2
-4.8
-3.0
-3.0
-3.7
-1.4
-6.2
-8.2
-1.3
-4.2
-4.0
-1.8
-5.4
-2.1
-5.7
-7.8
-1.1
-3.0
-0.7
-2.8
-5.1
-5.5
-2.6
-1.3
-2.3
-2.9
-3.2
-4.0
0.3
1.3
3.5
4.4
5.3
7.2
9.0
10.9
15.8
16.2
17.9
14.8
17.7
16.5
8.3
16.5
13.7
12.3
11.3
9.0
9.5
9.0
5.1
2.2
6.8
1.4
0.8
2.2
3.7
2.7
4.0
2.1
-0.2
3.4
-1.0
-0.1
-0.3
0.7
1.9
-2.2
-2.7
0.6
-0.7
-0.5
-0.8
0.0
0.1
-5.5
0.3
0.2
1.2
-3.4
-3.2
-5.2
-2.6
-1.7
-1.2
-0.5
-1.9
-3.7
-0.7
-0.7
-0.2
-0.5
-2.2
-5.6
-4.1
0.8
0.8
1.0
-3.3
-3.8
0.4
-1.7
-0.9
-1.5
-0.3
-3.9
-1.7
-2.9
-3.7
-2.5
-2.2
1.6
0.7
-2.7
-1.0
-0.8
-3.0
-2.8
-1.6
2.1
-0.6
-1.2
-2.0
-1.6
-3.2
-2.0
-2.3
1.3
-1.2
-4.0
-1.1
-5.0
-0.8
-2.6
-2.9
-3.3
-4.7
-0.7
-0.6
0.3
-1.8
-1.9
-3.8
-4.0
-3.9
-3.1
-3.0
-7.2
-3.1
-2.2
0.3
-1.3
-3.8
-2.5
-2.2
-3.9
-4.2
-4.5
-4.1
-3.6
-4.2
-3.2
-1.5
-1.8
-2.7
-3.0
-5.2
-4.2
-1.4
-2.6
-2.0
-4.4
-3.4
-4.8
-2.4
-4.9
-0.6
-2.6
-1.6
-2.7
-4.4
-0.7
-1.1
-2.1
-1.6
-4.8
-3.6
-5.0
-4.1
-1.5
-3.5
-2.2
-4.9
-1.6
-2.5
-5.1
-2.4
-1.1
-1.7
-3.4
-4.1
-4.3
-3.5
-2.9
-2.1
-1.7
-5.1
-4.8
-4.2
-3.2
-2.2
-0.9
-5.2
-4.2
-6.8
-5.0
-1.7
-1.7
-0.1
-1.3
-5.2
-6.5
-4.2
-3.9
-2.7
-1.5
-0.4
-0.9
-3.0
-3.2
-3.4
-8.9
-3.1
-4.9
-3.2
-0.7
0.1
-0.3
0.0
-6.6
-3.4
-5.0
-6.5
-1.7
-2.4
-2.7
-1.2
-1.8
-2.4
-2.8
-2.2
-2.8
-2.6
-3.8
-5.3
-2.2
-1.8
-1.2
-2.8
-2.1
-3.9
-1.5
-7.5
-5.3
-4.3
-2.5
-2.1
-3.6
-1.5
-2.2
-4.4
-5.6
-2.2
-1.5
-1.6
-2.8
-4.2
-1.8
-3.8
-4.6
-2.8
-1.9
-1.5
0.1
-0.3
-1.0
-1.0
-2.9
-2.9
-3.0
-2.3
0.2
0.7
4.3
6.2
9.2
9.2
9.4
9.9
13.1
13.9
14.3
15.6
15.6
17.6
15.1
14.0
6.8
13.3
10.8
13.9
11.6
10.0
8.3
9.4
7.4
4.7
6.9
4.4
4.2
3.8
1.0
3.6
4.2
5.6
4.1
2.7
2.8
1.5
-0.4
0.8
0.0
1.8
0.9
0.0
1.5
1.5
-3.0
-1.1
-0.2
1.7
1.9
-0.6
-0.8
-1.5
-3.6
-1.9
0.1
0.2
-0.6
-1.6
-2.1
-3.0
-2.5
-3.3
-1.3
-0.4
-1.0
-2.3
-1.4
-2.7
-2.4
-3.4
-2.1
-1.3
-3.3
-1.6
-2.4
-1.8
-1.0
-2.0
-3.1
-1.9
-5.8
-4.9
-2.6
-6.8
-3.3
-1.4
-3.6
-2.3
-4.4
-1.4
-1.0
-3.8
-5.5
-3.2
-1.2
-4.3
-2.3
-2.4
-6.5
-2.1
-3.0
-5.5
-0.6
-3.9
-2.0
-2.1
-7.3
-5.0
0.0
-0.1
-1.4
-3.8
-5.3
-5.3
-4.3
-8.1
-4.3
-5.8
-3.6
-3.7
-4.6
-3.1
-4.1
-2.1
-3.7
-3.3
-5.0
-7.5
-2.2
-1.0
-1.4
-1.2
-3.0
-4.3
-3.2
-4.9
-4.0
-3.3
-5.2
-5.7
-2.5
-3.2
-2.7
-3.0
-4.3
-2.3
-2.8
-2.5
-2.5
-5.1
-1.7
-2.0
-2.3
-3.4
-7.6
-3.0
-2.7
-2.8
-5.2
-6.2
-3.5
-6.2
-4.9
-5.5
-1.7
-2.4
-2.0
-0.9
-1.6
-1.9
-3.7
-3.4
-3.9
-8.8
-4.3
-3.4
-0.4
-0.9
-3.6
-2.8
-3.9
-4.4
-4.2
-5.8
-5.4
-3.2
-2.1
-0.9
-4.8
-4.2
-3.3
-4.1
-3.3
-4.5
-4.7
-5.5
-5.4
-5.3
-2.1
-3.3
-3.2
-0.4
-2.1
-1.2
-5.6
-4.1
-1.4
-1.7
-0.5
-2.2
-2.4
-2.2
-0.7
-0.5
-0.7
1.2
2.2
6.5
9.1
12.3
14.2
20.3
18.2
18.1
26.7
27.2
30.8
28.6
25.8
27.8
24.1
29.9
27.7
27.9
26.8
25.5
25.8
25.4
23.8
20.6
23.1
19.8
18.5
18.7
15.1
14.3
14.9
10.1
10.0
12.8
9.7
10.7
10.8
10.1
8.9
6.5
3.8
5.1
2.2
2.7
2.2
1.5
3.6
1.4
4.8
0.3
1.1
2.7
0.0
1.1
-0.7
-0.7
2.5
1.8
2.6
0.7
-1.1
-2.0
-4.2
-4.6
-5.7
-5.0
-0.9
-2.7
-1.3
-3.5
-3.7
-2.8
-3.4
-4.5
-4.1
-5.1
-3.8
-5.2
-3.9
-2.4
-3.2
-3.3
-2.2
-3.1
-2.9
-2.2
-3.2
-1.6
-2.1
-2.8
-5.3
-3.8
-4.4
-5.0
-4.0
-2.5
-2.3
-2.4
-4.6
-0.6
-1.1
-1.7
-0.5
1.7
0.0
-2.9
-3.0
-4.6
-1.5
-1.1
-0.9
0.0
-5.9
-4.3
-2.4
-3.3
-4.8
-2.4
-3.7
-1.6
-4.8
-4.3
-3.5
-4.3
-3.7
-3.9
-3.5
-3.1
-2.5
-4.9
-3.3
-3.7
-0.9
-7.5
-4.6
-5.8
-4.2
-0.1
-4.3
-4.4
-3.9
-1.7
-0.8
-1.6
-3.3
-4.8
-6.0
-2.9
-4.9
0.6
0.0
-3.4
-5.0
-3.7
-2.4
-1.2
-5.1
-5.8
-4.5
-1.8
-1.9
-3.9
-6.7
-5.1
-4.4
-1.7
-2.9
-5.5
-2.1
-6.7
-5.0
-3.3
-2.2
-3.0
-3.2
-2.2
-4.2
-4.2
-5.7
-2.9
-1.7
-2.9
-6.1
-4.0
-3.5
-3.7
-3.4
-3.6
-4.5
-1.8
-6.2
-4.4
-6.5
-1.9
-3.2
-4.7
-4.2
-4.3
-6.2
-3.7
-3.2
-2.3
-6.4
-4.8
-7.2
-1.2
-4.0
-4.9
-4.3
-5.7
-4.3
-3.6
-2.1
-4.3
-4.2
-4.9
-5.6
-4.6
-3.3
-3.9
-4.3
-5.1
-2.3
-2.2
-3.8
-4.9
-4.2
-3.0
-3.2
-3.9
-1.9
-4.0
-6.3
-2.1
-2.6
-2.2
-5.1
-4.3
-1.3
-3.1
-1.6
-3.6
-1.4
-4.7
-3.2
-0.9
-0.8
-1.9
-5.1
-2.5
-1.6
-2.2
-4.4
-4.8
-5.2
-5.2
-5.2
-2.2
-2.2
-0.6
-4.4
-5.1
-5.4
-2.7
-4.2
-3.1
-4.3
-2.7
-4.4
-4.3
-2.3
-3.2
-1.6
-3.2
-4.2
-2.8
-3.7
-4.8
-3.2
-3.9
-2.4
-5.1
-6.0
-4.1
-4.3
-2.0
-4.5
-5.6
-3.9
-4.5
-5.2
-4.9
-4.0
-3.5
-5.4
-5.8
-3.4
-3.3
-2.8
-4.2
-3.2
-4.8
-5.0
-3.4
-4.1
-2.3
-2.1
0.9
2.8
4.6
8.1
7.5
8.4
8.4
11.2
11.8
13.0
14.8
14.2
16.7
14.1
15.1
9.3
13.1
11.7
13.7
12.5
7.6
7.9
6.9
4.1
6.7
8.0
7.0
7.1
6.3
4.8
4.9
2.9
4.0
3.9
1.9
1.0
1.1
4.4
2.7
1.4
3.0
2.0
3.2
0.2
0.8
0.8
0.2
2.4
1.5
2.4
0.0
-0.7
1.1
0.7
1.6
1.0
0.1
-1.6
-2.0
4.3
3.6
2.8
3.2
1.2
5.6
2.2
2.2
4.2
4.3
3.7
3.7
5.0
6.4
7.1
7.0
7.7
8.5
9.4
11.6
10.1
11.8
12.8
14.4
14.8
15.9
14.9
19.2
18.2
21.6
21.8
22.2
23.1
19.9
22.6
23.3
23.9
19.4
22.4
23.5
24.1
22.7
19.9
19.5
19.2
19.1
17.7
17.3
15.0
14.1
9.6
11.2
14.6
12.4
12.7
6.0
9.9
10.5
8.8
6.1
8.6
6.7
4.9
-1.2
7.9
8.1
7.9
5.2
3.2
5.6
5.6
1.8
1.5
2.7
1.3
1.6
2.3
3.1
4.4
5.3
3.2
0.5
0.4
1.2
0.9
-0.7
1.6
2.5
0.1
-0.9
0.9
1.3
-0.6
-2.3
-2.4
-0.2
-1.0
0.9
0.5
1.0
-1.5
0.5
-0.9
0.5
-1.0
2.3
1.4
1.1
-1.0
0.0
-0.8
1.6
1.2
1.4
-0.5
0.9
0.7
2.4
-0.3
1.2
-0.5
1.3
0.6
0.2
3.6
3.2
3.9
5.3
3.9
5.9
5.3
5.4
7.1
6.7
6.9
8.5
7.4
6.4
3.7
8.7
8.5
9.6
6.5
6.4
9.9
13.3
12.0
9.4
7.6
9.2
11.1
10.1
9.1
12.3
10.3
11.2
10.3
9.4
11.9
11.3
11.6
12.2
9.8
9.2
11.6
11.6
11.9
11.6
12.0
13.6
12.0
12.9
11.3
12.9
11.4
11.2
10.5
10.2
9.9
8.2
11.1
13.1
12.0
14.4
11.8
13.6
10.4
10.2
8.8
9.9
9.8
11.1
11.3
11.2
10.0
11.0
10.7
11.6
11.2
10.5
11.1
10.7
12.0
7.9
10.5
9.7
9.3
9.0
7.3
10.2
10.3
13.0
10.9
10.9
11.5
10.2
11.4
10.3
7.6
11.5
11.8
11.7
10.6
8.7
9.9
9.4
8.3
6.2
7.3
8.5
9.1
8.9
9.1
7.8
8.3
7.6
7.3
7.3
5.8
6.8
6.2
6.7
6.4
5.6
5.4
6.5
5.7
6.5
7.2
8.5
7.0
6.4
6.1
5.9
5.4
4.4
6.3
7.7
9.2
8.1
7.5
8.0
7.7
5.6
6.2
5.9
5.3
5.2
6.5
6.5
7.1
7.8
8.2
9.4
7.5
7.6
7.8
7.0
7.6
7.2
7.2
8.2
7.8
8.6
7.3
8.1
8.2
7.9
8.6
9.1
8.7
9.6
9.1
9.5
10.7
9.1
7.8
7.7
10.0
10.3
12.5
11.9
11.9
10.8
10.4
9.9
11.3
11.1
11.3
10.5
11.0
11.6
12.1
11.2
10.9
12.1
12.0
9.6
9.8
10.0
11.6
11.3
9.9
11.2
10.9
11.2
11.7
12.4
13.2
10.6
11.1
11.4
11.7
12.4
12.4
11.3
11.2
11.6
12.6
12.6
11.5
8.7
8.9
9.4
11.8
14.8
14.5
13.7
11.0
10.8
12.3
12.8
14.2
14.7
13.4
12.5
11.3
12.2
12.5
12.6
10.4
9.7
8.2
5.0
3.8
2.5
2.6
2.1
-0.3
-3.0
-3.5
-2.8
-1.2
0.1
-2.7
-3.4
-3.6
-5.4
-2.1
-2.8
-3.7
-5.9
-7.1
-8.1
-9.5
-10.6
-11.0
-11.4
-11.5
-13.1
-14.4
-15.3
-16.6
-17.2
-16.4
-17.7
-19.7
-20.7
-20.6
-21.4
-21.0
-22.9
-25.2
-24.3
-24.3
-24.9
-26.9
-28.0
-28.9
-28.6
-28.1
-29.6
-30.0
-31.3
-32.4
-33.1
-33.4
-35.7
-35.2
-36.4
-36.6
-37.7
-39.0
-40.2
-41.1
-41.4
-42.2
-41.9
-44.6
-45.6
-44.3
-44.8
-45.0
-46.7
-49.0
-47.5
-46.1
-46.9
-46.6
-48.1
-48.5
-47.3
-46.9
-45.3
-46.3
-47.7
-50.6
-48.3
-44.5
-42.4
-42.2
-43.6
-46.4
-48.8
-50.2
-48.3
-43.2
-40.9
-42.0
-41.4
-44.5
-45.3
-45.1
-44.2
-42.4
-42.0
-41.7
-41.7
-41.9
-43.7
-41.7
-42.0
-42.0
-42.9
-44.3
-41.9
-42.3
-41.4
-42.9
-40.0
-41.7
-39.9
-41.2
-40.8
-42.0
-41.4
-42.6
-41.6
-41.2
-39.9
-39.2
-38.2
-37.1
-39.5
-37.8
-38.8
-39.0
-40.5
-42.5
-41.4
-42.8
-42.3
-42.0
-41.0
-40.3
-40.8
-41.0
-39.0
-41.2
-41.2
-42.0
-43.3
-39.1
-39.6
-38.9
-40.5
-41.0
-39.5
-38.7
-38.1
-37.4
-35.3
-36.3
-36.3
-34.2
-32.2
-32.6
-32.8
-32.8
-33.1
-31.9
-31.7
-31.9
-34.5
-33.6
-33.0
-30.4
-30.6
-30.7
-30.6
-29.1
-27.7
-27.1
-28.2
-28.0
-28.8
-29.9
-29.6
-32.0
-30.1
-28.7
-29.4
-27.4
-25.4
-25.3
-24.0
-24.8
-23.8
-23.3
-23.6
-24.3
-25.2
-26.2
-25.7
-24.8
-22.7
-22.9
-24.1
-24.5
-23.7
-22.3
-21.9
-21.8
-22.9
-21.2
-21.9
-21.4
-22.4
-22.2
-23.7
-25.1
-24.7
-25.7
-25.7
-24.3
-24.5
-23.8
-23.1
-22.8
-23.8
-23.7
-25.3
-23.1
-23.1
-24.1
-23.2
-23.0
-22.0
-20.7
-22.0
-21.0
-22.3
-23.7
-21.6
-18.8
-17.2
-16.2
-17.0
-15.6
-15.8
-17.5
-17.9
-17.2
-16.8
-17.5
-17.6
-15.5
-15.4
-15.1
-15.3
-14.9
-15.5
-14.8
-14.7
-15.2
-14.2
-14.8
-14.1
-14.3
-14.6
-13.4
-13.3
-13.0
-14.9
-14.3
-12.8
-12.6
-12.1
-12.8
-13.5
-12.1
-12.4
-12.8
-13.6
-13.5
-13.3
-12.8
-13.6
-13.3
-13.5
-13.5
-14.6
-14.2
-15.5
-14.6
-15.3
-14.7
-14.1
-14.6
-14.4
-15.5
-15.3
-16.3
-15.8
-16.4
-16.7
-17.7
-16.9
-18.2
-19.1
-19.6
-19.9
-20.2
-19.4
-20.0
-20.8
-22.0
-23.2
-22.6
-21.9
-21.7
-23.0
-22.8
-23.2
-23.2
-23.5
-24.7
-23.3
-24.2
-23.7
-24.9
-25.4
-24.7
-24.5
-25.3
-26.7
-26.5
-27.0
-28.0
-28.9
-29.4
-28.7
-28.9
-29.0
-29.9
-30.1
-31.3
-31.4
-32.4
-32.8
-32.3
-31.9
-31.6
-33.5
-32.6
-33.3
-32.2
-32.9
-33.5
-33.1
-31.6
-32.4
-31.4
-31.3
-32.1
-30.2
-31.1
-32.2
-32.3
-31.2
-31.0
-32.2
-30.7
-31.8
-30.5
-31.0
-31.2
-30.2
-30.5
-32.3
-30.8
-29.7
-30.6
-31.5
-29.6
-30.1
-29.5
-30.1
-29.8
-32.3
-32.1
-31.9
-29.6
-30.3
-30.1
-31.5
-33.8
-33.9
-32.9
-30.4
-30.2
-30.8
-31.6
-30.3
-33.8
-33.0
-33.2
-32.3
-31.9
-31.5
-31.5
-31.4
-32.4
-34.4
-33.5
-35.0
-34.3
-33.5
-32.1
-32.3
-33.3
-35.3
-35.3
-37.2
-36.5
-34.6
-33.2
-32.1
-32.8
-36.2
-35.8
-37.1
-35.1
-37.4
-37.6
-38.9
-37.8
-37.6
-38.0
-38.6
-39.6
-38.9
-39.4
-40.0
-38.1
-42.1
-41.5
-42.6
-42.0
-40.0
-41.4
-42.1
-41.0
-41.9
-42.0
-41.7
-40.9
-40.2
-40.2
-42.2
-42.3
-42.1
-42.0
-42.2
-42.1
-42.6
-42.5
-43.0
-42.2
-40.6
-40.0
-41.8
-42.3
-41.6
-41.0
-41.5
-41.8
-42.5
-42.3
-43.2
-43.8
-43.2
-42.2
-42.3
-42.3
-41.5
-42.0
-42.6
-42.8
-41.8
-42.8
-42.0
-42.3
-41.4
-41.7
-42.0
-41.9
-40.5
-42.2
-42.4
-42.6
-40.6
-41.4
-42.3
-42.8
-42.2
-41.2
-42.4
-42.2
-44.4
-44.7
-43.4
-43.3
-44.2
-45.7
-47.3
-47.1
-48.0
-48.9
-50.0
-51.2
-51.2
-51.2
-52.7
-51.8
-52.1
-52.5
-51.6
-52.2
-51.7
-52.3
-52.0
-49.4
-49.3
-51.2
-52.7
-51.5
-51.5
-50.6
-50.5
-49.3
-49.8
-51.4
-53.1
-52.3
-50.9
-49.9
-47.8
-48.0
-46.8
-50.5
-50.8
-52.6
-52.4
-50.6
-50.9
-50.2
-49.0
-49.2
-49.0
-50.4
-51.9
-53.3
-52.9
-53.7
-52.0
-51.7
-51.0
-50.8
-52.0
-52.4
-51.7
-52.2
-52.3
-52.5
-51.8
-52.4
-52.9
-52.5
-52.5
-52.1
-52.1
-51.6
-51.7
-51.5
-53.8
-52.2
-53.1
-53.9
-54.5
-54.2
-52.7
-53.3
-53.0
-52.7
-54.0
-54.4
-54.7
-55.4
-54.3
-53.2
-54.6
-53.2
-52.2
-54.0
-52.9
-53.2
-53.7
-54.1
-54.7
-54.9
-54.4
-54.4
-54.6
-52.7
-54.0
-54.1
-54.2
-54.2
-54.6
-54.1
-55.8
-55.2
-55.5
-54.0
-52.7
-54.0
-53.9
-54.9
-54.8
-53.4
-54.3
-52.4
-53.1
-53.4
-53.5
-53.3
-53.1
-52.4
-53.5
-54.0
-54.1
-52.9
-54.2
-54.4
-54.2
-53.7
-52.3
-53.3
-53.8
-54.8
-53.2
-54.8
-53.9
-53.8
-54.3
-54.0
-55.2
-54.0
-53.8
-53.7
-54.4
-53.7
-53.0
-52.8
-53.6
-53.9
-54.2
-53.5
-53.7
-53.4
-54.4
-54.1
-53.7
-53.2
-53.5
-55.1
-55.9
-56.2
-55.1
-55.7
-56.5
-56.2
-56.5
-55.3
-55.3
-54.4
-55.8
-55.9
-56.8
-56.7
-56.4
-56.7
-57.4
-56.8
-56.9
-58.2
-58.5
-58.3
-58.0
-58.5
-59.2
-58.6
-58.8
-57.8
-59.4
-60.2
-60.4
-59.4
-59.9
-60.4
-61.3
-61.2
-61.2
-60.6
-60.5
-60.8
-60.3
-61.5
-62.0
-62.8
-62.9
-63.0
-62.7
-62.3
-62.7
-63.2
-64.2
-63.3
-63.5
-63.1
-62.8
-64.2
-64.4
-64.1
-65.5
-64.7
-65.6
-64.8
-65.1
-65.7
-66.2
-66.3
-66.2
-66.2
-66.3
-67.2
-67.0
-67.3
-66.8
-67.0
-67.2
-66.9
-68.0
-68.1
-68.4
-69.0
-69.2
-69.8
-70.3
-69.3
-70.0
-69.4
-70.0
-69.2
-69.6
-69.3
-69.6
-69.5
-70.7
-71.9
-71.5
-71.8
-71.7
-71.8
-72.3
-72.2
-71.6
-72.1
-73.2
-73.1
-73.8
-73.1
-73.4
-73.5
-74.1
-74.5
-75.1
-74.7
-75.2
-74.5
-74.9
-75.1
-74.8
-73.3
-73.4
-72.5
-70.5
-65.4
-62.6
-59.5
-59.0
-53.9
-52.0
-49.6
-49.1
-48.4
-47.2
-46.0
-45.6
-44.9
-44.5
-43.7
-43.7
-44.3
-45.4
-45.2
-45.6
-44.2
-44.4
-46.1
-50.5
-49.8
-47.8
-51.4
-51.3
-56.9
-52.0
-54.1
-57.1
-59.6
-60.7
-61.7
-63.2
-64.2
-68.7
-67.4
-68.9
-68.5
-71.3
-70.7
-74.9
-75.6
-72.1
-70.0
-69.8
-73.6
-77.1
-74.5
-73.1
-75.1
-79.8
-75.4
-76.1
-76.7
-75.1
-75.8
-75.1
-75.8
-78.7
-78.0
-78.0
-78.4
-79.1
-79.6
-79.5
-78.8
-78.6
-78.5
-80.3
-81.0
-80.4
-79.9
-81.2
-80.1
-80.6
-79.2
-78.8
-79.2
-80.4
-80.7
-81.1
-81.1
-81.4
-81.7
-80.7
-79.7
-80.1
-80.8
-80.0
-80.6
-79.9
-79.6
-80.9
-81.5
-80.8
-80.8
-78.5
-78.8
-80.1
-82.7
-80.0
-78.9
-78.0
-79.4
-81.0
-80.1
-79.6
-79.1
-79.5
-78.6
-78.6
-78.6
-79.0
-78.4
-78.1
-78.6
-78.8
-79.9
-77.9
-78.1
-77.9
-78.8
-79.3
-78.1
-78.3
-77.5
-76.7
-77.7
-77.6
-77.6
-78.2
-78.3
-77.8
-78.4
-77.2
-76.7
-75.9
-75.6
-76.1
-77.0
-77.3
-77.3
-76.9
-76.2
-75.9
-76.4
-77.6
-77.1
-75.7
-75.3
-75.5
-75.4
-76.3
-73.9
-74.6
-74.2
-71.5
-70.5
-68.0
-66.9
-65.4
-64.5
-60.7
-56.9
-53.1
-49.5
-46.9
-44.3
-39.8
-39.5
-38.9
-37.6
-38.4
-37.9
-36.5
-35.7
-36.5
-38.7
-39.0
-41.0
-40.7
-42.1
-45.2
-46.6
-48.5
-50.7
-48.5
-51.1
-50.4
-51.7
-55.0
-53.4
-54.9
-54.9
-55.0
-56.6
-55.7
-58.0
-58.9
-62.2
-61.0
-56.8
-56.8
-56.4
-61.6
-60.0
-59.1
-56.8
-58.9
-60.1
-60.5
-61.0
-59.2
-62.0
-59.3
-60.1
-59.9
-59.4
-61.2
-61.4
-60.9
-61.4
-61.8
-59.5
-62.0
-55.4
-57.2
-58.0
-60.7
-62.6
-58.4
-59.7
-59.4
-60.1
-60.6
-61.7
-60.9
-61.7
-60.7
-59.8
-61.7
-60.0
-58.7
-57.1
-57.0
-58.7
-59.8
-59.8
-59.9
-60.2
-59.8
-57.9
-57.7
-57.7
-58.2
-59.1
-59.3
-58.6
-59.1
-59.0
-59.0
-60.9
-61.6
-57.6
-59.1
-56.8
-57.5
-57.7
-56.6
-57.7
-57.4
-55.6
-57.3
-57.9
-56.2
-55.9
-56.4
-60.6
-56.9
-53.7
-53.2
-56.2
-58.0
-56.6
-56.4
-57.9
-60.5
-60.1
-60.5
-60.2
-58.3
-61.0
-59.3
-61.6
-64.0
-62.5
-61.3
-60.3
-57.5
-56.6
-61.0
-62.5
-66.6
-61.5
-58.2
-55.3
-57.9
-55.9
-58.7
-59.8
-60.9
-58.2
-58.1
-57.3
-57.0
-58.2
-56.2
-57.8
-57.4
-57.7
-57.7
-56.0
-56.2
-55.1
-53.1
-52.7
-54.2
-51.9
-51.4
-45.9
-43.3
-40.6
-40.2
-39.3
-38.3
-35.2
-32.3
-30.8
-30.0
-30.6
-31.0
-31.6
-29.2
-30.9
-30.9
-32.7
-31.5
-33.0
-33.1
-37.6
-35.5
-37.7
-37.7
-38.5
-44.0
-42.6
-40.7
-41.3
-43.3
-43.7
-44.1
-46.2
-47.5
-50.2
-48.4
-50.9
-46.8
-49.2
-45.5
-48.2
-47.1
-45.5
-51.1
-50.2
-51.5
-53.5
-54.2
-50.7
-50.1
-48.6
-50.8
-50.2
-49.5
-52.4
-54.4
-53.1
-51.3
-49.5
-49.1
-48.3
-49.4
-51.6
-54.2
-55.7
-50.7
-48.4
-48.6
-52.5
-51.0
-51.6
-51.6
-51.3
-52.8
-51.3
-53.1
-51.9
-47.8
-49.5
-48.9
-51.9
-49.8
-53.3
-49.8
-50.8
-49.5
-49.6
-48.5
-55.3
-51.0
-48.7
-49.5
-52.2
-48.4
-47.2
-46.1
-49.7
-54.1
-50.0
-50.0
-49.0
-46.8
-45.5
-52.6
-53.9
-51.3
-54.6
-50.7
-51.5
-48.2
-46.6
-49.1
-46.7
-50.7
-50.7
-51.5
-53.4
-47.9
-48.9
-44.7
-44.9
-46.9
-50.4
-48.1
-48.1
-47.8
-48.2
-46.7
-46.1
-45.2
-48.7
-44.6
-46.3
-43.4
-44.2
-45.6
-44.8
-46.8
-46.0
-44.7
-43.3
-44.0
-44.0
-46.7
-42.8
-44.8
-42.7
-44.4
-44.2
-41.1
-42.7
-41.4
-43.4
-41.8
-41.0
-42.9
-43.6
-43.1
-42.4
-41.1
-40.8
-39.2
-39.7
-38.7
-38.6
-37.0
-33.9
-33.2
-32.1
-29.1
-26.2
-21.4
-19.6
-19.2
-19.2
-15.9
-11.7
-13.6
-14.6
-10.4
-11.9
-12.1
-17.0
-12.1
-13.9
-17.2
-19.0
-18.5
-15.8
-21.7
-18.7
-18.6
-21.7
-27.3
-21.2
-22.8
-27.2
-25.3
-25.9
-24.4
-25.0
-32.7
-24.5
-28.5
-27.9
-28.3
-30.0
-22.6
-26.2
-29.2
-33.0
-34.4
-29.8
-25.1
-26.2
-23.7
-30.1
-31.5
-31.0
-32.0
-27.5
-25.8
-23.3
-24.5
-30.7
-30.6
-30.3
-28.9
-28.6
-26.3
-26.3
-28.5
-25.0
-30.5
