2.2
2.4
2.5
3.4
3.9
2.5
1.5
1.7
2.5
2.4
1.8
1.6
1.3
1.4
1.5
1.7
1.9
1.5
1.1
1.2
1.4
1.5
1.3
1.4
1.7
1.8
1.5
1.5
1.7
1.3
1.2
1.4
1.7
2.0
1.8
1.7
1.1
1.2
1.8
2.1
1.9
1.8
1.9
2.1
2.3
2.9
2.5
2.2
2.7
2.7
2.5
2.3
2.3
2.6
2.6
2.3
2.0
2.0
2.7
2.9
2.2
2.3
2.3
2.0
2.1
2.2
1.9
1.5
1.5
2.0
2.2
2.5
2.4
2.0
1.6
1.4
1.6
1.7
1.6
1.3
1.3
1.4
1.8
2.2
2.5
1.7
0.8
0.9
1.8
2.5
1.5
1.0
0.7
0.7
0.8
0.7
0.6
0.9
0.9
0.5
0.5
1.3
1.6
1.5
1.8
2.2
2.2
2.2
1.9
1.5
1.9
2.3
1.8
1.5
1.6
2.2
2.5
3.1
3.1
1.9
1.4
1.6
2.1
2.2
2.0
2.0
1.9
2.3
3.2
2.4
1.7
1.6
1.9
2.2
2.5
2.3
1.9
1.9
2.1
2.0
1.7
1.6
1.3
1.3
1.7
1.3
1.6
2.0
1.5
1.1
0.8
1.2
1.8
1.6
1.9
1.2
0.5
0.5
1.0
1.3
1.2
1.1
1.0
1.3
2.2
2.4
2.3
2.0
1.6
1.5
1.9
2.2
2.1
2.1
1.9
2.1
3.2
3.0
2.3
1.8
2.0
2.5
3.0
2.4
1.6
1.5
2.1
2.5
2.5
2.3
2.2
2.2
2.1
2.4
2.1
2.1
2.2
2.6
2.6
2.0
1.7
1.4
1.5
1.8
2.5
1.9
1.1
0.9
1.2
1.4
1.5
1.4
1.1
0.4
0.4
1.2
1.6
1.6
1.0
1.3
1.6
1.4
1.1
1.3
2.0
1.8
1.6
1.2
1.5
2.4
2.9
2.7
1.7
1.5
2.2
2.3
2.0
1.9
2.1
2.1
2.2
2.2
2.1
2.1
2.0
2.6
2.6
1.8
1.5
1.9
2.1
1.9
1.7
2.0
2.0
1.4
0.7
0.8
1.8
2.6
2.7
2.1
1.5
1.5
1.6
1.5
1.0
0.8
0.8
0.7
0.7
1.3
1.5
1.1
0.9
1.3
1.2
0.8
1.0
1.0
1.3
1.6
1.9
2.1
1.4
1.1
1.1
1.5
1.2
0.8
0.9
2.0
2.5
2.1
1.8
2.0
2.1
2.0
2.0
2.1
2.0
2.4
2.0
1.4
1.6
1.6
1.7
1.5
1.1
1.1
1.7
1.6
1.3
1.7
1.8
1.3
0.9
1.0
1.0
1.1
1.6
2.0
1.6
1.8
1.7
0.9
0.4
0.5
1.1
1.0
0.8
0.8
0.6
0.6
0.5
0.6
1.0
0.7
0.4
0.4
0.2
0.5
0.8
1.3
2.3
2.1
1.3
1.3
1.6
1.6
1.1
1.1
1.3
1.3
1.3
1.6
1.6
1.6
1.3
1.1
1.2
1.6
1.8
2.0
2.4
2.5
2.2
1.6
1.8
2.2
2.0
1.7
1.7
2.0
2.0
1.6
1.7
1.9
1.7
1.6
1.6
1.8
2.0
1.8
1.5
1.3
1.4
1.4
1.4
1.3
1.3
1.5
1.2
1.1
1.1
1.5
1.7
1.7
1.8
1.9
1.6
1.2
1.6
2.4
2.1
1.4
0.8
1.1
1.7
1.8
2.0
1.9
1.8
2.1
1.9
2.0
2.2
2.5
2.7
2.8
2.6
2.1
1.9
2.3
2.8
3.3
3.2
2.9
2.3
2.0
2.0
2.0
2.1
1.8
1.5
1.4
1.9
1.7
1.5
1.5
1.6
1.4
1.5
1.4
1.1
1.3
1.2
1.0
1.2
1.5
1.5
1.7
2.1
1.6
1.3
1.3
1.6
1.8
1.7
1.4
1.3
1.5
1.6
1.4
2.0
2.2
2.2
1.9
1.5
1.2
2.2
2.5
1.9
1.6
1.6
1.8
1.6
1.4
1.4
1.9
2.5
2.0
1.8
2.4
2.2
2.0
2.0
1.9
1.7
1.9
3.2
3.5
2.8
1.8
1.6
2.1
2.2
1.5
1.0
1.0
1.6
1.7
1.3
1.0
1.4
1.5
1.2
1.1
1.3
1.7
1.6
1.5
2.0
1.9
1.0
1.1
0.9
0.6
0.6
1.1
1.5
1.5
1.6
1.4
1.2
1.6
2.1
1.8
1.2
0.9
1.3
1.5
1.2
1.3
2.0
2.2
2.0
1.9
2.1
2.2
2.2
2.3
2.5
2.5
2.2
2.0
1.9
2.3
2.6
2.4
1.9
2.0
2.3
2.4
2.0
2.0
2.0
1.9
1.7
2.0
2.4
3.0
3.1
2.4
1.7
1.5
1.4
1.1
0.9
0.9
0.9
1.2
2.2
2.0
1.6
2.0
1.9
1.4
1.0
0.7
0.5
1.3
1.9
1.4
1.0
1.5
1.5
1.2
1.3
1.2
1.4
1.5
1.2
0.8
1.1
1.2
1.6
2.0
2.3
2.2
2.3
2.0
1.7
2.3
2.8
2.2
1.8
2.6
3.3
3.0
2.5
2.5
2.4
2.4
2.2
2.3
2.5
2.4
2.6
2.6
3.0
2.5
1.6
1.5
1.7
1.7
1.6
1.6
2.1
2.6
2.7
2.1
1.6
1.3
1.2
1.7
1.7
1.5
1.4
2.0
2.6
2.4
2.0
1.8
1.6
1.3
1.5
1.3
0.9
1.3
2.1
1.8
1.3
1.3
1.2
1.7
1.5
0.9
0.7
1.4
2.1
2.3
2.5
2.9
2.5
2.2
2.2
2.2
2.7
3.1
3.2
2.5
1.7
1.4
1.8
2.3
2.7
2.0
1.1
1.5
2.0
2.4
2.3
1.9
1.3
1.2
1.3
1.8
2.3
2.3
1.5
1.5
1.8
2.0
1.9
1.7
1.5
1.5
2.6
3.2
2.7
2.0
1.4
1.3
1.3
1.6
1.8
1.7
1.9
2.1
2.4
2.4
2.4
2.0
1.6
1.1
0.8
1.0
1.1
1.2
1.5
1.9
2.1
1.6
1.5
1.6
1.8
1.9
1.9
1.9
2.1
2.5
2.6
2.4
2.1
2.3
2.5
2.6
2.4
2.1
2.6
2.7
2.2
2.1
2.2
2.1
1.8
1.7
2.1
2.3
1.7
1.0
0.7
0.7
1.2
1.7
1.8
1.4
1.1
1.0
1.6
1.8
1.7
1.4
1.1
1.0
0.9
0.8
1.3
1.7
1.6
1.4
1.4
1.8
1.6
1.0
0.8
0.9
1.2
1.3
1.1
1.5
2.0
2.0
1.8
2.0
2.4
2.6
2.7
2.2
1.8
2.2
2.6
2.9
2.5
1.9
1.5
1.5
2.0
2.1
2.0
1.3
1.3
2.1
2.2
1.6
0.9
1.0
1.2
1.9
1.5
1.0
1.3
1.7
1.7
1.4
1.3
1.5
1.3
1.1
1.1
1.5
1.8
1.8
1.6
1.1
0.9
1.2
1.5
1.4
1.0
0.6
0.5
1.1
1.9
2.6
2.0
0.7
0.3
1.2
1.7
1.4
1.3
1.1
0.6
0.9
1.7
2.0
1.8
1.8
2.3
2.7
2.5
1.9
1.7
1.9
2.3
2.2
2.1
2.5
3.0
2.6
2.3
2.3
2.6
3.0
2.3
1.6
1.4
1.3
1.3
1.2
1.2
1.3
1.6
1.7
1.8
2.4
2.0
1.3
1.2
1.8
2.0
1.6
1.4
1.3
1.5
2.3
2.7
2.3
1.8
2.1
2.7
2.6
2.0
1.5
2.0
3.2
3.6
2.1
0.3
0.2
0.8
1.0
1.0
0.9
0.7
1.2
2.2
2.6
2.2
2.0
2.0
2.4
2.1
1.8
2.4
2.6
2.7
2.5
2.4
2.5
2.3
2.4
2.1
1.9
2.2
2.4
2.6
2.1
1.9
2.1
2.2
2.2
3.1
3.3
1.8
1.1
1.4
2.0
2.1
2.1
1.7
1.2
0.9
1.6
1.9
2.0
1.7
1.4
1.6
1.7
1.8
1.9
2.1
2.2
1.8
1.3
1.8
2.1
1.5
1.4
1.6
1.7
1.5
1.3
1.2
1.5
2.0
2.5
2.1
1.6
1.5
2.2
2.4
2.1
2.0
2.6
2.9
2.6
2.2
2.1
2.2
2.5
2.3
1.7
1.9
2.2
2.4
1.9
1.9
2.6
2.0
1.6
2.4
3.2
2.7
1.8
1.9
2.0
1.7
1.7
1.7
1.8
2.1
1.9
2.0
2.4
2.7
2.3
1.8
1.8
2.2
2.2
1.9
1.7
1.7
2.0
2.8
3.2
2.9
2.6
2.2
1.9
1.9
1.8
1.7
1.7
2.3
2.6
2.2
1.7
1.8
2.0
2.6
3.4
2.9
1.5
1.1
2.5
3.5
3.0
2.2
1.5
1.6
2.0
2.6
2.8
3.0
3.1
2.4
2.5
3.3
3.1
2.3
2.0
2.0
2.0
2.4
3.0
2.6
1.9
2.0
2.6
3.0
2.5
1.8
1.5
1.9
2.1
2.0
2.5
2.9
2.4
1.4
1.4
1.8
2.1
2.2
2.0
2.3
2.9
2.8
2.2
1.9
2.1
1.7
1.2
1.2
1.5
2.1
2.2
2.3
2.9
3.0
2.9
2.4
2.3
2.7
2.9
2.6
2.5
3.1
3.5
3.5
2.9
2.0
1.3
1.6
2.3
2.5
2.0
1.6
1.4
1.8
2.6
2.9
2.4
2.2
2.3
2.5
2.2
1.8
1.9
2.5
2.8
2.6
1.8
1.5
1.8
2.1
2.4
2.2
1.6
1.3
1.5
1.8
2.0
1.9
1.5
1.7
2.0
2.6
2.3
1.6
1.5
2.0
2.9
3.0
2.2
1.3
1.1
1.5
2.1
2.4
2.6
1.8
1.5
2.0
2.3
2.2
2.0
1.9
2.4
3.0
2.9
2.5
2.3
2.3
2.4
2.6
2.3
1.9
1.8
2.2
2.3
2.6
3.3
3.5
2.4
1.3
1.3
1.6
1.2
1.3
1.4
1.8
2.5
2.9
2.5
1.9
2.0
2.2
1.9
1.7
2.2
2.4
2.4
2.5
2.6
2.2
2.0
2.5
2.5
1.9
2.1
2.8
2.8
2.4
2.9
3.1
2.5
1.6
1.5
1.9
2.0
2.1
2.3
2.2
2.4
2.3
1.9
1.7
2.0
2.1
2.0
1.7
1.8
2.1
2.5
3.1
3.5
2.2
1.6
1.7
1.9
1.8
1.4
1.1
0.9
1.5
1.8
2.0
2.4
2.6
2.1
1.2
0.9
1.5
2.1
2.7
2.1
1.4
1.1
1.6
2.2
2.5
2.6
2.1
1.5
1.7
2.2
2.3
2.7
3.0
2.6
1.7
1.8
3.0
4.0
3.5
2.2
2.0
2.2
2.3
2.5
2.4
2.1
1.9
2.2
2.5
2.4
2.4
2.6
2.6
2.4
2.0
1.8
2.0
1.6
1.3
1.5
1.8
2.3
2.1
1.5
1.1
1.1
1.2
1.2
1.2
1.2
1.6
2.0
2.0
2.1
2.2
2.1
1.9
1.9
1.9
1.5
1.3
1.7
2.1
2.1
1.8
1.9
2.5
2.3
2.0
1.6
1.9
2.4
2.6
2.6
2.5
2.4
2.5
2.7
2.9
2.9
2.9
3.0
2.8
2.6
2.8
3.8
3.4
2.7
2.1
2.2
2.7
2.9
2.5
2.0
2.1
2.5
2.6
2.3
2.0
1.8
2.1
2.2
2.1
1.8
1.7
1.7
1.7
2.4
2.2
2.0
1.8
1.6
1.6
1.6
1.9
2.0
1.9
2.0
2.4
2.1
1.7
2.3
2.8
2.3
1.6
1.6
2.1
2.5
2.5
2.3
2.2
2.6
2.9
3.0
3.1
3.1
3.0
2.9
2.5
3.0
3.8
3.3
2.5
2.7
3.2
2.7
2.2
2.2
2.5
2.3
2.4
2.5
2.3
2.2
2.4
2.9
3.2
2.8
2.0
2.1
2.6
2.7
2.3
2.1
2.4
2.6
2.4
2.1
2.0
2.0
2.1
2.1
1.9
1.7
1.6
1.7
1.8
2.4
3.0
2.2
1.6
1.7
2.2
2.5
2.4
2.1
1.8
2.0
2.5
2.8
2.9
2.9
3.1
2.7
2.2
2.1
2.2
2.5
2.7
3.0
2.8
2.5
2.3
2.3
2.5
2.6
2.2
2.0
2.5
3.2
3.0
2.5
3.2
3.0
2.2
2.3
2.9
2.7
2.0
1.6
1.9
2.4
2.3
1.5
0.8
1.0
1.7
2.1
2.2
1.9
2.0
2.0
1.9
1.9
1.7
1.8
1.9
2.0
2.2
2.8
3.2
2.5
1.7
1.7
2.4
2.8
2.7
2.5
2.2
2.6
2.8
2.5
3.0
3.4
3.4
2.7
2.1
2.1
2.2
2.5
2.7
2.4
2.3
2.6
3.1
2.8
2.4
2.7
2.9
2.9
2.8
3.2
3.2
3.1
3.4
3.8
4.1
3.0
1.6
1.3
1.7
2.0
1.7
1.5
1.3
1.4
1.8
1.8
2.0
1.9
2.2
2.2
2.2
2.4
2.6
2.9
2.7
2.1
1.8
2.4
2.9
2.6
2.1
2.3
3.2
3.4
2.6
2.2
2.6
2.9
2.6
2.5
2.6
2.5
2.5
2.8
2.7
2.5
2.9
3.0
2.1
1.7
2.0
2.5
2.6
2.5
2.5
2.7
2.6
2.6
2.7
2.9
2.6
1.9
2.1
2.7
3.1
2.5
2.0
2.7
3.2
2.6
1.9
1.6
1.2
1.5
2.1
1.7
1.3
1.3
1.3
1.2
1.1
1.1
1.6
2.0
2.2
2.4
2.1
2.1
2.0
2.1
2.4
2.4
2.4
2.4
2.0
1.6
1.6
2.2
2.3
2.1
2.1
2.1
2.3
2.7
2.7
2.7
2.7
2.4
2.4
2.6
3.2
3.1
2.6
2.3
2.8
2.8
2.5
2.5
2.7
2.6
2.7
2.5
2.5
2.5
2.8
2.8
2.0
1.8
2.4
2.2
2.0
1.7
1.9
2.2
2.1
2.0
1.8
1.9
2.0
2.0
2.4
2.2
1.9
1.8
1.7
1.7
1.8
2.2
2.4
2.0
2.0
1.9
2.6
2.9
2.4
2.3
3.2
3.0
2.3
2.1
2.5
2.7
2.7
2.8
2.6
2.7
2.9
2.9
2.7
2.0
1.5
1.7
1.7
2.0
2.2
1.9
1.7
2.2
3.3
3.5
2.6
2.0
1.9
2.2
2.5
2.3
2.4
2.6
2.7
2.4
2.4
2.5
1.9
1.5
1.5
1.8
1.6
1.3
1.5
2.1
2.2
1.3
1.0
1.6
1.6
1.6
1.7
2.0
2.2
2.3
2.9
3.2
3.2
3.2
2.7
2.5
2.5
2.6
2.6
2.5
3.0
3.6
3.4
3.4
2.7
2.3
2.2
2.3
2.4
2.7
2.6
2.4
2.6
2.9
2.9
2.8
2.8
2.8
2.5
2.1
1.7
2.1
2.5
2.8
2.6
2.2
2.2
2.2
2.1
1.9
2.2
2.6
2.5
1.9
2.2
2.7
2.8
2.2
2.0
1.9
1.9
2.0
1.9
2.0
2.1
2.2
2.4
2.6
2.2
1.7
1.4
1.8
1.7
1.6
1.6
2.0
2.5
2.6
2.9
3.2
3.1
3.1
3.0
2.5
2.4
2.8
2.8
2.8
2.9
2.8
2.8
2.9
3.1
2.7
2.1
2.3
2.5
2.7
2.5
2.6
3.4
3.4
2.4
1.7
2.1
2.4
2.2
1.7
1.4
1.7
2.2
2.6
2.2
1.8
1.6
2.4
2.4
1.6
2.1
2.3
1.8
1.6
2.1
2.5
2.0
1.5
1.5
1.7
2.2
2.5
2.9
3.0
2.5
2.2
2.1
2.1
2.6
2.7
2.3
2.3
3.1
3.4
2.8
2.4
2.6
3.1
3.1
3.3
3.3
3.6
3.7
3.1
2.6
2.7
2.8
3.0
2.8
2.6
2.7
3.2
3.8
3.5
3.0
2.3
2.2
2.6
3.3
2.9
2.0
2.1
2.6
2.7
2.2
2.0
2.2
2.3
2.8
2.6
2.5
2.7
2.7
2.5
2.4
2.8
2.9
3.0
3.4
3.6
3.6
3.1
2.7
2.8
3.1
2.9
3.0
3.3
3.4
3.0
2.7
3.2
3.4
3.3
2.6
2.4
2.9
3.6
3.9
4.2
4.3
3.7
2.9
2.4
1.9
1.7
2.1
2.2
2.2
2.4
2.5
2.2
2.2
2.7
2.4
2.4
2.1
2.2
2.8
2.4
2.0
2.6
3.1
2.7
1.9
1.9
2.3
2.2
1.9
2.0
2.4
2.5
2.6
2.9
3.4
2.7
1.8
1.8
2.4
3.0
3.2
3.1
3.3
3.5
3.9
4.4
4.2
3.8
3.7
3.5
3.1
2.5
2.4
2.8
3.1
3.1
2.7
2.5
2.5
2.5
2.7
2.8
2.8
2.6
2.7
2.8
2.3
1.6
1.6
2.2
2.6
2.4
1.8
2.0
2.5
2.8
2.0
1.7
1.8
1.8
2.0
1.9
1.6
1.6
1.9
2.1
1.5
1.3
1.6
1.7
1.7
2.4
2.5
2.1
1.7
2.0
2.0
2.1
2.2
2.2
1.9
1.9
2.6
3.3
3.3
2.2
1.9
2.5
2.8
2.7
2.5
2.9
3.3
3.5
3.7
3.0
2.2
1.8
2.0
2.5
2.5
2.4
2.2
2.2
2.3
2.3
2.6
2.7
2.7
2.9
2.7
2.1
1.9
2.1
2.2
2.1
2.0
2.1
2.0
1.4
1.3
1.8
2.1
2.2
2.1
1.9
2.1
2.3
2.2
2.4
2.7
2.5
2.3
2.4
2.4
2.2
2.2
2.7
2.9
3.0
3.3
3.2
2.8
2.4
2.4
2.9
2.6
2.3
2.9
3.1
3.2
2.7
2.2
2.4
3.0
2.9
2.4
2.0
1.7
1.8
2.5
3.3
3.2
2.7
2.5
2.7
2.8
2.7
2.3
2.4
2.6
2.7
2.7
2.5
2.6
3.0
3.1
3.0
2.4
2.2
2.1
2.1
2.4
2.4
2.2
2.1
2.3
2.4
2.2
2.1
2.0
2.1
2.0
1.7
1.8
1.7
1.8
2.6
3.3
2.7
2.0
2.5
3.2
3.2
2.6
2.2
2.0
2.1
2.5
3.2
3.2
2.5
2.0
2.0
2.2
2.1
2.7
2.5
2.2
2.1
2.2
2.2
2.6
2.7
2.4
1.8
1.6
2.1
2.4
2.6
2.2
1.9
2.2
2.6
2.5
2.0
1.5
1.5
2.0
2.7
2.9
2.2
1.8
2.1
2.7
2.7
2.4
2.1
2.1
2.2
2.1
2.2
2.2
2.2
2.2
2.3
2.2
2.4
2.4
2.3
1.8
1.7
3.2
4.1
3.8
2.5
1.6
1.6
2.3
2.9
3.0
2.2
1.7
1.6
1.7
2.7
3.3
2.6
2.1
2.1
2.3
2.4
2.3
2.6
2.6
2.8
2.8
2.6
2.7
2.5
2.3
2.3
2.3
2.4
2.5
2.5
2.3
2.4
2.9
3.5
3.6
2.6
1.5
1.6
2.4
2.9
2.4
2.1
2.1
2.0
1.9
2.0
2.0
1.8
1.3
1.7
2.1
1.8
2.1
3.0
2.8
1.9
1.7
1.7
1.7
2.0
2.2
2.3
2.4
2.7
2.6
2.7
2.4
2.5
2.8
2.9
3.0
2.9
2.7
2.7
2.5
2.3
2.0
1.8
2.0
2.6
2.9
3.0
3.1
2.6
2.2
2.2
2.8
3.1
3.0
2.9
2.8
2.4
2.2
2.3
3.0
3.6
2.6
1.6
1.7
2.7
3.1
2.3
1.7
1.5
2.3
3.1
3.0
2.5
2.1
1.9
2.2
2.4
2.4
2.3
2.0
1.8
2.2
2.5
2.5
2.2
2.1
2.2
2.1
2.2
2.7
2.9
3.1
3.5
3.8
3.6
3.3
2.7
2.5
2.7
2.8
2.8
2.8
2.7
2.6
2.9
3.2
3.0
2.6
2.6
3.1
3.0
2.7
2.3
2.8
2.8
2.7
2.4
2.4
2.5
2.5
2.7
2.4
2.3
2.7
3.2
3.0
2.3
2.2
2.4
2.5
2.7
2.6
2.2
2.0
2.0
1.9
2.0
2.1
2.0
2.2
2.0
2.1
2.2
2.0
2.0
1.9
1.9
1.8
2.4
3.0
2.6
2.3
2.6
3.4
3.6
3.4
3.2
2.8
2.3
2.4
2.6
2.7
3.1
2.9
2.4
2.5
3.3
3.4
2.9
2.7
2.7
3.0
3.3
3.2
2.9
2.8
2.8
2.9
3.0
3.0
2.8
2.4
2.4
2.7
2.7
2.2
1.9
1.8
1.9
1.9
2.6
3.3
2.7
2.1
2.2
2.7
2.6
2.1
1.6
1.6
2.0
2.0
2.0
1.8
1.7
2.1
2.2
2.2
1.8
1.9
1.9
2.0
2.2
2.7
2.7
2.5
2.6
2.9
2.5
2.6
3.0
3.0
2.2
2.1
2.6
2.9
3.4
3.6
3.0
2.8
2.9
3.2
3.2
2.6
2.6
2.4
2.3
2.7
2.8
2.7
2.4
2.4
2.3
2.1
2.0
2.0
1.7
1.3
1.5
1.7
2.0
2.3
2.3
1.6
1.3
1.6
2.2
2.0
1.5
1.4
1.9
2.1
2.2
2.1
1.8
1.9
2.0
2.4
2.6
2.7
2.2
1.9
2.5
2.9
3.0
2.7
2.7
2.7
2.6
2.9
3.1
3.1
3.0
3.1
3.2
3.4
3.3
2.8
2.3
2.6
3.0
3.2
3.0
2.4
2.4
2.5
2.8
2.4
2.3
2.3
2.2
2.6
2.9
2.7
2.6
2.7
2.8
2.9
2.2
1.6
1.7
2.4
2.4
2.0
1.8
1.7
1.9
1.9
2.1
2.2
2.0
2.0
2.0
2.6
2.8
2.7
2.2
2.0
2.3
2.3
2.5
2.4
2.1
2.5
2.9
2.7
2.8
2.8
2.3
2.4
3.2
3.4
2.9
2.6
2.8
2.8
2.7
2.7
2.9
2.4
2.0
2.2
2.7
2.9
2.8
2.5
2.0
2.0
2.6
3.0
2.9
2.8
2.4
1.9
2.0
2.3
2.4
2.2
2.2
2.4
2.3
2.0
2.4
2.5
2.1
1.8
2.1
2.2
2.0
1.7
1.5
1.9
1.8
1.6
1.7
1.6
1.6
1.6
2.0
1.9
1.5
2.0
2.5
2.9
2.5
2.1
2.4
2.8
2.6
2.8
3.1
2.9
2.7
2.9
3.1
3.2
3.0
3.0
3.0
2.9
2.7
2.6
2.7
2.9
2.7
2.4
2.1
1.6
1.6
1.7
1.8
1.8
1.8
1.6
1.6
1.7
2.0
2.2
2.7
2.6
2.3
2.2
2.2
2.0
2.1
2.2
2.2
2.0
2.4
3.0
2.8
2.2
1.7
1.5
1.4
1.4
1.3
1.2
1.2
1.5
1.6
1.7
2.2
1.9
1.5
1.3
1.7
2.0
2.0
2.1
2.2
3.0
3.3
2.9
2.1
2.6
2.5
1.8
1.8
2.4
2.5
2.2
2.2
2.5
2.3
2.7
3.1
3.1
2.7
1.7
1.7
2.3
2.2
2.4
2.6
2.3
1.8
2.0
2.6
2.8
2.7
2.4
2.3
2.5
2.6
2.5
2.2
2.1
2.4
2.7
2.5
2.0
1.8
2.4
2.3
1.7
1.3
2.3
2.6
1.7
1.0
0.9
1.2
1.5
1.4
1.5
1.3
1.3
1.2
1.5
2.0
2.0
1.6
1.7
2.1
2.5
3.0
3.4
3.6
3.0
2.5
2.6
2.7
2.5
2.2
1.9
1.9
2.1
2.8
3.4
3.0
2.5
1.9
2.0
2.6
2.9
2.5
2.5
2.5
2.3
2.8
2.9
2.5
2.2
2.4
2.3
2.1
2.1
2.5
2.5
2.5
2.2
1.9
1.9
1.7
1.7
1.9
1.7
1.5
1.9
1.9
1.5
1.4
1.6
2.5
2.9
2.5
2.0
1.7
2.2
2.7
2.2
2.4
2.6
2.9
2.8
2.9
3.0
2.4
2.1
2.2
3.0
3.2
2.4
2.0
2.1
2.4
3.2
3.1
2.9
2.4
1.9
2.0
2.4
2.3
2.6
2.7
2.4
2.4
2.4
2.3
2.5
1.5
1.7
2.2
2.2
1.3
0.4
1.3
2.3
2.4
2.9
2.5
1.7
1.9
3.2
4.0
3.0
1.2
1.7
2.4
1.1
1.6
2.1
1.1
1.0
1.7
1.5
1.8
2.6
2.0
1.2
2.9
4.1
2.9
1.6
2.4
4.1
3.9
0.6
-1.1
3.2
4.0
1.6
1.2
0.0
-0.4
1.5
3.6
1.8
-1.0
-1.1
0.0
1.6
3.3
4.6
4.8
1.1
-1.8
1.6
4.1
3.3
-2.8
-4.1
-3.5
-2.4
0.0
-0.4
-0.6
-2.1
-3.2
-0.4
-1.4
-1.7
-1.9
-2.8
-2.0
-1.4
-1.4
-2.0
-1.3
0.3
1.1
-2.0
-3.1
-2.9
-1.9
1.0
1.5
-0.6
-2.3
-2.9
-1.1
-1.2
-0.5
-0.7
-2.8
-3.6
-1.8
0.3
-2.9
-6.9
-9.2
-4.2
-1.3
-1.9
-4.5
-5.3
-2.2
0.9
0.6
-0.9
-1.5
-3.0
-2.4
-1.2
-1.7
-1.6
-0.4
-0.9
-3.3
-2.7
-2.0
-2.2
-2.7
-2.1
-1.7
-2.1
-3.1
-1.7
0.3
-1.4
-3.9
-4.0
-1.2
-2.2
-2.3
-1.6
-1.6
-3.1
-3.7
-2.2
-1.6
-2.2
-2.7
-3.4
-3.5
-2.4
-1.7
-1.3
-0.8
-1.3
-1.8
-0.7
-0.2
-0.9
-2.0
-2.0
-1.3
-0.6
-0.6
-1.0
-1.0
-1.1
-1.3
-0.6
-1.3
-0.9
-0.8
-2.7
-3.0
-1.2
0.4
-0.6
-2.3
-1.5
0.6
2.0
0.8
-0.6
-0.1
0.7
1.4
2.5
2.8
1.4
3.9
3.3
-1.5
-2.9
0.8
4.2
0.5
-2.0
-2.4
-2.2
-0.8
1.7
0.0
-4.0
-5.1
-2.1
-2.4
-1.9
-0.7
-0.5
-4.7
-13.8
-17.2
-10.1
0.1
5.8
3.3
-9.6
-13.2
-7.0
-5.1
-5.7
-9.3
-10.6
-10.8
-9.5
-6.9
-6.8
-5.1
-5.4
-5.9
-7.9
-10.1
-14.1
-11.3
-9.2
-11.1
-8.9
-8.4
-15.0
-20.4
-17.3
-7.5
-8.9
-16.4
-19.1
-17.2
-9.8
-7.9
-11.2
-14.4
-13.8
-11.4
-10.9
-10.4
-17.1
-22.0
-16.0
-9.9
-13.1
-13.0
-13.2
-12.8
-12.8
-14.2
-14.3
-13.4
-15.9
-20.5
-22.0
-11.5
-6.4
-12.6
-17.5
-15.0
-12.0
-10.6
-11.2
-16.0
-16.2
-16.4
-20.8
-19.8
-22.8
-15.0
-9.7
-7.7
-9.9
-12.2
-10.6
-10.4
-14.1
-20.2
-21.5
-15.7
-17.0
-24.6
-24.5
-15.5
-10.2
-9.1
-11.4
-20.0
-23.7
-17.1
-12.0
-12.7
-14.8
-14.0
-10.9
-18.4
-20.7
-14.6
-8.3
-8.8
-11.6
-17.0
-20.6
-17.1
-17.3
-18.9
-22.6
-18.8
-15.3
-13.3
-13.4
-13.5
-16.8
-12.5
-8.2
-11.1
-17.1
-22.2
-17.6
-16.6
-14.5
-15.2
-16.2
-15.8
-17.3
-16.5
-17.4
-12.7
-11.8
-16.2
-16.6
-20.3
-16.4
-8.3
-10.2
-15.6
-19.1
-19.9
-23.7
-29.6
-26.4
-15.6
-10.1
-15.5
-18.9
-18.4
-17.4
-15.3
-9.8
-16.1
-32.5
-32.1
-32.6
-28.0
-17.6
-9.8
-20.4
-24.8
-17.5
-14.1
-13.9
-13.0
-16.5
-19.4
-28.7
-35.8
-28.3
-19.3
-25.0
-30.2
-29.1
-20.9
-19.8
-22.1
-14.6
-22.8
-26.2
-20.2
-12.8
-21.8
-24.3
-23.8
-29.6
-39.7
-37.7
-25.6
-30.5
-34.7
-23.6
-13.1
-11.6
-14.1
-25.3
-24.6
-17.5
-20.7
-29.0
-40.8
-42.7
-44.4
-38.7
-24.4
-22.8
-30.8
-35.8
-31.9
-21.4
-22.8
-25.7
-26.7
-33.7
-38.3
-29.2
-22.4
-25.5
-36.0
-35.9
-28.2
-20.7
-25.5
-39.5
-40.9
-39.0
-29.3
-25.5
-23.1
-31.3
-38.1
-39.4
-34.6
-29.2
-27.0
-25.2
-29.3
-28.8
-31.8
-29.8
-27.5
-28.1
-36.3
-49.0
-37.6
-19.2
-15.3
-20.3
-27.7
-37.0
-35.5
-32.1
-29.7
-40.2
-37.8
-25.4
-27.1
-27.5
-29.6
-32.7
-33.9
-29.4
-22.9
-23.7
-35.7
-39.3
-30.4
-21.0
-21.5
-30.3
-32.1
-38.9
-44.4
-34.9
-26.3
-17.3
-20.5
-33.0
-37.3
-36.8
-26.1
-14.2
-22.0
-38.9
-45.3
-43.2
-31.6
-31.7
-28.3
-27.3
-37.5
-41.3
-31.6
-22.7
-21.1
-25.5
-26.5
-26.8
-27.3
-34.3
-35.6
-26.4
-20.8
-22.1
-28.3
-29.7
-33.8
-28.2
-19.7
-23.8
-25.3
-25.7
-25.8
-31.3
-34.0
-33.9
-40.2
-33.2
-26.0
-23.1
-30.1
-37.4
-26.7
-19.2
-17.7
-32.4
-25.5
-18.4
-21.5
-24.9
-28.8
-31.1
-34.7
-31.3
-26.4
-27.4
-28.8
-28.3
-21.6
-17.3
-26.9
-28.9
-28.1
-37.1
-34.9
-23.6
-23.4
-28.2
-31.6
-29.6
-25.7
-19.9
-19.7
-21.6
-16.9
-26.2
-41.0
-32.7
-21.2
-16.9
-26.0
-30.8
-27.7
-27.3
-21.3
-18.8
-20.8
-22.5
-27.4
-29.3
-29.5
-29.8
-26.8
-24.2
-24.2
-21.2
-19.2
-16.7
-25.6
-35.3
-32.2
-22.4
-13.0
-15.6
-20.1
-21.2
-22.4
-28.3
-32.1
-26.0
-16.5
-16.5
-22.1
-24.5
-23.9
-23.5
-19.6
-21.9
-18.1
-21.1
-24.3
-25.5
-19.8
-15.7
-20.8
-22.2
-23.8
-21.2
-22.3
-24.9
-21.9
-22.6
-16.1
-16.0
-21.0
-21.8
-21.3
-19.0
-20.7
-22.0
-17.9
-17.3
-21.6
-19.5
-20.4
-18.2
-23.4
-22.2
-14.3
-17.5
-21.3
-16.3
-17.7
-22.9
-17.3
-12.0
-13.3
-22.8
-29.2
-22.6
-13.1
-9.3
-12.6
-20.6
-18.8
-24.1
-24.6
-17.9
-8.7
-4.6
-21.8
-29.7
-15.0
-13.1
-18.3
-20.4
-16.3
-20.8
-23.2
-22.0
-15.3
-14.8
-16.8
-20.2
-15.2
-14.7
-14.5
-19.8
-14.5
-13.3
-18.6
-19.8
-12.6
-5.4
-9.4
-23.2
-35.1
-23.4
-9.7
-14.3
-26.4
-21.2
-11.0
-10.8
-8.5
-10.6
-23.3
-29.7
-21.0
-13.7
-11.6
-17.1
-26.7
-23.5
-20.9
-8.1
-1.0
-4.8
-12.7
-23.9
-20.6
-12.0
-11.2
-15.4
-20.5
-24.3
-20.1
-13.6
-9.5
-16.4
-18.6
-18.5
-22.0
-17.1
-12.6
-6.3
-10.5
-19.6
-26.5
-20.6
-6.7
-5.2
-16.5
-19.7
-16.5
-14.9
-16.7
-14.4
-6.9
-4.5
-13.5
-25.3
-20.2
-12.1
-9.0
-19.4
-22.6
-15.6
-12.1
-16.0
-16.0
-8.4
-8.5
-12.2
-14.3
-11.3
-6.9
-11.3
-20.5
-26.5
-22.3
-15.0
-11.4
-8.0
-13.4
-16.7
-18.0
-8.6
-2.8
-13.8
-18.5
-13.8
-12.4
-11.2
-13.7
-12.6
-13.1
-9.4
-8.8
-19.8
-21.8
-19.1
-17.2
-11.4
-5.6
-9.6
-9.3
-9.6
-9.5
-11.9
-9.6
-5.4
-9.8
-14.6
-14.0
-13.7
-16.6
-17.9
-10.4
-4.6
-6.5
-14.8
-23.1
-24.7
-19.9
-8.8
-3.5
-3.8
-8.5
-13.7
-8.5
-1.6
-2.7
-8.9
-11.2
-11.5
-12.6
-16.0
-13.5
-13.4
-8.7
-5.4
-3.5
-4.5
-13.9
-22.7
-18.2
-10.4
-9.1
-10.9
-8.6
-7.7
-3.4
-3.4
-3.4
-3.1
-1.8
-5.0
-10.6
-14.9
-12.5
-7.7
-7.0
-9.3
-6.6
-6.2
-6.5
-6.9
-7.0
-10.9
-12.8
-11.6
-12.8
-8.3
-2.7
-8.7
-9.0
-5.6
-4.6
-6.7
-4.3
-5.0
-10.1
-8.3
-5.1
-4.9
-5.2
-3.9
0.3
-1.3
-7.1
-9.0
-5.5
-4.0
-5.0
-4.9
-4.8
-4.8
-1.4
0.6
-2.4
-4.4
-4.2
-7.1
-6.3
-4.7
-3.4
-5.8
-8.7
-5.1
-1.1
1.7
0.0
-4.2
-4.3
-0.8
-2.2
-5.1
-5.1
-3.4
-3.1
-2.6
-1.7
-3.1
-1.9
-0.5
-0.2
-2.7
-4.7
-4.8
-1.9
-0.9
-1.2
-1.3
-1.3
-1.2
-0.1
-0.2
-1.6
-1.8
-1.1
0.0
0.4
0.2
-1.3
-1.5
0.1
0.4
0.0
0.1
0.7
1.2
0.4
-0.6
0.0
1.0
0.7
0.0
-0.1
0.1
-0.1
0.6
1.6
1.3
0.5
0.0
0.0
0.6
0.9
0.6
0.7
0.4
0.0
0.7
2.3
2.5
1.1
0.4
0.3
1.2
1.7
1.1
1.1
1.5
1.5
1.3
1.6
1.7
0.6
0.5
1.7
3.1
3.4
3.0
2.7
2.7
2.8
1.8
1.6
2.0
2.9
2.7
1.4
1.5
2.4
3.3
3.7
3.2
2.4
1.4
2.1
3.0
2.5
2.0
1.6
1.6
1.3
0.4
0.4
2.1
2.6
2.2
1.9
1.7
1.9
2.1
1.9
1.7
1.8
1.8
1.6
1.7
1.9
1.6
1.8
2.3
2.1
2.0
2.0
2.1
2.5
3.3
2.9
1.4
1.2
2.0
2.7
2.2
1.7
2.0
2.0
2.1
1.9
1.6
1.5
1.7
1.5
1.4
1.6
1.5
1.4
2.1
2.2
1.9
2.0
2.2
1.9
1.5
1.7
2.1
2.0
2.0
1.7
1.3
1.2
1.5
2.2
2.3
1.9
1.2
0.8
0.7
0.9
1.2
1.1
1.3
1.1
1.0
1.2
1.7
1.7
1.5
1.2
1.1
1.5
1.7
1.2
0.9
1.1
1.3
1.1
1.2
1.5
1.7
1.3
1.4
1.5
1.7
2.1
2.5
2.3
1.6
0.8
0.5
0.6
0.8
1.0
1.5
1.1
0.3
0.2
1.0
2.0
1.9
0.6
0.0
0.0
0.5
0.5
0.0
0.0
0.4
0.6
0.0
-0.1
0.2
0.6
0.3
-0.1
-0.1
0.0
0.1
0.2
0.3
0.0
-0.2
-0.2
-0.2
-0.1
0.3
0.1
-0.2
-0.1
0.7
0.8
0.2
0.0
0.5
0.6
0.0
-0.4
-0.2
0.0
0.2
0.5
0.8
0.8
0.7
0.6
0.5
0.9
0.8
0.5
0.4
0.0
0.0
-0.1
-0.3
-0.3
-0.4
0.0
-0.3
-0.4
-0.4
-0.2
-0.3
-0.5
-0.3
-0.4
-0.4
-0.6
-0.6
-0.2
0.3
0.4
0.3
-0.3
-1.1
-1.5
-1.3
-1.2
-1.4
-1.3
-1.2
-0.6
-0.4
-0.2
-0.2
-0.3
-0.4
-0.8
-1.0
-0.6
-0.1
0.1
-0.1
-0.3
-0.1
-0.2
-0.2
-0.2
-0.2
-0.1
0.0
0.0
0.1
0.3
-0.1
-0.4
-0.4
0.0
-0.1
-0.7
-0.8
-0.8
-0.8
-0.5
-0.4
-0.6
-1.0
-0.8
-0.6
-0.8
-0.7
-0.3
-0.3
-1.0
-1.1
-0.2
-0.5
-0.6
-0.6
-0.6
-1.0
-1.4
-1.0
-0.4
-0.2
-1.2
-1.9
-1.2
-0.3
0.2
-0.4
-1.3
-1.5
-1.0
-0.7
-1.0
-0.9
-0.6
-0.5
-0.6
-0.7
-0.3
-0.1
-0.6
-0.9
-0.8
0.0
0.5
0.2
-0.2
0.6
1.8
1.2
0.5
0.4
0.4
0.3
-0.1
-0.4
-0.6
-0.2
-0.1
0.1
1.1
1.2
0.4
0.3
0.3
0.1
-0.1
-0.4
-0.7
-0.5
0.8
1.7
1.3
0.6
0.4
0.0
-0.3
-0.6
-1.3
-1.1
0.7
2.0
1.3
0.0
-0.1
0.4
1.2
1.6
0.1
-2.0
-1.3
1.2
2.6
2.5
1.3
-0.9
-0.9
0.5
0.9
0.3
-0.2
1.5
3.7
3.3
1.5
0.6
1.5
0.4
0.2
0.9
0.0
0.0
1.4
1.3
1.0
-2.3
-1.9
-0.7
1.0
1.0
1.6
0.4
0.9
-0.6
-0.7
0.4
2.8
1.6
-4.5
-1.0
3.1
4.8
2.2
-0.5
-3.7
-2.0
-3.8
-6.6
-7.1
-2.0
-2.3
-4.4
-0.5
-0.3
-1.3
-1.5
-6.9
-3.4
-0.5
2.2
-2.6
-2.9
-4.4
-5.8
-1.0
3.9
3.2
0.1
-2.0
-2.4
-0.1
1.2
1.2
0.0
-2.1
-6.5
-3.0
0.7
1.0
0.6
0.8
1.1
0.3
0.4
-0.3
-4.4
-7.2
-3.0
1.3
2.4
2.7
1.7
-0.6
3.4
5.6
4.4
2.7
1.2
0.0
-3.3
-1.9
0.1
1.0
2.7
1.9
2.0
2.5
1.4
2.3
5.0
3.8
0.4
-4.0
-2.4
2.2
0.1
-0.8
1.3
4.0
2.3
1.2
2.5
3.0
1.8
0.7
0.5
1.4
2.0
1.3
1.3
1.6
0.6
1.0
2.9
1.8
1.1
1.2
1.8
3.4
2.5
3.0
3.0
3.0
3.0
1.0
-2.3
-1.3
0.4
3.4
3.2
0.7
1.7
3.4
4.3
3.9
3.7
3.1
2.1
1.2
1.2
1.4
2.3
3.0
2.7
2.5
1.7
1.6
2.3
2.1
1.6
2.2
2.2
2.1
1.7
1.7
1.7
1.7
1.8
2.4
2.6
2.7
2.9
2.0
1.1
1.1
1.9
2.0
1.6
1.7
1.8
2.4
3.0
3.1
3.3
3.6
3.4
3.5
3.6
4.3
5.5
5.3
4.3
3.9
3.7
3.8
4.0
3.0
2.9
4.3
4.5
3.5
2.7
3.4
4.0
4.9
5.4
3.5
1.3
2.3
3.1
3.4
4.5
4.5
3.3
2.2
3.3
4.7
4.1
3.9
3.0
1.4
1.2
2.2
3.6
4.8
4.2
3.3
3.1
3.4
2.6
1.6
3.2
2.9
2.5
3.5
3.8
4.4
3.7
4.0
3.5
3.1
3.2
3.0
3.1
4.5
4.4
4.5
4.6
3.9
3.9
4.2
4.9
5.2
6.5
5.1
4.6
4.1
3.1
2.7
4.8
5.5
6.4
6.7
8.0
7.0
5.2
6.5
6.2
5.1
3.6
4.6
4.6
4.0
4.1
3.3
4.4
7.1
2.7
-1.6
3.4
9.0
7.4
1.0
0.6
4.3
2.3
2.2
1.6
0.4
-5.1
-2.3
7.8
8.0
6.0
4.7
1.9
-0.6
1.1
2.3
1.2
0.4
0.3
2.3
0.4
-1.0
1.2
4.9
3.1
2.0
2.3
1.8
0.9
1.6
2.7
3.9
3.1
1.4
0.0
1.3
2.2
3.1
3.2
1.6
0.0
-3.6
-2.3
0.8
2.2
0.9
1.1
1.6
1.3
2.2
2.7
1.7
0.9
-0.4
-0.6
0.7
1.6
2.7
2.9
1.5
0.4
0.5
0.7
1.4
1.9
1.9
2.5
2.9
2.5
2.3
2.0
1.8
1.6
1.1
0.9
1.6
2.1
2.7
3.0
3.3
3.4
3.0
2.9
3.5
3.7
3.7
3.6
2.8
2.5
4.0
5.6
5.0
3.0
1.5
3.8
6.0
6.5
5.7
5.5
5.8
5.5
5.5
5.8
5.5
5.4
5.4
5.1
4.9
4.9
5.6
5.8
5.4
5.4
5.8
5.3
4.8
5.1
5.5
5.9
6.1
5.9
5.4
5.2
5.3
5.4
5.6
6.3
5.8
4.5
4.7
5.2
5.6
5.4
5.1
5.3
5.1
4.9
5.1
5.4
4.9
4.5
4.4
4.6
4.8
5.1
5.4
4.3
4.1
5.3
5.5
4.6
4.1
4.7
5.7
5.0
4.1
4.5
5.5
6.3
5.8
4.8
4.2
4.7
5.1
5.5
5.4
5.5
5.4
5.2
4.8
4.4
4.3
3.7
4.4
5.4
5.4
4.2
3.7
5.1
5.2
4.3
4.0
4.1
3.9
3.6
4.1
4.6
4.4
4.3
4.1
4.0
3.7
3.5
3.7
3.8
3.5
3.4
3.7
3.8
3.9
3.8
3.4
3.2
3.4
4.3
4.6
4.2
3.7
3.7
3.4
3.8
4.7
4.4
3.2
3.4
4.8
5.4
5.2
4.2
3.0
2.6
3.2
4.1
3.7
2.3
2.9
4.8
5.1
4.5
4.5
4.6
4.4
4.2
4.3
4.0
3.5
3.7
4.0
4.0
4.0
4.0
4.3
4.0
3.7
4.1
4.4
4.2
3.9
3.8
3.9
4.3
4.8
4.4
3.8
3.8
4.0
4.2
4.4
4.5
4.4
3.8
3.1
3.6
4.7
4.9
4.5
4.2
4.3
4.4
4.1
4.0
4.5
4.7
4.6
4.3
4.5
5.7
6.2
5.9
5.0
4.8
4.5
4.7
5.4
5.4
4.9
4.4
4.2
3.9
4.5
4.7
4.8
4.7
3.8
3.3
3.9
4.3
4.4
4.1
3.8
3.7
4.2
4.3
4.0
4.8
5.8
4.5
3.3
4.0
4.4
4.0
3.2
2.8
2.4
2.6
3.3
3.8
3.3
2.4
2.5
2.8
2.9
2.8
2.7
2.4
2.3
2.6
2.9
3.2
2.9
2.5
2.5
2.8
3.0
3.7
4.3
4.1
4.0
4.5
4.6
4.2
4.0
3.7
3.8
4.4
4.6
4.3
4.3
4.2
4.1
4.5
4.7
4.2
3.4
3.0
3.0
3.5
4.5
4.7
4.2
3.6
3.6
3.7
3.5
3.3
3.4
3.3
3.3
3.4
3.4
3.0
3.0
3.7
3.9
3.6
3.4
3.2
3.3
3.6
3.6
3.2
3.0
3.2
3.1
2.5
2.4
3.0
3.3
2.5
2.3
3.4
4.3
4.0
3.7
3.6
3.7
3.7
3.6
4.0
3.9
2.4
1.4
2.4
4.5
6.2
4.8
3.0
3.0
3.2
3.6
3.8
3.1
3.5
4.1
4.0
3.2
2.5
3.5
4.5
4.3
4.5
4.0
3.5
2.9
2.8
3.3
3.4
2.9
2.2
2.7
3.7
3.5
2.5
3.2
5.5
5.8
3.9
2.9
2.6
2.7
2.8
2.4
2.9
3.8
3.7
3.7
3.3
3.0
3.3
3.8
4.2
4.7
3.5
2.8
3.4
4.5
4.0
3.3
5.0
5.7
4.4
3.8
4.0
4.2
4.5
4.4
4.4
4.6
4.7
4.5
4.9
5.6
5.4
4.7
3.9
4.2
4.7
4.8
4.9
4.8
5.3
6.1
6.5
5.9
5.3
6.0
6.7
5.6
4.2
3.9
4.5
4.9
5.2
4.7
4.3
5.1
6.2
6.0
4.8
5.1
6.0
5.8
4.5
4.1
5.1
5.5
5.6
6.1
6.9
6.9
6.0
5.2
4.9
5.1
5.5
5.4
5.0
5.4
6.0
6.0
5.4
5.3
5.8
6.2
6.4
6.1
6.2
6.9
7.1
6.9
6.6
6.3
6.5
6.8
6.6
6.0
6.1
6.7
7.1
7.4
7.7
7.4
6.7
6.3
6.3
5.8
5.5
6.0
6.5
6.4
6.5
6.8
6.9
7.1
7.1
6.6
6.9
7.1
6.5
6.1
7.5
7.4
5.9
5.5
6.2
7.2
7.3
6.3
5.6
6.1
7.1
7.4
7.2
6.2
5.5
6.5
7.5
7.4
6.1
5.5
6.0
6.5
7.6
7.0
5.8
5.5
6.0
6.6
6.1
6.1
6.3
6.6
6.5
6.1
6.0
6.3
6.9
6.5
5.3
5.4
6.7
7.4
6.9
5.8
6.4
7.1
7.2
6.4
4.9
4.6
5.5
6.4
6.4
6.0
5.9
6.2
6.5
6.5
6.2
6.0
6.2
6.5
6.8
6.6
5.8
7.0
8.5
7.9
6.2
6.4
6.7
6.6
7.3
7.2
6.4
5.8
6.4
7.1
7.4
5.9
5.6
6.2
6.7
6.0
5.1
5.0
4.8
4.6
4.4
4.5
5.0
4.3
2.5
3.4
3.8
3.5
2.9
3.6
3.4
2.2
2.7
3.2
3.7
2.5
3.1
3.1
2.9
2.1
2.2
2.8
2.7
2.8
3.0
3.0
3.2
3.4
3.6
3.5
3.9
4.3
4.2
3.6
3.2
3.5
4.0
4.0
3.8
3.5
4.3
4.3
3.6
3.3
3.4
4.8
6.1
4.7
3.2
3.8
5.3
5.6
5.0
4.8
4.5
4.3
4.6
5.3
5.2
4.9
4.5
5.9
7.5
7.3
7.2
5.6
4.6
4.2
5.3
5.4
3.5
3.6
4.1
4.5
5.1
4.9
3.7
3.6
4.6
4.8
3.3
2.7
3.7
5.1
6.3
6.0
4.9
4.7
4.9
4.3
3.8
3.5
5.0
6.5
5.1
2.4
4.6
6.2
5.8
4.8
5.1
5.4
5.1
5.0
6.3
8.8
10.0
7.6
3.0
2.9
7.0
5.6
4.0
3.0
4.2
5.3
5.5
5.3
5.0
4.9
6.3
7.2
5.8
4.4
4.3
6.0
5.6
5.3
6.8
5.4
4.0
5.1
6.9
6.0
4.8
4.9
7.1
7.3
4.6
3.2
4.1
5.0
4.9
3.6
3.4
5.6
6.0
5.6
4.8
4.0
3.7
5.2
6.5
4.5
4.4
5.6
5.9
5.7
4.9
4.4
6.1
8.0
6.3
5.5
6.3
5.1
3.7
4.6
6.3
5.8
4.4
4.0
4.2
5.5
6.5
6.0
4.7
5.0
5.2
4.4
4.4
5.5
6.8
6.9
5.8
5.4
5.2
5.3
5.8
5.7
6.5
5.8
5.9
6.1
7.7
7.1
5.7
6.7
6.5
4.9
4.3
6.5
6.9
5.6
6.2
6.5
4.8
4.5
5.1
5.7
5.5
7.4
7.6
6.6
4.8
3.4
0.2
-3.9
-7.3
-2.5
3.1
6.4
3.2
1.0
3.8
-1.3
-19.8
-10.6
-15.0
-19.4
-17.2
-6.2
2.4
0.2
1.4
-0.6
-2.9
1.2
-3.3
-11.1
-14.9
-15.6
-13.3
-9.8
-8.7
-15.6
-13.9
-15.3
-13.7
-8.8
-7.0
-6.6
-11.2
-5.5
-5.0
-19.7
-20.7
-17.8
-21.1
-24.4
-16.0
-11.7
-6.2
-20.6
-27.5
-19.0
-12.2
-20.0
-17.5
-12.9
-18.1
-23.5
-21.1
-18.1
-20.0
-10.7
-18.0
-28.3
-31.3
-27.2
-19.5
-12.0
-17.8
-34.6
-41.7
-20.3
-2.5
-19.3
-36.2
-36.2
-23.1
-20.2
-28.2
-39.7
-44.7
-31.5
-16.1
-12.1
-19.7
-31.6
-34.7
-23.7
-20.9
-37.0
-36.8
-32.5
-30.7
-26.0
-34.0
-37.8
-33.7
-19.5
-27.0
-37.8
-40.7
-25.1
-21.2
-22.1
-31.3
-34.0
-24.8
-26.7
-29.0
-32.8
-43.4
-46.7
-45.0
-34.9
-27.5
-28.8
-40.0
-40.9
-33.6
-29.3
-22.0
-26.7
-28.3
-30.3
-37.1
-40.1
-31.1
-35.7
-46.2
-39.3
-32.9
-34.0
-37.0
-27.1
-30.0
-36.3
-38.0
-39.5
-41.5
-44.0
-38.8
-40.9
-45.7
-34.5
-19.4
-24.6
-36.1
-36.8
-28.7
-37.7
-46.0
-52.7
-50.5
-39.4
-36.5
-32.8
-27.9
-33.8
-45.4
-42.4
-29.1
-23.7
-35.4
-39.9
-38.5
-36.2
-34.3
-29.7
-35.7
-35.4
-29.9
-33.8
-55.5
-51.3
-42.6
-41.9
-54.0
-52.3
-31.5
-21.7
-27.1
-31.7
-23.4
-22.9
-27.0
-35.2
-38.4
-47.7
-46.6
-36.5
-39.2
-47.5
-48.1
-37.8
-27.4
-24.2
-30.5
-33.4
-43.8
-49.0
-50.6
-39.0
-23.0
-26.4
-35.8
-40.0
-31.3
-22.7
-27.9
-41.9
-49.9
-45.4
-43.5
-44.6
-36.9
-38.2
-46.4
-35.9
-16.0
-15.2
-34.1
-43.5
-56.1
-33.4
-21.6
-25.8
-41.8
-49.7
-52.9
-41.2
-27.1
-14.8
-20.6
-33.5
-42.5
-44.8
-37.8
-32.6
-37.2
-36.0
-32.8
-33.5
-30.5
-31.3
-25.0
-26.6
-30.0
-28.6
-36.1
-49.9
-46.9
-42.0
-32.9
-21.3
-22.7
-26.3
-26.1
-27.0
-37.3
-39.2
-30.2
-24.9
-27.2
-33.7
-40.6
-40.0
-27.8
-21.5
-22.9
-21.2
-28.7
-39.6
-47.7
-44.6
-35.7
-26.6
-21.5
-25.2
-28.6
-21.2
-26.8
-34.7
-28.2
-21.6
-22.8
-27.2
-24.7
-23.4
-29.1
-30.4
-28.5
-25.1
-23.0
-26.0
-28.4
-34.9
-31.8
-21.3
-14.0
-18.3
-29.4
-31.5
-30.4
-27.7
-17.6
-21.3
-29.2
-30.6
-20.7
-14.3
-9.9
-15.5
-20.6
-23.2
-25.3
-32.2
-36.2
-27.1
-22.7
-22.3
-17.6
-20.1
-18.6
-13.5
-16.5
-16.3
-13.5
-22.6
-33.6
-26.1
-9.3
-6.3
-11.0
-13.4
-17.0
-20.0
-27.4
-23.3
-26.5
-20.8
-16.7
-15.0
-23.5
-20.2
-15.8
-8.3
-9.6
-12.4
-12.8
-13.0
-14.9
-12.7
-17.7
-18.3
-23.2
-20.9
-15.6
-11.2
-6.9
-5.2
-9.2
-16.8
-15.9
-15.6
-10.7
-17.1
-17.9
-15.7
-14.5
-4.5
-0.1
-5.4
-13.7
-25.1
-23.8
-10.4
0.2
-1.7
-7.1
-8.7
-6.2
-6.2
-5.5
-8.4
-12.3
-19.3
-15.4
-13.1
-11.9
-13.6
-6.6
-5.0
-5.1
-6.5
-9.5
-10.5
-5.1
-0.6
-7.0
-11.5
-10.5
-11.0
-6.0
-8.0
-13.3
-13.0
-11.1
-5.3
-2.9
-2.1
-3.6
-6.7
-5.9
-2.3
-1.4
0.3
-6.4
-10.1
-20.4
-22.4
-13.3
-6.2
2.5
0.4
-7.2
-5.4
-1.3
-0.4
-5.7
-9.0
-6.6
-8.1
-6.9
-6.4
-11.7
-8.8
-2.9
2.4
-6.9
-10.9
-7.4
-1.6
-2.3
-7.6
-5.6
-5.1
-4.2
-5.3
-9.9
-12.3
-10.7
-7.7
-4.9
-4.4
-4.1
-4.0
-9.4
-7.0
-2.8
0.6
-3.1
-8.7
-9.0
-3.1
0.2
-1.7
-8.2
-11.6
-8.5
-0.3
3.4
-5.0
-8.9
-5.6
-4.1
-3.3
-7.2
-7.4
-2.8
-0.9
-2.6
-0.6
-4.4
-4.0
-5.5
-7.7
-4.5
0.2
-2.0
-10.4
-7.5
2.2
5.4
5.8
0.5
-5.8
-5.9
-1.3
-2.0
-10.2
-11.9
-8.9
-3.0
1.3
1.4
0.0
-0.7
0.0
2.1
0.6
-3.8
-3.7
-9.7
-9.5
-5.8
-0.8
2.7
3.6
1.6
0.1
-2.4
-5.5
-3.0
2.5
1.2
0.3
-0.1
-0.1
-1.5
0.7
0.0
-3.8
-1.9
0.6
-4.3
-7.0
-3.2
3.2
3.2
4.2
1.6
-2.7
-3.9
-0.7
5.8
7.1
0.1
-3.0
0.4
3.9
1.2
-2.2
-0.3
-0.5
-1.2
1.8
2.0
0.3
1.6
2.4
1.8
-0.6
0.0
-2.2
-5.8
-5.4
1.8
1.3
-0.9
2.9
5.7
4.2
4.7
2.1
4.1
3.3
0.8
-2.0
-0.4
3.5
2.4
1.9
4.1
2.7
1.2
-2.8
-7.2
-0.7
5.7
7.2
1.4
-1.9
-1.1
0.5
5.5
6.7
6.1
4.4
1.6
1.2
2.7
4.0
6.1
5.0
2.8
2.7
4.1
3.8
3.1
5.0
6.0
5.8
6.2
6.1
4.6
3.4
0.4
3.0
6.8
8.3
4.8
2.2
3.2
4.8
4.5
5.5
5.2
1.0
1.3
4.1
7.6
7.7
6.6
6.6
6.6
7.3
7.3
5.1
4.5
6.4
4.5
3.8
6.2
8.1
7.8
6.6
5.8
5.5
5.5
6.0
6.0
6.5
7.4
7.9
6.0
6.4
7.5
7.0
6.8
7.8
9.5
8.4
6.7
6.0
7.5
8.3
6.9
7.8
8.9
8.4
7.8
8.7
9.2
8.5
8.2
7.9
7.5
7.2
8.3
8.4
8.0
7.8
7.0
7.6
7.8
7.5
8.3
8.4
8.0
7.9
8.0
7.9
7.6
7.2
7.0
7.4
8.4
7.8
7.0
7.5
8.4
8.1
7.4
7.8
7.6
7.1
7.1
7.3
7.6
8.6
8.7
7.4
6.5
6.5
7.7
8.0
7.1
6.8
7.1
7.5
7.7
7.6
7.6
7.3
7.2
6.9
7.0
7.2
7.3
7.6
7.7
7.9
7.4
7.0
7.1
7.8
8.0
7.8
7.6
7.4
7.2
7.4
7.8
7.8
7.6
7.5
7.8
7.5
7.1
6.9
7.1
7.8
7.8
7.4
7.1
7.0
7.7
8.0
7.9
7.2
6.9
6.8
6.9
7.2
7.0
6.8
7.0
7.1
7.3
7.2
7.3
6.7
6.2
6.6
6.9
6.7
6.4
6.6
7.2
7.3
7.2
7.3
7.7
7.4
7.4
7.4
7.2
7.0
6.6
6.2
6.0
6.6
6.5
6.6
6.6
6.8
6.6
6.5
6.5
6.3
6.1
6.2
6.0
5.9
5.8
5.5
5.8
6.1
5.9
5.7
5.8
5.9
5.5
5.5
5.6
5.6
5.7
6.0
5.8
5.2
5.0
5.1
5.2
5.6
5.7
5.5
6.2
6.8
6.1
6.9
5.8
5.0
5.3
5.2
4.4
4.7
5.7
5.4
4.7
5.0
5.5
5.9
6.0
5.7
5.2
5.9
6.3
5.8
5.4
4.7
5.3
5.8
4.7
4.4
4.7
4.8
5.5
6.0
5.7
5.0
4.8
4.9
5.1
5.4
5.4
5.0
5.0
5.2
4.8
4.4
4.7
5.0
4.4
3.8
4.1
4.9
5.3
4.9
4.4
4.6
5.2
4.9
4.5
4.6
4.4
4.2
4.5
4.4
4.8
5.5
5.6
5.4
4.9
4.8
4.4
4.5
5.3
5.3
4.7
4.2
4.3
4.5
4.6
5.5
5.4
4.3
5.1
5.1
4.3
3.8
5.0
5.0
4.5
4.7
5.0
5.0
4.9
4.9
4.5
4.1
3.4
3.2
3.8
3.9
3.6
3.7
4.0
4.5
5.0
4.3
4.0
3.7
3.7
4.1
3.8
3.8
4.1
4.0
4.0
4.1
4.1
4.0
4.0
4.0
3.8
3.4
3.3
3.6
3.8
3.4
2.4
3.0
4.1
4.5
4.1
3.4
3.4
3.8
3.7
3.5
3.5
3.6
5.0
4.3
3.0
2.9
4.3
3.7
3.2
4.1
4.4
4.1
3.6
3.8
3.8
3.8
4.1
4.1
3.5
3.3
3.7
3.8
3.4
3.6
4.2
4.0
3.8
2.7
2.1
2.5
3.6
4.0
3.3
2.7
2.8
3.3
4.6
5.5
4.8
4.0
3.9
3.5
2.7
2.8
2.9
2.6
2.4
2.6
2.5
2.6
3.1
2.9
2.7
2.9
2.7
2.7
3.1
3.3
3.2
2.9
3.2
3.2
3.1
3.0
2.8
3.0
3.5
3.9
3.6
3.1
2.7
2.9
4.4
5.0
4.0
2.6
2.3
2.4
2.4
2.9
3.0
2.9
2.7
2.6
2.7
2.9
2.6
2.2
2.5
2.7
2.3
2.1
2.7
2.9
3.1
3.4
3.0
2.4
2.5
2.1
2.0
2.4
2.8
3.0
2.6
2.4
2.0
2.0
2.9
3.0
2.8
2.7
2.3
2.2
2.1
1.9
1.7
2.4
3.3
3.3
2.4
2.3
3.2
3.6
3.4
3.1
2.5
2.7
3.0
3.5
4.1
4.0
3.4
3.0
2.9
2.8
3.4
3.6
2.1
1.1
2.9
4.3
3.5
1.9
1.7
2.2
2.8
3.0
3.0
2.6
2.3
3.4
3.5
2.8
2.3
2.7
2.8
2.6
2.4
2.0
1.6
1.9
1.8
2.8
3.9
3.8
3.1
2.6
2.1
1.2
1.1
2.4
2.3
1.9
1.8
2.3
2.7
2.5
2.1
2.1
2.0
1.6
1.7
2.2
3.2
3.7
3.3
2.6
2.1
3.1
3.6
2.4
2.4
3.0
3.0
3.0
3.1
3.4
3.2
2.7
2.4
2.5
2.9
1.8
2.5
3.5
3.5
2.7
2.4
2.8
2.9
3.0
3.4
3.3
3.2
3.3
2.7
1.7
1.8
3.3
3.0
1.7
1.0
1.7
2.6
2.2
1.7
2.0
1.9
2.0
1.9
1.5
1.4
3.0
3.4
2.1
1.9
2.4
2.4
2.4
2.7
2.4
1.8
2.0
2.2
2.1
2.3
1.8
2.4
3.0
2.4
2.4
2.8
2.9
3.0
3.0
2.6
2.3
2.8
3.2
3.1
2.7
2.7
2.7
3.2
2.9
2.4
2.3
2.6
2.8
2.6
2.5
2.7
2.5
2.5
2.5
2.2
2.0
1.7
2.0
2.3
3.2
3.4
2.5
1.6
1.9
2.4
2.3
2.3
2.2
1.7
1.2
1.7
2.6
2.8
2.4
2.2
1.9
2.0
2.6
2.6
3.1
2.9
3.1
3.0
3.0
3.0
2.5
2.1
2.0
2.3
2.9
2.9
2.6
2.6
2.9
2.5
1.9
2.2
3.4
2.1
0.6
1.6
3.2
3.4
2.4
2.7
2.6
2.5
2.7
2.8
2.6
1.9
1.4
1.7
3.0
3.1
2.2
1.7
1.9
2.0
2.2
2.3
2.6
1.9
1.4
1.1
1.5
1.8
1.9
2.0
2.1
1.8
0.6
1.3
3.0
3.4
2.8
2.0
1.7
1.9
2.2
2.6
2.5
1.9
1.6
3.0
3.3
3.1
2.5
2.1
2.2
2.1
1.9
1.7
1.5
1.7
1.9
2.2
2.9
2.7
1.8
1.6
1.9
2.0
1.8
1.6
2.4
2.9
2.6
3.0
3.2
2.8
2.3
1.6
1.5
1.9
1.2
1.5
1.9
2.1
1.8
1.5
1.7
1.4
1.5
1.9
1.1
0.6
1.1
1.4
1.4
1.5
1.7
2.0
1.8
0.7
0.0
0.5
1.1
1.5
1.9
1.8
1.4
1.5
2.2
2.0
1.6
1.8
2.1
1.8
1.3
1.8
2.1
1.8
1.9
2.1
1.9
1.5
1.8
2.2
1.9
1.3
1.3
1.7
2.0
1.4
1.3
1.4
1.6
1.3
1.4
2.0
2.2
2.2
1.8
1.3
1.1
1.2
1.5
1.8
1.8
1.4
1.0
1.7
1.8
1.2
0.7
1.2
1.3
0.9
0.6
0.7
1.3
1.4
1.3
1.0
1.0
1.1
1.3
1.2
0.9
1.1
1.7
2.0
2.2
2.0
1.2
0.9
0.9
1.9
2.6
2.0
0.8
0.6
1.6
1.7
1.4
1.1
1.1
1.2
0.8
1.0
1.4
1.5
1.5
1.3
1.5
1.5
0.8
0.8
2.0
1.7
1.0
0.9
0.9
1.1
1.8
1.8
0.8
0.5
1.0
1.9
2.1
1.6
1.1
1.0
1.1
0.5
0.7
1.7
1.5
1.0
1.1
1.7
2.0
1.6
1.3
1.6
1.8
1.4
1.0
1.0
1.2
1.7
2.1
2.4
2.1
1.6
1.4
1.2
1.3
1.5
2.2
1.9
1.5
0.7
1.1
1.8
1.8
1.3
0.8
0.8
1.1
0.9
1.0
1.4
1.6
1.6
0.9
0.9
1.4
1.7
1.5
0.8
1.0
1.5
1.5
1.3
1.1
1.2
1.1
0.8
1.0
1.6
1.6
0.9
0.4
0.7
1.0
0.8
1.2
2.2
2.6
1.5
0.3
0.7
1.6
1.7
1.4
1.5
1.6
1.6
1.2
1.4
1.7
1.9
1.7
1.3
1.7
2.0
2.0
1.8
2.2
2.6
2.5
1.7
1.0
1.2
1.5
1.4
1.3
1.1
0.9
1.2
1.6
1.7
1.7
2.0
2.3
2.2
1.3
0.6
0.8
1.0
1.0
0.7
0.4
0.4
0.5
0.9
1.3
2.0
1.9
1.5
1.2
0.9
1.2
1.5
1.6
1.6
1.5
1.1
0.8
1.3
1.6
1.5
1.2
0.8
0.6
0.4
0.5
1.6
2.3
2.0
1.7
2.1
2.7
2.5
2.3
2.3
2.4
2.4
1.3
1.3
1.6
2.0
2.2
1.6
1.1
1.1
1.4
1.5
1.1
2.0
2.5
1.7
1.1
0.9
1.0
0.9
0.8
1.0
0.9
0.7
1.1
1.6
2.0
2.0
1.5
1.1
0.9
0.5
0.7
1.3
1.4
0.9
0.4
0.6
1.4
2.3
2.2
1.6
1.1
1.2
1.4
1.8
2.5
2.2
1.3
1.4
1.8
1.9
1.6
1.1
1.1
1.4
1.3
1.5
1.9
2.1
1.8
1.5
1.7
1.9
1.8
1.3
1.3
1.4
1.5
1.5
1.7
1.9
2.0
1.9
1.6
1.2
2.0
1.9
1.1
1.1
1.3
1.3
1.4
1.6
1.5
1.3
1.5
1.7
1.6
1.7
1.8
0.7
0.2
1.0
1.7
1.6
1.1
0.8
0.7
1.0
1.4
1.4
1.0
1.2
1.4
1.2
1.1
1.5
2.0
2.1
2.0
1.9
1.7
1.5
1.6
2.0
1.8
1.5
1.8
2.0
2.1
2.4
2.5
2.1
2.0
2.2
1.8
1.3
1.3
1.7
1.9
2.0
1.9
1.7
1.9
2.1
2.2
2.1
1.7
1.8
1.8
1.4
1.4
1.6
2.0
1.9
2.1
1.6
1.0
1.0
1.5
2.2
2.4
2.2
2.3
2.4
2.0
2.0
2.2
2.2
1.6
1.7
1.8
1.6
1.7
2.0
2.2
2.4
2.6
2.3
2.2
2.2
2.4
2.8
2.9
2.8
2.6
3.6
3.4
1.9
1.2
1.7
2.6
2.8
2.8
2.4
1.9
2.0
2.5
2.6
2.3
2.3
2.5
2.1
2.1
2.4
1.9
1.5
2.0
1.8
1.7
2.2
2.3
1.7
1.2
1.3
1.6
1.6
1.4
1.5
1.5
1.5
2.0
3.0
3.3
2.7
2.4
1.9
1.4
1.6
2.0
1.7
1.5
1.8
1.8
1.5
1.6
1.8
2.0
2.0
2.0
1.9
1.7
2.1
2.6
3.0
3.0
2.3
1.7
1.8
2.3
2.8
2.6
2.2
2.0
2.2
2.3
2.3
2.1
1.9
1.9
2.1
2.3
2.5
2.2
1.7
2.1
2.4
2.0
1.6
1.9
2.4
2.3
2.6
3.0
2.9
1.9
1.5
1.8
2.1
1.8
1.5
1.4
2.0
2.1
1.7
1.9
2.4
2.4
1.9
1.7
1.7
1.4
1.4
1.8
2.1
2.5
2.5
2.2
2.0
2.0
2.4
2.5
2.3
2.2
1.9
2.3
3.3
3.5
3.1
3.0
3.1
2.9
2.4
1.8
1.9
2.3
2.3
2.2
2.1
1.7
1.9
2.4
2.6
2.1
1.9
2.3
2.6
2.2
2.2
2.3
2.7
2.8
2.0
1.3
1.6
2.1
1.7
1.2
1.2
1.4
1.3
1.5
1.8
1.7
1.6
1.8
2.0
2.0
1.6
1.6
2.0
2.3
2.1
2.0
2.2
2.4
2.2
2.0
1.8
1.7
2.0
2.3
2.1
2.0
2.1
2.4
2.4
2.2
2.3
2.2
2.4
2.8
2.7
2.6
2.5
2.7
2.5
2.7
2.9
2.0
1.3
1.2
2.0
2.8
2.4
1.3
1.2
1.7
2.2
2.5
2.4
1.5
0.9
1.1
2.0
2.5
2.3
1.7
1.3
1.5
1.7
1.9
1.6
1.4
1.7
1.8
2.0
2.0
1.6
1.7
2.6
2.9
2.2
1.8
1.9
1.5
1.9
2.7
2.7
2.4
2.1
2.4
2.4
2.6
2.5
2.7
2.6
2.0
2.1
2.6
2.9
3.4
3.5
2.9
1.7
1.2
1.9
2.1
2.2
2.1
2.0
2.0
2.2
2.7
2.5
2.0
1.8
1.5
1.3
1.3
1.5
1.9
1.3
0.9
1.2
2.1
2.4
1.5
1.0
1.3
1.9
1.9
0.9
0.3
0.8
1.2
1.6
2.3
2.2
1.8
1.6
2.0
2.8
2.8
2.4
2.7
3.2
3.2
3.1
3.5
3.5
2.7
2.5
2.5
2.8
2.8
2.7
2.7
2.5
2.6
2.0
1.9
2.2
2.4
2.5
2.4
2.9
2.9
2.8
3.2
2.6
2.2
2.6
2.0
1.0
1.1
1.5
1.7
1.8
1.6
1.5
2.0
1.6
1.1
1.5
1.7
1.2
1.0
1.4
1.8
1.9
2.4
2.8
2.8
2.1
1.6
2.1
2.6
2.4
2.2
2.3
2.4
2.2
2.2
2.4
2.5
2.7
3.0
2.4
2.0
2.5
3.2
3.0
2.5
2.5
2.8
2.3
2.2
2.0
1.3
1.4
1.6
2.5
2.2
1.4
0.9
1.2
1.9
2.6
1.8
1.1
1.1
0.9
0.9
1.4
1.8
2.0
2.3
2.2
1.6
1.5
1.9
2.1
2.2
2.1
1.6
2.0
2.7
2.9
2.3
1.7
1.7
2.0
2.2
2.4
2.4
2.0
2.3
2.5
2.5
1.9
1.6
1.9
2.0
2.2
2.4
2.4
2.7
3.3
3.4
3.0
2.4
2.0
2.1
2.4
2.4
2.2
1.8
1.7
1.4
1.2
1.5
2.1
1.6
1.2
1.0
1.1
0.8
0.2
-0.1
-0.1
0.1
0.1
-0.8
-1.3
-1.3
-1.2
-1.3
-1.5
-1.6
-1.6
-2.1
-2.7
-2.9
-2.5
-2.2
-2.0
-2.0
-2.2
-2.5
-2.7
-2.5
-2.2
-1.9
-1.5
-2.1
-2.5
-2.2
-1.7
-1.1
-1.0
-1.3
-1.7
-1.6
-1.8
-1.5
-1.3
-1.3
-1.6
-1.8
-1.6
-1.5
-1.3
-1.6
-1.8
-1.4
-1.3
-1.5
-1.5
-1.5
-1.6
-1.7
-1.9
-1.9
-2.0
-2.2
-2.5
-2.7
-2.2
-2.2
-2.4
-2.8
-2.8
-2.6
-2.5
-2.3
-2.2
-2.1
-2.1
-2.2
-1.9
-2.0
-2.3
-2.9
-3.2
-3.0
-2.7
-2.2
-2.2
-2.4
-2.8
-3.0
-2.7
-2.2
-2.3
-2.4
-2.7
-2.7
-2.6
-2.1
-1.6
-1.9
-2.2
-2.0
-1.9
-2.0
-1.9
-1.7
-1.5
-1.5
-1.7
-2.2
-2.3
-1.9
-1.7
-2.1
-2.4
-2.3
-1.8
-2.0
-2.6
-2.7
-2.1
-2.0
-2.2
-2.3
