-0.1
-0.1
-0.2
-0.2
-0.3
-0.3
-0.3
-0.3
-0.4
-0.4
-0.4
-0.4
-0.4
-0.4
-0.4
-0.4
-0.4
-0.5
-0.5
-0.6
-0.6
-0.6
-0.5
-0.5
-0.4
-0.3
-0.3
-0.1
0.0
0.0
0.1
0.2
0.3
0.4
0.4
0.5
0.5
0.6
0.6
0.6
0.6
0.6
0.6
0.6
0.6
0.6
0.6
0.6
0.6
0.6
0.6
0.6
0.5
0.3
0.1
0.0
-0.3
-0.5
-0.7
-0.9
-0.9
-1.0
-1.0
-0.9
-0.9
-0.8
-0.7
-0.7
-0.7
-0.7
-0.7
-0.7
-0.7
-0.7
-0.6
-0.5
-0.3
-0.1
0.0
0.0
0.1
0.2
0.1
0.1
0.1
0.1
0.1
0.1
0.2
0.3
0.4
0.4
0.5
0.5
0.6
0.6
0.6
0.6
0.6
0.6
0.7
0.7
0.7
0.6
0.6
0.6
0.6
0.6
0.6
0.6
0.6
0.6
0.6
0.6
0.6
0.6
0.5
0.4
0.4
0.4
0.3
0.3
0.3
0.2
0.2
0.2
0.2
0.2
0.2
0.2
0.3
0.3
0.3
0.3
0.3
0.2
0.1
0.1
0.0
0.0
0.1
0.1
0.2
0.3
0.4
0.4
0.5
0.6
0.6
0.7
0.8
0.9
1.0
1.0
1.1
1.1
1.1
1.1
1.1
1.1
1.1
1.0
1.0
1.0
1.1
1.0
1.0
1.0
1.0
1.0
1.0
1.0
1.0
1.0
1.0
0.9
0.8
0.7
0.6
0.5
0.3
0.2
0.2
0.1
0.1
0.1
0.1
0.2
0.2
0.3
0.3
0.4
0.4
0.5
0.6
0.6
0.7
0.7
0.7
0.7
0.6
0.6
0.6
0.6
0.5
0.5
0.6
0.6
0.8
0.8
1.0
1.1
1.2
1.4
1.5
1.6
1.7
1.7
1.6
1.6
1.5
1.5
1.5
1.5
1.4
1.4
1.4
1.4
1.4
1.4
1.4
1.3
1.3
1.3
1.2
1.2
1.2
1.1
1.1
1.0
0.9
0.8
0.8
0.7
0.6
0.5
0.5
0.5
0.4
0.4
0.4
0.5
0.5
0.6
0.6
0.7
0.7
0.8
0.8
0.8
0.8
0.8
0.8
0.8
0.8
0.8
0.8
0.8
0.9
0.9
1.0
1.0
1.0
1.1
1.1
1.1
1.0
1.0
1.0
0.9
0.9
0.8
0.8
0.9
0.9
0.9
0.9
0.9
0.9
0.9
1.0
1.1
1.1
1.1
1.1
1.1
1.2
1.2
1.2
1.2
1.2
1.2
1.3
1.3
1.4
1.4
1.5
1.5
1.5
1.5
1.5
1.4
1.3
1.2
1.1
1.1
1.1
1.1
1.1
1.2
1.2
1.2
1.2
1.2
1.1
1.1
1.0
1.0
1.0
0.9
0.9
0.9
0.9
0.9
0.8
0.7
0.5
0.4
0.3
0.3
0.3
0.3
0.4
0.5
0.6
0.7
0.7
0.7
0.7
0.6
0.6
0.6
0.6
0.5
0.5
0.5
0.5
0.5
0.6
0.6
0.8
0.9
1.1
1.2
1.3
1.4
1.5
1.6
1.6
1.6
1.6
1.4
1.3
1.2
1.2
1.1
1.0
1.0
1.0
1.1
1.1
1.1
1.1
1.1
1.0
0.8
0.7
0.6
0.5
0.3
0.2
0.2
0.2
0.2
0.2
0.2
0.2
0.2
0.1
0.2
0.1
0.1
0.2
0.2
0.2
0.3
0.3
0.3
0.2
0.1
0.0
0.0
0.0
0.0
-0.1
-0.1
0.0
0.0
0.0
0.0
0.0
0.1
0.1
0.2
0.3
0.4
0.5
0.6
0.8
0.9
1.1
1.2
1.3
1.3
1.3
1.3
1.3
1.3
1.3
1.3
1.2
1.2
1.1
1.0
1.0
0.8
0.7
0.6
0.5
0.4
0.3
0.1
0.0
0.0
-0.1
-0.2
-0.3
-0.4
-0.4
-0.4
-0.4
-0.4
-0.4
-0.4
-0.4
-0.4
-0.4
-0.4
-0.3
-0.3
-0.3
-0.3
-0.2
-0.2
-0.2
-0.1
-0.1
0.0
0.0
0.0
0.1
0.1
0.2
0.2
0.3
0.4
0.4
0.4
0.4
0.4
0.4
0.3
0.2
0.2
0.2
0.1
0.0
0.0
0.0
0.0
-0.1
-0.1
-0.2
-0.3
-0.4
-0.5
-0.6
-0.6
-0.7
-0.8
-0.9
-0.9
-1.0
-1.0
-1.0
-1.1
-1.1
-1.1
-1.1
-1.0
-1.0
-1.1
-1.1
-1.0
-1.0
-1.0
-0.9
-0.9
-0.8
-0.7
-0.6
-0.5
-0.3
-0.2
-0.1
0.0
0.1
0.1
0.2
0.3
0.3
0.2
0.1
0.1
0.0
0.0
0.0
0.0
-0.1
-0.1
-0.1
-0.1
-0.1
-0.2
-0.3
-0.3
-0.4
-0.5
-0.5
-0.6
-0.6
-0.5
-0.5
-0.5
-0.5
-0.5
-0.6
-0.6
-0.7
-0.7
-0.7
-0.7
-0.6
-0.5
-0.3
-0.2
-0.1
0.0
0.0
0.0
0.0
-0.1
-0.2
-0.2
-0.2
-0.2
-0.2
-0.1
0.0
0.0
0.1
0.2
0.3
0.3
0.3
0.3
0.2
0.2
0.2
0.1
0.1
0.1
0.1
0.2
0.2
0.2
0.2
0.2
0.2
0.2
0.2
0.1
0.1
0.0
0.0
-0.1
-0.1
-0.2
-0.2
-0.3
-0.4
-0.4
-0.4
-0.3
-0.3
-0.2
-0.1
0.0
0.0
0.1
0.2
0.2
0.2
0.2
0.2
0.3
0.3
0.3
0.5
0.6
0.7
0.9
1.1
1.2
1.2
1.2
1.2
1.0
0.8
0.6
0.3
0.1
0.0
-0.1
-0.2
-0.2
-0.2
-0.1
0.0
0.0
0.1
0.1
0.2
0.2
0.2
0.2
0.1
0.0
0.0
0.0
0.0
0.0
-0.1
-0.1
-0.2
-0.2
-0.2
-0.2
-0.2
-0.2
-0.2
-0.1
0.0
0.1
0.1
0.2
0.3
0.4
0.5
0.6
0.6
0.7
0.7
0.8
0.9
1.0
1.0
1.1
1.1
1.1
1.1
1.1
1.1
1.0
0.9
0.9
0.8
0.8
0.8
0.8
0.8
0.8
0.9
0.9
0.9
0.9
0.8
0.8
0.8
0.7
0.6
0.6
0.5
0.5
0.4
0.4
0.3
0.3
0.3
0.3
0.3
0.3
0.3
0.3
0.3
0.3
0.3
0.3
0.3
0.3
0.4
0.5
0.6
0.7
0.7
0.8
0.8
0.8
0.8
0.8
0.8
0.7
0.7
0.7
0.7
0.7
0.7
0.8
0.8
0.7
0.7
0.7
0.8
0.7
0.7
0.7
0.7
0.8
0.8
0.8
0.8
0.8
0.8
0.8
0.7
0.6
0.5
0.3
0.2
0.1
0.0
0.0
-0.1
-0.1
-0.2
-0.2
-0.2
-0.2
-0.2
-0.2
-0.2
-0.2
-0.1
0.0
0.0
0.0
0.0
0.0
0.0
0.0
0.0
-0.1
-0.1
0.0
0.0
0.1
0.2
0.3
0.4
0.5
0.6
0.6
0.7
0.7
0.7
0.8
0.8
1.0
1.1
1.2
1.3
1.3
1.4
1.4
1.3
1.3
1.2
1.2
1.1
1.1
1.0
0.9
0.8
0.6
0.5
0.3
0.1
0.0
-0.1
-0.1
-0.2
-0.1
-0.1
-0.1
-0.1
-0.1
0.0
0.0
-0.1
-0.1
-0.1
-0.1
-0.1
-0.1
0.0
0.0
0.0
0.0
0.1
0.1
0.2
0.2
0.3
0.3
0.4
0.5
0.6
0.7
0.8
0.9
1.0
1.1
1.1
1.2
1.2
1.1
1.1
1.0
0.8
0.7
0.6
0.5
0.4
0.3
0.2
0.2
0.2
0.2
0.2
0.2
0.2
0.1
0.1
0.0
0.0
0.0
-0.1
-0.2
-0.3
-0.4
-0.5
-0.5
-0.6
-0.6
-0.6
-0.6
-0.6
-0.6
-0.6
-0.6
-0.6
-0.6
-0.6
-0.6
-0.5
-0.5
-0.4
-0.4
-0.3
-0.3
-0.3
-0.2
-0.1
-0.1
0.0
0.0
0.0
0.0
0.1
0.1
0.2
0.2
0.2
0.2
0.2
0.2
0.2
0.1
0.1
0.1
0.0
0.0
0.0
-0.1
-0.1
-0.1
-0.2
-0.3
-0.3
-0.3
-0.3
-0.3
-0.4
-0.5
-0.5
-0.5
-0.5
-0.5
-0.4
-0.4
-0.4
-0.3
-0.3
-0.3
-0.3
-0.3
-0.3
-0.4
-0.4
-0.4
-0.5
-0.5
-0.5
-0.5
-0.5
-0.6
-0.6
-0.5
-0.5
-0.5
-0.5
-0.5
-0.5
-0.5
-0.4
-0.4
-0.4
-0.3
-0.3
-0.2
-0.1
-0.1
0.0
0.0
0.0
0.1
0.1
0.2
0.2
0.3
0.3
0.4
0.4
0.4
0.4
0.4
0.4
0.3
0.2
0.1
0.1
0.0
0.0
0.0
0.0
0.0
0.0
0.0
0.0
0.0
0.0
0.0
0.1
0.1
0.1
0.1
0.1
0.1
0.0
0.0
0.0
-0.2
-0.3
-0.4
-0.4
-0.4
-0.4
-0.4
-0.4
-0.3
-0.2
-0.2
-0.1
0.0
0.0
0.1
0.2
0.2
0.2
0.2
0.2
0.2
0.1
0.1
0.1
0.1
0.1
0.2
0.2
0.2
0.2
0.2
0.2
0.2
0.2
0.1
0.1
0.0
0.0
0.0
-0.1
-0.2
-0.3
-0.3
-0.4
-0.5
-0.5
-0.6
-0.6
-0.7
-0.7
-0.7
-0.7
-0.7
-0.7
-0.7
-0.6
-0.6
-0.7
-0.7
-0.7
-0.7
-0.7
-0.7
-0.6
-0.5
-0.4
-0.3
-0.2
0.0
0.0
0.1
0.1
0.2
0.2
0.2
0.2
0.3
0.3
0.3
0.2
0.2
0.2
0.1
0.1
0.1
0.1
0.1
0.1
0.1
0.1
0.0
0.0
0.0
0.0
0.0
0.0
0.1
0.0
0.0
-0.1
-0.2
-0.3
-0.5
-0.6
-0.8
-0.9
-1.0
-1.1
-1.1
-1.1
-1.0
-1.0
-0.9
-0.7
-0.5
-0.3
-0.2
0.0
0.0
0.1
0.3
0.3
0.4
0.4
0.4
0.5
0.5
0.5
0.5
0.5
0.6
0.6
0.6
0.6
0.6
0.6
0.5
0.4
0.3
0.1
0.0
0.0
-0.1
-0.1
-0.1
-0.1
-0.1
-0.1
-0.1
-0.2
-0.2
-0.3
-0.3
-0.4
-0.5
-0.5
-0.5
-0.5
-0.5
-0.5
-0.4
-0.4
-0.3
-0.2
-0.1
-0.1
0.0
0.0
0.0
0.0
0.0
0.0
0.0
0.1
0.2
0.3
0.4
0.5
0.6
0.8
0.8
0.9
0.9
1.0
1.0
0.9
0.9
0.8
0.8
0.7
0.6
0.5
0.4
0.3
0.2
0.0
0.0
-0.1
-0.1
-0.2
-0.3
-0.3
-0.4
-0.4
-0.5
-0.5
-0.6
-0.6
-0.6
-0.6
-0.6
-0.6
-0.5
-0.5
-0.4
-0.4
-0.3
-0.3
-0.4
-0.4
-0.4
-0.4
-0.5
-0.5
-0.5
-0.4
-0.2
-0.1
0.0
0.1
0.3
0.4
0.6
0.7
0.9
1.0
1.1
1.2
1.3
1.3
1.4
1.3
1.3
1.2
1.1
0.9
0.8
0.6
0.5
0.3
0.2
0.0
-0.2
-0.4
-0.5
-0.6
-0.7
-0.8
-0.9
-1.0
-1.0
-1.0
-1.0
-1.0
-1.0
-1.0
-1.0
-0.9
-0.9
-0.8
-0.8
-0.8
-0.8
-0.7
-0.6
-0.5
-0.3
-0.1
0.0
0.1
0.3
0.4
0.4
0.5
0.5
0.5
0.5
0.5
0.6
0.7
0.9
1.0
1.2
1.4
1.5
1.6
1.6
1.6
1.5
1.5
1.3
1.2
1.1
0.9
0.8
0.7
0.6
0.5
0.5
0.5
0.5
0.5
0.5
0.5
0.5
0.5
0.6
0.6
0.7
0.7
0.7
0.6
0.5
0.4
0.3
0.1
0.0
0.0
-0.1
-0.1
0.0
0.0
0.1
0.2
0.3
0.4
0.5
0.5
0.5
0.5
0.5
0.6
0.6
0.6
0.6
0.6
0.6
0.7
0.7
0.7
0.8
0.8
0.9
1.0
1.1
1.2
1.3
1.4
1.4
1.4
1.4
1.5
1.5
1.4
1.4
1.4
1.3
1.2
1.2
1.1
1.1
1.0
1.0
1.0
0.9
0.9
0.8
0.8
0.7
0.7
0.6
0.6
0.5
0.5
0.4
0.3
0.2
0.1
0.0
-0.1
-0.2
-0.4
-0.5
-0.6
-0.7
-0.7
-0.7
-0.7
-0.6
-0.6
-0.5
-0.4
-0.3
-0.2
0.0
0.1
0.2
0.4
0.6
0.7
0.9
1.1
1.2
1.3
1.4
1.5
1.6
1.7
1.7
1.7
1.7
1.6
1.6
1.4
1.3
1.2
1.0
0.9
0.7
0.6
0.4
0.2
0.0
0.0
-0.2
-0.4
-0.5
-0.6
-0.7
-0.8
-0.8
-0.8
-0.8
-0.9
-0.9
-0.9
-0.9
-0.8
-0.7
-0.7
-0.6
-0.5
-0.4
-0.3
-0.2
-0.1
-0.1
-0.1
-0.1
0.0
0.0
0.0
0.1
0.3
0.5
0.7
0.9
1.0
1.2
1.3
1.4
1.5
1.6
1.6
1.7
1.7
1.8
1.8
1.9
1.8
1.8
1.7
1.5
1.4
1.2
1.1
1.0
1.0
0.8
0.7
0.6
0.5
0.3
0.1
0.0
-0.1
-0.3
-0.4
-0.5
-0.6
-0.7
-0.8
-0.8
-0.9
-0.9
-1.0
-1.0
-1.1
-1.1
-1.2
-1.2
-1.2
-1.2
-1.1
-1.1
-1.0
-1.0
-1.0
-0.9
-0.8
-0.7
-0.6
-0.6
-0.5
-0.3
-0.2
0.0
0.1
0.3
0.5
0.7
0.9
1.0
1.2
1.2
1.3
1.3
1.3
1.3
1.3
1.3
1.2
1.2
1.1
1.1
1.0
0.9
0.9
0.8
0.7
0.6
0.5
0.3
0.2
0.0
-0.1
-0.3
-0.5
-0.6
-0.8
-0.8
-1.0
-1.1
-1.2
-1.3
-1.4
-1.5
-1.6
-1.7
-1.7
-1.7
-1.7
-1.6
-1.6
-1.5
-1.5
-1.4
-1.4
-1.3
-1.3
-1.3
-1.3
-1.2
-1.2
-1.1
-1.1
-1.0
-0.9
-0.8
-0.7
-0.6
-0.5
-0.4
-0.4
-0.3
-0.2
-0.2
-0.2
-0.2
-0.1
-0.2
-0.2
-0.3
-0.3
-0.3
-0.3
-0.3
-0.3
-0.3
-0.2
-0.2
-0.2
-0.3
-0.3
-0.4
-0.5
-0.6
-0.6
-0.7
-0.7
-0.8
-0.8
-0.8
-0.8
-0.9
-1.0
-1.0
-1.1
-1.2
-1.2
-1.3
-1.3
-1.4
-1.4
-1.5
-1.5
-1.5
-1.6
-1.6
-1.6
-1.6
-1.6
-1.5
-1.4
-1.3
-1.2
-1.0
-0.8
-0.7
-0.5
-0.4
-0.3
-0.2
-0.2
-0.2
-0.2
-0.3
-0.3
-0.4
-0.4
-0.4
-0.4
-0.4
-0.3
-0.3
-0.3
-0.2
-0.2
-0.2
-0.2
-0.2
-0.2
-0.3
-0.3
-0.4
-0.4
-0.5
-0.6
-0.7
-0.8
-0.9
-1.0
-1.1
-1.2
-1.3
-1.4
-1.5
-1.5
-1.6
-1.6
-1.7
-1.8
-1.9
-2.0
-2.0
-2.1
-2.1
-2.2
-2.2
-2.3
-2.2
-2.2
-2.1
-2.0
-2.0
-1.8
-1.7
-1.5
-1.3
-1.2
-1.1
-1.0
-0.9
-0.8
-0.8
-0.7
-0.7
-0.7
-0.7
-0.7
-0.7
-0.7
-0.8
-0.8
-0.9
-1.0
-1.0
-1.1
-1.1
-1.2
-1.2
-1.3
-1.3
-1.5
-1.6
-1.7
-1.8
-1.9
-2.0
-2.0
-2.0
-2.0
-1.9
-1.8
-1.8
-1.7
-1.7
-1.7
-1.7
-1.6
-1.6
-1.6
-1.5
-1.5
-1.3
-1.2
-1.2
-1.1
-1.1
-1.0
-1.0
-1.0
-1.0
-1.0
-1.0
-1.1
-1.1
-1.2
-1.2
-1.2
-1.2
-1.2
-1.1
-1.0
-1.0
-0.9
-0.8
-0.8
-0.9
-1.0
-1.0
-1.0
-1.1
-1.2
-1.2
-1.2
-1.3
-1.3
-1.2
-1.2
-1.2
-1.2
-1.1
-1.1
-1.0
-1.0
-1.0
-1.0
-1.0
-1.0
-0.9
-0.8
-0.7
-0.6
-0.4
-0.3
-0.3
-0.2
-0.2
-0.1
-0.1
0.0
0.0
0.1
0.2
0.2
0.2
0.1
0.0
-0.2
-0.4
-0.5
-0.7
-0.8
-0.8
-0.8
-0.7
-0.5
-0.4
-0.3
-0.2
-0.2
-0.2
-0.2
-0.2
-0.3
-0.4
-0.4
-0.5
-0.6
-0.6
-0.8
-0.8
-1.0
-1.1
-1.1
-1.1
-1.0
-0.9
-0.8
-0.7
-0.6
-0.5
-0.5
-0.4
-0.4
-0.5
-0.5
-0.6
-0.5
-0.5
-0.4
-0.2
-0.1
0.0
0.2
0.3
0.4
0.4
0.5
0.5
0.4
0.4
0.4
0.5
0.5
0.6
0.6
0.6
0.6
0.5
0.4
0.4
0.2
0.1
0.1
0.0
0.0
0.0
-0.1
-0.2
-0.3
-0.3
-0.3
-0.3
-0.3
-0.3
-0.3
-0.3
-0.3
-0.3
-0.3
-0.3
-0.3
-0.3
-0.2
-0.1
0.0
0.1
0.1
0.2
0.2
0.2
0.2
0.1
0.1
0.1
0.2
0.3
0.4
0.5
0.6
0.7
0.7
0.6
0.6
0.5
0.5
0.5
0.6
0.7
0.8
0.9
0.9
0.9
0.9
0.8
0.7
0.6
0.6
0.6
0.6
0.6
0.6
0.7
0.7
0.7
0.7
0.7
0.7
0.7
0.6
0.6
0.6
0.6
0.7
0.8
0.8
0.9
1.0
1.0
1.0
1.0
1.0
1.0
1.0
0.9
0.9
0.9
0.9
1.0
1.0
1.1
1.2
1.2
1.3
1.5
1.6
1.7
1.7
1.8
1.9
2.0
2.0
1.9
1.8
1.7
1.7
1.7
1.6
1.6
1.5
1.5
1.5
1.5
1.5
1.5
1.6
1.7
1.7
1.7
1.6
1.6
1.6
1.5
1.5
1.5
1.6
1.7
1.7
1.8
1.9
1.9
1.8
1.7
1.6
1.6
1.5
1.5
1.5
1.5
1.6
1.6
1.7
1.7
1.7
1.8
1.9
1.9
2.0
2.0
2.0
2.0
2.0
2.0
2.1
2.1
2.2
2.4
2.5
2.6
2.7
2.8
2.8
2.8
2.8
2.8
2.8
2.8
2.8
2.9
2.9
3.0
3.1
3.1
3.1
3.0
2.8
2.6
2.4
2.3
2.2
2.0
2.0
1.9
1.9
1.9
1.8
1.8
1.8
1.8
1.8
1.7
1.7
1.7
1.7
1.6
1.6
1.5
1.5
1.5
1.6
1.6
1.7
1.7
1.8
1.8
1.8
1.8
1.8
1.8
1.8
1.8
1.9
2.0
2.1
2.1
2.2
2.2
2.2
2.3
2.3
2.4
2.4
2.5
2.6
2.7
2.7
2.7
2.7
2.6
2.5
2.4
2.3
2.2
2.2
2.1
2.1
2.1
2.0
1.9
1.8
1.7
1.6
1.5
1.5
1.4
1.4
1.4
1.4
1.4
1.5
1.5
1.5
1.5
1.5
1.5
1.6
1.6
1.7
1.7
1.7
1.8
1.9
2.0
2.0
2.1
2.2
2.3
2.4
2.5
2.5
2.5
2.5
2.5
2.4
2.4
2.3
2.3
2.3
2.2
2.2
2.2
2.2
2.1
2.1
2.1
2.0
2.0
1.9
1.9
1.8
1.7
1.6
1.5
1.4
1.3
1.3
1.2
1.2
1.2
1.2
1.2
1.3
1.3
1.4
1.4
1.4
1.5
1.4
1.4
1.4
1.4
1.4
1.5
1.5
1.6
1.7
1.8
1.9
1.9
2.0
2.0
2.1
2.1
2.1
2.2
2.2
2.2
2.1
2.1
2.0
2.0
2.0
2.0
2.0
2.0
2.0
2.0
2.0
2.0
2.0
1.9
1.8
1.8
1.7
1.5
1.4
1.2
1.1
1.0
0.9
0.8
0.7
0.6
0.6
0.7
0.7
0.8
0.8
0.8
0.8
0.8
0.9
0.9
0.9
0.9
1.0
1.0
1.1
1.1
1.2
1.3
1.5
1.6
1.7
1.8
2.0
2.2
2.3
2.4
2.5
2.5
2.6
2.7
2.7
2.7
2.6
2.6
2.6
2.5
2.4
2.4
2.3
2.1
2.0
1.9
1.7
1.6
1.6
1.5
1.4
1.3
1.2
1.1
1.1
1.0
0.9
0.9
0.9
0.9
0.9
0.9
0.9
0.9
0.8
0.8
0.8
0.7
0.7
0.8
0.8
0.8
0.9
0.9
1.0
1.1
1.2
1.2
1.3
1.4
1.5
1.6
1.7
1.8
2.0
2.1
2.2
2.3
2.5
2.7
2.8
2.9
2.9
2.9
2.9
2.7
2.7
2.6
2.5
2.5
2.4
2.4
2.4
2.4
2.4
2.3
2.2
2.1
2.0
1.9
1.8
1.7
1.6
1.6
1.5
1.4
1.3
1.3
1.2
1.1
1.0
0.8
0.8
0.7
0.7
0.7
0.8
0.9
1.0
1.1
1.2
1.2
1.2
1.2
1.2
1.1
1.1
1.0
1.0
1.1
1.2
1.3
1.5
1.6
1.7
1.7
1.8
1.7
1.7
1.7
1.6
1.6
1.6
1.6
1.5
1.5
1.5
1.5
1.5
1.4
1.3
1.3
1.2
1.2
1.1
1.0
1.0
0.8
0.8
0.7
0.7
0.6
0.7
0.7
0.8
0.8
0.8
0.9
0.9
0.9
0.8
0.7
0.5
0.3
0.1
0.0
-0.1
-0.1
-0.1
-0.1
0.0
0.1
0.3
0.5
0.6
0.7
0.8
1.0
1.1
1.3
1.5
1.6
1.8
1.9
2.0
2.1
2.2
2.3
2.3
2.4
2.4
2.4
2.4
2.5
2.5
2.5
2.4
2.4
2.3
2.2
2.1
2.0
1.8
1.7
1.5
1.4
1.3
1.2
1.1
1.1
1.0
1.0
0.9
0.9
0.8
0.7
0.6
0.5
0.3
0.2
0.1
0.1
0.1
0.0
0.1
0.1
0.2
0.2
0.2
0.3
0.3
0.3
0.4
0.5
0.5
0.6
0.7
0.8
0.9
0.9
1.0
1.0
1.0
1.1
1.1
1.1
1.1
1.1
1.2
1.2
1.3
1.4
1.5
1.6
1.6
1.6
1.6
1.6
1.5
1.4
1.3
1.2
1.1
1.0
1.0
1.0
1.0
1.0
1.0
1.0
1.1
1.1
1.0
1.0
1.0
0.9
0.8
0.7
0.6
0.5
0.5
0.5
0.5
0.5
0.6
0.6
0.7
0.7
0.7
0.7
0.7
0.7
0.7
0.7
0.7
0.7
0.7
0.7
0.7
0.7
0.7
0.7
0.7
0.7
0.7
0.7
0.8
0.8
0.8
0.9
0.8
0.8
0.7
0.6
0.4
0.3
0.2
0.1
0.1
0.1
0.1
0.2
0.3
0.4
0.4
0.5
0.4
0.4
0.3
0.2
0.1
0.0
0.0
0.0
0.0
0.0
0.0
0.0
0.0
0.0
0.0
0.0
0.0
0.0
0.0
0.0
0.1
0.1
0.2
0.3
0.4
0.5
0.6
0.7
0.7
0.8
0.9
0.9
0.9
0.9
1.0
1.0
1.1
1.1
1.1
1.1
1.1
1.1
1.0
0.9
0.8
0.6
0.4
0.3
0.2
0.1
0.1
0.0
0.0
0.0
0.0
0.0
0.0
0.0
0.0
-0.1
-0.1
-0.1
-0.2
-0.2
-0.3
-0.4
-0.4
-0.4
-0.4
-0.5
-0.5
-0.5
-0.5
-0.5
-0.5
-0.4
-0.4
-0.3
-0.2
-0.1
-0.1
0.0
0.0
0.1
0.2
0.2
0.2
0.2
0.2
0.2
0.1
0.1
0.1
0.1
0.1
0.1
0.2
0.2
0.3
0.4
0.5
0.5
0.5
0.4
0.3
0.3
0.1
0.0
0.0
0.0
-0.1
-0.1
-0.1
-0.1
-0.2
-0.2
-0.3
-0.3
-0.4
-0.4
-0.5
-0.5
-0.5
-0.5
-0.5
-0.5
-0.5
-0.5
-0.5
-0.4
-0.4
-0.3
-0.2
-0.1
0.0
0.1
0.2
0.4
0.5
0.6
0.7
0.7
0.7
0.7
0.8
0.8
0.7
0.7
0.7
0.6
0.5
0.4
0.3
0.1
0.0
0.0
-0.2
-0.3
-0.4
-0.4
-0.4
-0.5
-0.5
-0.5
-0.5
-0.6
-0.6
-0.6
-0.6
-0.6
-0.7
-0.6
-0.7
-0.6
-0.6
-0.6
-0.6
-0.6
-0.6
-0.6
-0.6
-0.6
-0.5
-0.4
-0.4
-0.3
-0.3
-0.2
-0.2
-0.1
0.0
0.0
0.1
0.2
0.2
0.3
0.5
0.5
0.6
0.7
0.7
0.7
0.8
0.8
0.8
0.7
0.6
0.5
0.3
0.2
0.1
0.0
-0.2
-0.3
-0.4
-0.5
-0.6
-0.6
-0.7
-0.8
-0.8
-0.8
-0.8
-0.8
-0.8
-0.8
-0.9
-0.9
-0.9
-0.9
-0.9
-0.9
-0.9
-0.8
-0.8
-0.8
-0.7
-0.7
-0.6
-0.6
-0.6
-0.7
-0.7
-0.6
-0.6
-0.6
-0.5
-0.5
-0.4
-0.3
-0.1
0.0
0.0
0.2
0.3
0.4
0.5
0.6
0.6
0.6
0.5
0.5
0.4
0.4
0.3
0.2
0.1
0.0
-0.1
-0.2
-0.3
-0.5
-0.7
-0.8
-0.9
-1.1
-1.1
-1.2
-1.1
-1.1
-1.1
-1.1
-1.1
-1.0
-0.9
-1.0
-1.0
-1.0
-1.0
-1.0
-1.0
-1.0
-1.0
-1.0
-1.0
-0.9
-0.9
-1.0
-1.0
-0.9
-0.9
-0.8
-0.7
-0.6
-0.5
-0.4
-0.3
-0.2
-0.1
0.0
0.0
0.2
0.3
0.5
0.6
0.7
0.8
0.9
0.8
0.8
0.7
0.6
0.5
0.3
0.2
0.0
0.0
-0.2
-0.5
-0.7
-0.9
-1.1
-1.3
-1.5
-1.7
-1.8
-2.0
-2.1
-2.2
-2.4
-2.5
-2.6
-2.6
-2.6
-2.6
-2.6
-2.5
-2.4
-2.3
-2.2
-2.1
-2.0
-1.9
-1.8
-1.6
-1.5
-1.4
-1.2
-1.1
-1.0
-0.8
-0.7
-0.6
-0.5
-0.3
-0.2
0.0
0.0
0.1
0.2
0.3
0.4
0.4
0.5
0.6
0.6
0.6
0.6
0.6
0.5
0.4
0.2
0.1
0.0
-0.2
-0.4
-0.6
-0.8
-1.0
-1.2
-1.3
-1.5
-1.7
-1.8
-1.9
-1.9
-1.9
-1.9
-1.9
-1.8
-1.7
-1.7
-1.7
-1.6
-1.6
-1.6
-1.6
-1.6
-1.6
-1.6
-1.6
-1.6
-1.6
-1.6
-1.6
-1.5
-1.3
-1.2
-1.0
-0.8
-0.6
-0.4
-0.3
-0.2
-0.1
0.0
0.0
0.0
0.0
0.0
0.0
0.0
0.0
0.0
0.0
0.0
0.0
0.0
-0.1
-0.2
-0.3
-0.4
-0.6
-0.8
-1.1
-1.3
-1.6
-1.8
-2.2
-2.4
-2.6
-2.8
-2.9
-3.0
-3.1
-3.1
-3.2
-3.2
-3.2
-3.2
-3.2
-3.2
-3.2
-3.1
-3.1
-3.1
-3.0
-3.0
-3.0
-3.0
-2.9
-2.9
-2.8
-2.7
-2.6
-2.5
-2.4
-2.3
-2.2
-2.1
-2.0
-1.9
-1.8
-1.7
-1.6
-1.4
-1.2
-1.0
-0.8
-0.7
-0.6
-0.5
-0.4
-0.5
-0.5
-0.6
-0.7
-0.9
-1.0
-1.1
-1.2
-1.3
-1.4
-1.4
-1.5
-1.6
-1.6
-1.7
-1.8
-1.9
-2.0
-2.0
-2.1
-2.1
-2.1
-2.1
-2.0
-2.0
-2.0
-2.0
-2.1
-2.1
-2.2
-2.2
-2.3
-2.3
-2.3
-2.2
-2.1
-2.0
-1.9
-1.8
-1.7
-1.6
-1.5
-1.4
-1.3
-1.2
-1.1
-1.0
-0.9
-0.8
-0.8
-0.7
-0.6
-0.5
-0.4
-0.4
-0.3
-0.3
-0.2
-0.2
-0.2
-0.2
-0.3
-0.4
-0.5
-0.6
-0.7
-0.9
-1.0
-1.1
-1.2
-1.3
-1.4
-1.5
-1.6
-1.6
-1.6
-1.7
-1.8
-1.8
-1.9
-2.0
-2.0
-2.0
-2.1
-2.2
-2.3
-2.4
-2.4
-2.5
-2.6
-2.6
-2.7
-2.6
-2.6
-2.5
-2.4
-2.3
-2.3
-2.2
-2.2
-2.1
-2.0
-1.9
-1.8
-1.7
-1.6
-1.5
-1.5
-1.5
-1.5
-1.5
-1.5
-1.5
-1.5
-1.6
-1.6
-1.6
-1.7
-1.7
-1.8
-1.9
-1.9
-2.0
-2.0
-2.0
-2.0
-2.0
-2.0
-2.0
-2.1
-2.1
-2.1
-2.1
-2.1
-2.1
-2.1
-2.0
-2.0
-1.9
-1.8
-1.7
-1.7
-1.7
-1.6
-1.6
-1.6
-1.6
-1.6
-1.7
-1.7
-1.7
-1.7
-1.7
-1.7
-1.7
-1.7
-1.7
-1.6
-1.6
-1.6
-1.6
-1.6
-1.7
-1.7
-1.7
-1.8
-1.8
-1.9
-1.9
-1.9
-2.0
-2.2
-2.3
-2.5
-2.6
-2.8
-2.9
-3.1
-3.1
-3.2
-3.1
-3.1
-3.1
-3.1
-3.0
-3.0
-3.1
-3.1
-3.1
-3.1
-3.2
-3.2
-3.3
-3.3
-3.3
-3.4
-3.3
-3.3
-3.2
-3.2
-3.1
-3.0
-3.0
-2.9
-2.8
-2.7
-2.6
-2.5
-2.4
-2.3
-2.3
-2.2
-2.2
-2.1
-2.1
-2.1
-2.1
-2.2
-2.1
-2.1
-2.1
-2.1
-2.1
-2.1
-2.1
-2.1
-2.1
-2.1
-2.1
-2.1
-2.1
-2.0
-2.0
-2.0
-2.0
-2.0
-2.0
-2.0
-2.1
-2.2
-2.3
-2.4
-2.4
-2.4
-2.4
-2.4
-2.4
-2.4
-2.4
-2.4
-2.4
-2.5
-2.6
-2.7
-2.7
-2.7
-2.7
-2.6
-2.5
-2.4
-2.3
-2.1
-2.0
-1.9
-1.8
-1.8
-1.7
-1.7
-1.8
-1.8
-1.9
-1.9
-1.9
-2.0
-1.9
-1.9
-1.9
-1.8
-1.8
-1.9
-1.9
-1.9
-2.0
-2.1
-2.1
-2.2
-2.2
-2.3
-2.3
-2.4
-2.3
-2.4
-2.4
-2.4
-2.5
-2.5
-2.6
-2.6
-2.6
-2.6
-2.6
-2.6
-2.5
-2.4
-2.3
-2.2
-2.2
-2.1
-2.2
-2.2
-2.2
-2.2
-2.3
-2.4
-2.4
-2.3
-2.2
-2.1
-2.0
-1.9
-1.8
-1.7
-1.7
-1.6
-1.6
-1.6
-1.7
-1.8
-1.8
-1.8
-1.9
-1.9
-1.9
-2.0
-1.9
-1.8
-1.8
-1.7
-1.7
-1.7
-1.6
-1.6
-1.6
-1.6
-1.6
-1.6
-1.7
-1.7
-1.7
-1.7
-1.7
-1.7
-1.7
-1.7
-1.7
-1.7
-1.7
-1.7
-1.7
-1.7
-1.6
-1.5
-1.3
-1.2
-1.0
-0.8
-0.7
-0.6
-0.5
-0.4
-0.4
-0.3
-0.3
-0.2
-0.2
-0.1
-0.1
-0.1
-0.1
-0.1
-0.1
0.0
0.0
0.1
0.2
0.3
0.4
0.5
0.6
0.6
0.6
0.6
0.6
0.6
0.7
0.7
0.7
0.7
0.6
0.6
0.5
0.5
0.4
0.3
0.2
0.2
0.1
0.1
0.1
0.0
0.0
0.0
0.0
0.0
0.0
0.0
0.0
0.0
0.1
0.1
0.2
0.2
0.3
0.3
0.3
0.3
0.2
0.2
0.1
0.1
0.0
0.0
0.0
0.0
0.0
0.0
0.0
0.0
0.0
-0.1
-0.1
-0.1
0.0
0.0
0.0
0.0
0.1
0.1
0.2
0.2
0.2
0.2
0.2
0.2
0.2
0.2
0.2
0.3
0.3
0.4
0.6
0.6
0.6
0.7
0.7
0.7
0.7
0.6
0.6
0.5
0.4
0.3
0.3
0.2
0.2
0.1
0.1
0.0
0.0
0.0
0.0
0.0
0.0
0.0
0.0
0.1
0.2
0.3
0.4
0.5
0.7
0.7
0.8
0.8
0.7
0.6
0.5
0.4
0.3
0.1
0.0
-0.1
-0.1
-0.2
-0.2
-0.2
-0.1
0.0
0.1
0.2
0.3
0.3
0.4
0.4
0.4
0.4
0.4
0.4
0.5
0.5
0.5
0.5
0.5
0.4
0.3
0.2
0.1
0.0
0.0
-0.1
-0.1
-0.1
-0.1
-0.1
-0.1
-0.1
0.0
0.0
0.0
0.1
0.1
0.2
0.3
0.4
0.5
0.5
0.5
0.6
0.6
0.6
0.6
0.6
0.6
0.7
0.7
0.7
0.7
0.7
0.8
0.8
0.8
0.8
0.7
0.7
0.6
0.6
0.5
0.4
0.4
0.3
0.3
0.3
0.4
0.4
0.4
0.4
0.5
0.5
0.6
0.6
0.5
0.5
0.5
0.5
0.4
0.4
0.3
0.4
0.4
0.5
0.6
0.7
0.8
0.9
1.0
1.1
1.1
1.2
1.2
1.2
1.2
1.1
1.0
1.0
1.0
1.0
1.0
1.1
1.2
1.3
1.5
1.6
1.7
1.8
1.8
1.8
1.9
1.9
1.9
1.9
1.9
2.0
2.2
2.2
2.3
2.3
2.3
2.2
2.1
2.0
1.8
1.6
1.5
1.4
1.3
1.3
1.2
1.2
1.2
1.2
1.2
1.2
1.2
1.2
1.2
1.1
1.1
1.1
1.1
1.1
1.1
1.1
1.1
1.1
1.0
1.1
1.1
1.1
1.1
1.1
1.1
1.1
1.1
1.1
1.2
1.2
1.2
1.3
1.4
1.6
1.7
1.8
1.9
2.0
2.1
2.2
2.2
2.1
2.1
2.1
2.1
2.1
2.0
2.0
2.0
2.0
2.0
2.0
1.9
1.8
1.7
1.5
1.4
1.2
1.1
1.0
0.9
0.8
0.8
0.8
0.8
0.8
0.9
0.9
1.0
1.0
1.0
0.9
0.8
0.7
0.6
0.5
0.5
0.5
0.5
0.5
0.6
0.6
0.7
0.7
0.7
0.7
0.7
0.6
0.6
0.6
0.7
0.8
0.9
1.0
1.0
1.1
1.2
1.3
1.4
1.4
1.5
1.5
1.6
1.6
1.6
1.6
1.5
1.4
1.2
1.1
0.9
0.8
0.7
0.5
0.4
0.2
0.1
0.0
0.0
0.0
-0.1
-0.1
-0.1
-0.1
0.0
0.0
0.0
0.0
0.0
0.0
0.0
0.0
0.0
0.0
0.0
0.1
0.1
0.0
0.0
0.0
0.0
0.0
0.0
0.1
0.2
0.3
0.4
0.6
0.7
0.8
0.9
1.0
1.1
1.1
1.1
1.1
1.1
1.2
1.2
1.1
1.1
1.1
1.1
1.1
1.1
1.0
1.0
0.9
0.8
0.8
0.8
0.7
0.6
0.5
0.4
0.4
0.3
0.2
0.2
0.1
0.0
0.0
0.0
0.0
0.0
0.0
-0.1
-0.1
-0.2
-0.2
-0.2
-0.2
-0.2
-0.2
-0.1
-0.1
-0.1
-0.1
0.0
0.0
0.0
0.1
0.2
0.2
0.2
0.2
0.2
0.2
0.1
0.0
0.0
0.0
0.0
0.0
0.0
0.1
0.2
0.3
0.4
0.5
0.6
0.6
0.7
0.7
0.7
0.6
0.6
0.5
0.4
0.4
0.3
0.2
0.2
0.2
0.2
0.2
0.2
0.3
0.3
0.3
0.3
0.2
0.2
0.1
0.0
0.0
-0.1
-0.2
-0.3
-0.4
-0.4
-0.4
-0.4
-0.4
-0.4
-0.4
-0.3
-0.3
-0.3
-0.3
-0.2
-0.2
-0.1
0.0
0.0
0.0
0.0
0.0
0.0
0.0
0.1
0.1
0.2
0.4
0.5
0.6
0.7
0.7
0.8
0.8
0.7
0.7
0.7
0.6
0.6
0.6
0.5
0.5
0.5
0.5
0.5
0.5
0.4
0.4
0.3
0.3
0.2
0.2
0.1
0.0
0.0
0.0
-0.1
-0.1
-0.1
-0.1
0.0
0.0
0.0
0.1
0.2
0.2
0.3
0.4
0.5
0.6
0.6
0.7
0.8
0.8
0.8
0.8
0.8
0.8
0.8
0.8
0.9
0.9
1.1
1.2
1.3
1.4
1.5
1.5
1.5
1.6
1.5
1.5
1.5
1.5
1.4
1.4
1.4
1.3
1.3
1.2
1.1
1.0
0.9
0.9
0.8
0.7
0.6
0.5
0.4
0.2
0.1
0.0
0.0
0.0
0.0
0.0
0.0
0.0
0.1
0.2
0.2
0.2
0.1
0.1
0.1
0.1
0.1
0.1
0.1
0.1
0.1
0.1
0.1
0.1
0.0
0.0
0.0
0.0
0.1
0.2
0.3
0.4
0.5
0.6
0.8
0.9
1.0
1.1
1.2
1.2
1.3
1.3
1.3
1.4
1.4
1.3
1.3
1.3
1.3
1.2
1.2
1.2
1.1
1.0
0.9
0.8
0.7
0.6
0.4
0.3
0.2
0.1
0.0
0.0
-0.1
-0.2
-0.3
-0.3
-0.4
-0.4
-0.4
-0.4
-0.4
-0.3
-0.2
-0.1
0.0
0.0
0.1
0.1
0.1
0.0
-0.1
-0.2
-0.3
-0.5
-0.6
-0.6
-0.6
-0.6
-0.5
-0.4
-0.3
-0.1
0.0
0.0
0.2
0.2
0.3
0.3
0.2
0.2
0.1
0.0
0.0
0.0
0.0
0.0
0.0
0.0
-0.1
-0.1
-0.2
-0.3
-0.4
-0.5
-0.6
-0.7
-0.8
-0.9
-1.0
-1.1
-1.2
-1.2
-1.3
-1.3
-1.3
-1.3
-1.3
-1.3
-1.2
-1.2
-1.1
-1.1
-1.1
-1.1
-1.2
-1.2
-1.2
-1.1
-1.1
-1.0
-1.0
-0.9
-0.8
-0.8
-0.8
-0.8
-0.9
-0.9
-0.8
-0.8
-0.8
-0.7
-0.7
-0.6
-0.5
-0.4
-0.3
-0.3
-0.2
-0.1
-0.1
0.0
0.0
0.0
0.1
0.0
0.0
0.0
0.0
-0.1
-0.2
-0.3
-0.3
-0.3
-0.3
-0.4
-0.5
-0.6
-0.7
-0.8
-0.8
-0.8
-0.8
-0.7
-0.6
-0.4
-0.2
0.0
0.2
0.4
0.6
0.8
1.0
1.1
1.2
1.3
1.3
1.3
1.3
1.3
1.3
1.3
1.3
1.3
1.3
1.3
1.3
1.3
1.3
1.3
1.3
1.3
1.3
1.3
1.3
1.3
1.4
1.5
1.6
1.6
1.7
1.7
1.7
1.7
1.6
1.5
1.5
1.4
1.3
1.3
1.2
1.2
1.0
0.9
0.8
0.7
0.6
0.6
0.5
0.5
0.4
0.5
0.5
0.5
0.5
0.5
0.5
0.4
0.4
0.3
0.3
0.3
0.3
0.3
0.4
0.5
0.5
0.6
0.7
0.7
0.8
0.8
0.9
0.9
0.9
0.9
1.0
1.0
1.0
1.0
1.0
1.0
1.0
1.0
1.0
1.0
1.0
1.0
1.0
1.1
1.1
1.1
1.0
1.0
1.0
0.9
0.8
0.7
0.6
0.5
0.4
0.4
0.4
0.3
0.2
0.2
0.1
0.1
0.1
0.1
0.0
0.0
0.0
0.1
0.1
0.1
0.1
0.1
0.2
0.2
0.2
0.3
0.4
0.4
0.5
0.6
0.7
0.8
0.9
0.9
1.0
1.1
1.1
1.1
1.1
1.0
1.0
1.0
1.0
1.0
1.0
1.0
1.1
1.1
1.1
1.0
1.0
1.0
1.0
1.0
1.0
1.0
0.9
0.9
0.9
0.8
0.7
0.6
0.6
0.6
0.5
0.5
0.4
0.4
0.4
0.4
0.3
0.3
0.2
0.2
0.3
0.3
0.3
0.3
0.4
0.3
0.3
0.3
0.3
0.3
0.3
0.3
0.4
0.4
0.5
0.6
0.6
0.7
0.7
0.6
0.6
0.6
0.6
0.6
0.6
0.6
0.7
0.8
0.9
0.9
0.8
0.8
0.7
0.6
0.5
0.3
0.2
0.1
0.0
0.0
0.0
0.0
0.0
0.1
0.1
0.1
0.1
0.0
0.0
0.0
0.0
0.0
0.0
0.0
0.0
0.0
0.0
0.0
0.0
-0.1
-0.1
-0.2
-0.3
-0.4
-0.4
-0.4
-0.4
-0.4
-0.4
-0.3
-0.3
-0.2
-0.1
0.0
0.0
0.0
0.0
0.0
0.1
0.2
0.3
0.3
0.4
0.4
0.5
0.5
0.6
0.6
0.5
0.5
0.5
0.5
0.6
0.5
0.6
0.6
0.6
0.5
0.5
0.4
0.3
0.3
0.1
0.0
0.0
-0.1
-0.2
-0.2
-0.3
-0.4
-0.5
-0.6
-0.7
-0.7
-0.7
-0.7
-0.7
-0.7
-0.7
-0.7
-0.7
-0.7
-0.7
-0.7
-0.7
-0.6
-0.5
-0.4
-0.3
-0.1
0.0
0.1
0.2
0.3
0.4
0.5
0.5
0.6
0.6
0.7
0.8
0.9
1.0
1.0
1.1
1.2
1.3
1.3
1.3
1.2
1.2
1.1
1.1
1.1
1.1
1.1
1.0
1.0
0.8
0.7
0.4
0.2
0.0
-0.2
-0.4
-0.5
-0.6
-0.6
-0.6
-0.6
-0.6
-0.5
-0.5
-0.5
-0.5
-0.5
-0.5
-0.6
-0.6
-0.6
-0.6
-0.6
-0.6
-0.6
-0.5
-0.5
-0.4
-0.3
-0.2
0.0
0.0
0.1
0.2
0.4
0.4
0.5
0.5
0.5
0.4
0.4
0.4
0.4
0.4
0.4
0.5
0.6
0.6
0.7
0.7
0.7
0.6
0.6
0.5
0.4
0.3
0.1
0.1
0.0
0.0
0.0
-0.1
-0.1
-0.1
-0.2
-0.2
-0.3
-0.3
-0.4
-0.5
-0.6
-0.6
-0.7
-0.7
-0.8
-0.8
-0.8
-0.8
-0.8
-0.8
-0.8
-0.9
-0.8
-0.8
-0.8
-0.8
-0.8
-0.7
-0.6
-0.5
-0.4
-0.3
-0.2
0.0
0.1
0.2
0.3
0.5
0.6
0.6
0.7
0.7
0.8
0.8
0.9
0.9
1.0
1.0
1.1
1.1
1.2
1.2
1.2
1.2
1.2
1.1
1.0
0.9
0.8
0.7
0.6
0.4
0.4
0.3
0.2
0.1
0.1
0.0
0.0
-0.1
-0.3
-0.4
-0.5
-0.6
-0.8
-0.9
-1.0
-1.1
-1.1
-1.1
-1.1
-1.1
-1.0
-0.9
-0.8
-0.7
-0.6
-0.5
-0.5
-0.5
-0.4
-0.4
-0.4
-0.3
-0.3
-0.2
-0.1
-0.1
0.0
0.0
0.1
0.2
0.3
0.4
0.4
0.5
0.5
0.5
0.5
0.6
0.6
0.6
0.7
0.7
0.7
0.7
0.7
0.7
0.6
0.6
0.5
0.3
0.2
0.0
-0.1
-0.3
-0.5
-0.7
-0.9
-1.1
-1.2
-1.3
-1.4
-1.5
-1.6
-1.6
-1.7
-1.7
-1.7
-1.7
-1.7
-1.7
-1.6
-1.6
-1.6
-1.5
-1.5
-1.5
-1.4
-1.3
-1.2
-1.1
-0.9
-0.7
-0.5
-0.3
-0.1
0.0
0.2
0.3
0.4
0.6
0.7
0.7
0.8
0.8
0.8
0.8
0.8
0.8
0.7
0.7
0.6
0.6
0.6
0.5
0.5
0.5
0.5
0.5
0.4
0.3
0.2
0.1
0.0
-0.1
-0.2
-0.4
-0.6
-0.7
-0.9
-1.0
-1.1
-1.1
-1.2
-1.3
-1.4
-1.5
-1.5
-1.4
-1.5
-1.5
-1.5
-1.4
-1.4
-1.3
-1.2
-1.1
-0.9
-0.7
-0.6
-0.3
-0.1
0.1
0.2
0.4
0.6
0.7
0.9
1.0
1.1
1.2
1.3
1.5
1.7
1.9
2.1
2.3
2.5
2.6
2.6
2.6
2.5
2.4
2.2
2.1
1.9
1.6
1.5
1.2
1.1
0.9
0.8
0.7
0.6
0.6
0.5
0.3
0.2
0.0
0.0
-0.2
-0.3
-0.5
-0.6
-0.7
-0.8
-0.8
-0.8
-0.8
-0.8
-0.7
-0.6
-0.6
-0.5
-0.4
-0.3
-0.3
-0.3
-0.2
-0.2
-0.2
-0.2
-0.1
-0.1
0.0
0.0
0.0
0.2
0.3
0.4
0.6
0.7
0.8
0.8
0.8
0.8
0.7
0.6
0.5
0.4
0.3
0.2
0.1
0.0
0.0
0.0
-0.1
-0.2
-0.2
-0.3
-0.4
-0.5
-0.5
-0.5
-0.5
-0.4
-0.4
-0.3
-0.3
-0.3
-0.3
-0.3
-0.3
-0.3
-0.3
-0.4
-0.4
-0.3
-0.3
-0.2
-0.1
0.0
0.0
0.0
0.1
0.1
0.2
0.2
0.2
0.2
0.2
0.3
0.4
0.6
0.7
0.8
0.8
0.9
1.0
1.0
1.0
0.9
0.9
0.9
0.9
0.8
0.8
0.8
0.8
0.7
0.7
0.7
0.7
0.7
0.7
0.7
0.6
0.6
0.6
0.5
0.5
0.4
0.4
0.3
0.3
0.3
0.4
0.4
0.3
0.3
0.3
0.2
0.2
0.1
0.0
0.0
0.0
0.0
-0.1
-0.2
-0.2
-0.2
-0.2
-0.1
-0.1
0.0
0.1
0.2
0.3
0.4
0.5
0.6
0.6
0.7
0.8
0.8
0.8
0.9
0.9
0.9
0.9
0.9
0.8
0.8
0.8
0.8
0.7
0.7
0.7
0.6
0.5
0.5
0.4
0.3
0.1
0.0
0.0
0.0
-0.1
-0.1
-0.1
-0.1
-0.1
-0.2
-0.2
-0.2
-0.2
-0.2
-0.2
-0.2
-0.2
-0.2
-0.2
-0.1
-0.1
0.0
0.0
0.0
0.1
0.2
0.4
0.5
0.6
0.6
0.7
0.8
0.9
1.0
1.1
1.2
1.2
1.2
1.2
1.1
1.1
1.1
1.1
1.0
1.0
1.0
0.9
0.9
0.9
0.8
0.8
0.7
0.7
0.6
0.6
0.5
0.4
0.3
0.2
0.2
0.3
0.3
0.4
0.5
0.6
0.6
0.7
0.7
0.6
0.5
0.5
0.4
0.3
0.3
0.2
0.1
0.1
0.1
0.1
0.1
0.1
0.1
0.1
0.1
0.1
0.1
0.1
0.1
0.1
0.2
0.2
0.3
0.4
0.4
0.5
0.5
0.5
0.5
0.5
0.5
0.5
0.5
0.6
0.7
0.7
0.8
0.8
0.9
1.0
1.0
1.1
1.0
1.0
1.1
1.1
1.1
1.0
0.9
0.8
0.7
0.6
0.5
0.4
0.3
0.1
0.0
0.0
0.0
-0.1
-0.1
-0.1
-0.1
-0.1
0.0
0.0
0.1
0.2
0.3
0.3
0.3
0.3
0.2
0.2
0.2
0.1
0.1
0.2
0.3
0.4
0.4
0.5
0.6
0.8
0.9
1.0
1.1
1.2
1.3
1.3
1.3
1.3
1.3
1.3
1.2
1.2
1.2
1.2
1.2
1.2
1.2
1.2
1.2
1.1
1.1
1.0
1.0
0.9
0.9
0.8
0.8
0.7
0.7
0.7
0.7
0.7
0.7
0.7
0.6
0.6
0.6
0.6
0.7
0.7
0.7
0.7
0.8
0.8
0.9
1.0
1.0
1.1
1.2
1.2
1.3
1.3
1.2
1.3
1.3
1.3
1.3
1.2
1.3
1.3
1.4
1.5
1.5
1.5
1.5
1.6
1.6
1.6
1.6
1.6
1.7
1.7
1.7
1.7
1.6
1.6
1.6
1.6
1.6
1.6
1.7
1.7
1.8
1.9
1.9
1.9
1.9
1.9
1.8
1.8
1.8
1.8
1.8
1.7
1.7
1.7
1.7
1.6
1.6
1.6
1.6
1.6
1.6
1.6
1.6
1.6
1.6
1.5
1.5
1.6
1.6
1.7
1.8
1.9
2.0
2.1
2.2
2.3
2.4
2.4
2.4
2.4
2.4
2.3
2.3
2.2
2.2
2.2
2.2
2.3
2.3
2.4
2.4
2.4
2.5
2.4
2.4
2.4
2.3
2.3
2.2
2.2
2.2
2.1
2.0
2.0
1.9
1.7
1.6
1.3
1.1
0.9
0.7
0.6
0.4
0.3
0.3
0.3
0.4
0.5
0.6
0.6
0.7
0.8
0.8
0.8
0.9
0.9
1.0
1.0
1.1
1.2
1.3
1.4
1.5
1.5
1.5
1.6
1.6
1.6
1.5
1.5
1.4
1.4
1.4
1.4
1.4
1.4
1.4
1.4
1.3
1.3
1.3
1.3
1.2
1.3
1.3
1.3
1.4
1.4
1.3
1.2
1.2
1.1
1.0
0.9
0.7
0.6
0.6
0.5
0.5
0.5
0.5
0.4
0.4
0.4
0.5
0.5
0.5
0.5
0.5
0.6
0.6
0.7
0.7
0.7
0.8
0.9
1.0
1.0
1.1
1.2
1.3
1.4
1.4
1.4
1.4
1.4
1.4
1.4
1.4
1.4
1.4
1.4
1.4
1.4
1.4
1.4
1.4
1.4
1.3
1.2
1.2
1.1
1.0
1.0
0.9
0.8
0.8
0.8
0.7
0.6
0.6
0.5
0.5
0.4
0.3
0.3
0.3
0.3
0.3
0.3
0.3
0.4
0.4
0.4
0.4
0.3
0.4
0.4
0.4
0.5
0.5
0.6
0.6
0.7
0.8
0.8
0.9
1.0
1.1
1.1
1.2
1.3
1.3
1.3
1.3
1.3
1.3
1.3
1.4
1.4
1.4
1.4
1.4
1.4
1.4
1.4
1.4
1.3
1.3
1.3
1.3
1.3
1.2
1.2
1.2
1.1
1.0
0.9
0.8
0.6
0.6
0.5
0.5
0.5
0.4
0.4
0.4
0.3
0.2
0.2
0.1
0.2
0.2
0.2
0.2
0.2
0.3
0.3
0.2
0.2
0.2
0.2
0.2
0.3
0.3
0.4
0.5
0.6
0.7
0.7
0.7
0.7
0.7
0.6
0.6
0.5
0.5
0.4
0.4
0.4
0.4
0.4
0.4
0.4
0.3
0.3
0.3
0.2
0.1
0.0
0.0
-0.2
-0.3
-0.3
-0.4
-0.4
-0.3
-0.3
-0.2
-0.1
-0.1
-0.1
-0.1
-0.2
-0.2
-0.3
-0.4
-0.4
-0.5
-0.5
-0.5
-0.4
-0.4
-0.3
-0.2
-0.2
-0.1
0.0
0.0
0.0
0.1
0.2
0.2
0.3
0.4
0.5
0.6
0.6
0.7
0.8
0.8
0.8
0.8
0.8
0.8
0.8
0.8
0.7
0.7
0.6
0.6
0.5
0.4
0.4
0.3
0.2
0.1
0.1
0.1
0.0
0.0
0.0
0.0
0.0
0.0
0.0
0.1
0.1
0.1
0.1
0.1
0.2
0.3
0.3
0.3
0.4
0.5
0.6
0.6
0.7
0.7
0.8
0.9
0.9
0.9
0.9
0.9
0.9
0.9
0.8
0.8
0.8
0.7
0.6
0.4
0.3
0.2
0.2
0.1
0.0
0.1
0.1
0.1
0.1
0.1
0.1
0.1
0.0
-0.1
-0.2
-0.3
-0.3
-0.4
-0.5
-0.6
-0.7
-0.9
-1.1
-1.3
-1.5
-1.7
-1.8
-2.0
-2.2
-2.3
-2.4
-2.5
-2.7
-2.8
-3.0
-3.1
-3.2
-3.4
-3.5
-3.7
-3.8
-3.9
-4.0
-4.2
-4.3
-4.3
-4.2
-4.2
-4.1
-4.1
-4.1
-4.0
-4.0
-4.0
-4.0
-3.9
-3.9
-3.8
-3.7
-3.5
-3.4
-3.2
-3.1
-2.9
-2.7
-2.5
-2.2
-2.0
-1.7
-1.5
-1.3
-1.1
-0.9
-0.8
-0.7
-0.6
-0.5
-0.3
-0.3
-0.2
-0.3
-0.3
-0.5
-0.6
-0.7
-0.8
-0.9
-1.0
-1.1
-1.1
-1.1
-1.1
-1.2
-1.2
-1.3
-1.3
-1.4
-1.4
-1.5
-1.7
-1.8
-2.0
-2.0
-2.1
-2.2
-2.3
-2.3
-2.2
-2.2
-2.1
-1.9
-1.9
-1.9
-1.9
-2.0
-2.0
-2.2
-2.3
-2.4
-2.6
-2.8
-2.9
-2.9
-3.0
-3.0
-3.0
-3.1
-3.1
-3.1
-3.1
-3.1
-3.1
-3.1
-3.1
-3.1
-3.1
-3.2
-3.2
-3.2
-3.2
-3.2
-3.2
-3.1
-3.0
-2.9
-2.8
-2.7
-2.7
-2.7
-2.7
-2.8
-2.8
-2.9
-2.9
-3.0
-3.0
-3.0
-2.9
-2.8
-2.7
-2.7
-2.7
-2.6
-2.7
-2.7
-2.7
-2.7
-2.7
-2.8
-2.8
-3.0
-3.1
-3.3
-3.3
-3.3
-3.2
-3.0
-2.8
-2.6
-2.2
-1.8
-1.5
-1.2
-1.0
-0.8
-0.7
-0.6
-0.4
-0.2
-0.1
0.0
0.0
0.0
0.1
0.2
0.2
0.1
0.0
0.0
0.0
0.0
0.0
0.0
0.1
0.1
0.1
0.1
0.0
0.0
0.0
-0.1
-0.2
-0.2
-0.2
-0.3
-0.2
-0.2
-0.2
-0.2
-0.1
-0.1
-0.1
-0.1
-0.1
-0.1
0.0
0.0
0.0
-0.1
-0.1
-0.1
-0.1
-0.1
-0.1
-0.1
0.0
0.0
0.0
0.2
0.3
0.3
0.3
0.4
0.4
0.3
0.3
0.3
0.3
0.2
0.2
0.2
0.2
0.2
0.2
0.2
0.2
0.1
0.0
0.0
0.0
0.0
-0.1
-0.1
0.0
0.0
0.1
0.2
0.3
0.3
0.3
0.3
0.4
0.5
0.6
0.6
0.6
0.8
0.8
0.9
0.9
0.8
0.7
0.6
0.5
0.3
0.2
0.1
0.0
0.0
0.0
0.0
0.1
0.2
0.3
0.4
0.4
0.4
0.3
0.3
0.2
0.2
0.1
0.0
0.0
-0.1
-0.1
-0.1
-0.1
-0.1
0.0
0.0
0.0
0.1
0.1
0.1
0.1
0.1
0.1
0.0
0.0
0.0
0.0
0.0
-0.1
-0.2
-0.4
-0.4
-0.3
-0.2
-0.1
0.0
0.0
0.1
0.1
0.0
0.0
-0.2
-0.4
-0.6
-0.8
-0.9
-0.9
-0.8
-0.8
-0.7
-0.6
-0.5
-0.5
-0.4
-0.4
-0.5
-0.5
-0.7
-0.8
-0.9
-1.0
-1.1
-1.1
-1.0
-0.8
-0.7
-0.6
-0.5
-0.5
-0.4
-0.5
-0.5
-0.5
-0.6
-0.6
-0.6
-0.6
-0.6
-0.6
-0.6
-0.6
-0.6
-0.7
-0.7
-0.6
-0.6
-0.5
-0.5
-0.4
-0.4
-0.3
-0.3
-0.3
-0.4
-0.5
-0.6
-0.6
-0.7
-0.7
-0.7
-0.6
-0.6
-0.5
-0.4
-0.4
-0.3
-0.3
-0.4
-0.5
-0.5
-0.6
-0.6
-0.6
-0.5
-0.5
-0.4
-0.3
-0.2
-0.2
-0.3
-0.4
-0.4
-0.5
-0.6
-0.6
-0.5
-0.5
-0.4
-0.3
-0.2
-0.1
0.0
0.0
0.0
-0.1
-0.1
-0.1
-0.1
-0.1
-0.1
-0.1
0.0
0.0
0.0
0.0
0.0
0.0
0.0
0.0
0.0
0.0
-0.1
-0.1
-0.2
-0.3
-0.4
-0.3
-0.3
-0.2
-0.2
-0.1
0.0
0.0
0.0
0.0
0.0
0.0
0.0
0.0
0.0
0.0
0.0
0.0
-0.1
-0.1
-0.1
-0.1
-0.1
0.0
0.0
0.0
0.0
0.0
0.0
0.0
0.0
-0.1
-0.1
-0.2
-0.2
-0.2
-0.2
-0.3
-0.4
-0.4
-0.4
-0.3
-0.3
-0.3
-0.3
-0.3
-0.3
-0.3
-0.3
-0.3
-0.3
-0.3
-0.3
-0.4
-0.4
-0.3
-0.3
-0.3
-0.3
-0.3
-0.3
-0.2
-0.1
0.0
0.0
0.1
0.2
0.2
0.2
0.2
0.1
0.1
0.0
-0.1
-0.2
-0.2
-0.3
-0.3
-0.3
-0.2
-0.2
-0.1
0.0
0.0
0.0
0.0
0.0
0.0
-0.1
-0.1
-0.1
-0.1
-0.1
0.0
0.0
0.0
0.0
-0.1
-0.1
-0.1
0.0
0.0
0.1
0.2
0.3
0.4
0.5
0.6
0.6
0.6
0.6
0.5
0.5
0.5
0.5
0.5
0.5
0.6
0.6
0.6
0.6
0.6
0.6
0.7
0.8
0.8
0.9
0.9
0.9
0.9
0.8
0.8
0.7
0.7
0.6
0.6
0.5
0.6
0.6
0.7
0.7
0.8
0.8
0.8
0.7
0.6
0.5
0.4
0.4
0.3
0.2
0.2
0.2
0.2
0.2
0.2
0.2
0.3
0.3
0.3
0.3
0.4
0.4
0.5
0.5
0.5
0.5
0.5
0.5
0.4
0.4
0.4
0.3
0.3
0.3
0.2
0.2
0.3
0.3
0.4
0.4
0.3
0.3
0.2
0.2
0.1
0.0
0.0
0.0
0.0
0.0
0.0
0.0
0.0
0.1
0.0
0.0
0.0
0.0
0.0
0.0
0.0
0.0
0.0
0.0
0.0
0.0
0.0
0.0
0.0
0.0
0.0
0.0
0.1
0.2
0.3
0.3
0.4
0.5
0.4
0.4
0.3
0.3
0.2
0.1
0.0
-0.1
-0.3
-0.5
-0.7
-0.8
-0.8
-0.8
-0.7
-0.6
-0.5
-0.4
-0.2
-0.1
-0.1
-0.2
-0.3
-0.4
-0.6
-0.6
-0.7
-0.8
-0.9
-1.0
-1.1
-1.1
-1.2
-1.3
-1.4
-1.4
-1.3
-1.2
-1.2
-1.2
-1.2
-1.1
-1.0
-0.9
-0.8
-0.8
-0.8
-0.7
-0.7
-0.8
-0.8
-0.9
-1.0
-1.0
-1.0
-0.9
-0.9
-0.8
-0.7
-0.6
-0.6
-0.6
-0.7
-0.9
-1.0
-1.1
-1.1
-1.1
-1.1
-1.0
-0.9
-0.7
-0.6
-0.5
-0.4
-0.4
-0.5
-0.5
-0.6
-0.8
-0.9
-1.0
-1.1
-1.2
-1.2
-1.2
-1.2
-1.1
-1.0
-0.9
-0.9
-0.8
-0.8
-0.7
-0.7
-0.7
-0.8
-0.7
-0.7
-0.7
-0.8
-0.8
-0.8
-0.8
-0.8
-0.8
-0.8
-0.8
-0.7
-0.7
-0.7
-0.8
-0.8
-0.9
-0.8
-0.8
-0.8
-0.7
-0.6
-0.5
-0.5
-0.4
-0.4
-0.5
-0.6
-0.8
-0.9
-1.0
-1.0
-1.1
-1.1
-1.0
-1.0
-0.9
-0.8
-0.8
-0.7
-0.7
-0.7
-0.8
-0.8
-0.9
-0.9
-0.9
-0.9
-0.9
-0.9
-0.9
-0.9
-0.9
-0.9
-0.9
-1.0
-1.1
-1.2
-1.2
-1.2
-1.2
-1.1
-1.1
-1.1
-1.0
-0.9
-0.8
-0.8
-0.7
-0.7
-0.6
-0.5
-0.4
-0.2
-0.1
0.0
0.1
0.2
0.3
0.4
0.5
0.7
0.8
0.9
0.9
1.0
1.0
1.0
0.9
0.9
0.8
0.7
0.6
0.5
0.4
0.4
0.3
0.2
0.2
0.3
0.3
0.4
0.4
0.5
0.5
0.5
0.4
0.4
0.4
0.3
0.3
0.4
0.5
0.6
0.7
0.8
0.9
0.9
1.0
1.0
0.8
0.5
0.3
0.0
-0.1
-0.3
-0.4
-0.5
-0.4
-0.4
-0.3
-0.2
-0.1
0.0
0.0
0.0
0.0
0.0
0.0
0.0
0.1
0.2
0.2
0.3
0.4
0.4
0.4
0.4
0.4
0.5
0.6
0.6
0.7
0.8
1.0
1.1
1.3
1.4
1.5
1.6
1.7
1.8
1.9
1.9
1.9
1.9
1.9
1.8
1.7
1.7
1.6
1.6
1.5
1.4
1.4
1.4
1.4
1.4
1.4
1.4
1.4
1.5
1.5
1.5
1.5
1.4
1.4
1.5
1.5
1.5
1.5
1.5
1.6
1.6
1.6
1.6
1.5
1.4
1.3
1.2
1.2
1.1
1.1
1.0
1.1
1.2
1.3
1.4
1.5
1.5
1.6
1.5
1.5
1.3
1.2
1.0
0.8
0.7
0.6
0.5
0.5
0.5
0.6
0.7
0.8
1.0
1.1
1.2
1.2
1.3
1.4
1.4
1.4
1.4
1.3
1.2
1.1
1.0
0.9
0.8
0.8
0.8
0.9
1.0
1.0
1.0
1.1
1.1
1.1
1.0
1.0
1.1
1.2
1.3
1.3
1.4
1.5
1.6
1.6
1.6
1.5
1.5
1.3
1.2
1.0
0.9
0.8
0.8
0.8
0.8
0.9
1.1
1.3
1.4
1.5
1.5
1.5
1.4
1.3
1.1
0.9
0.7
0.5
0.5
0.4
0.4
0.5
0.6
0.7
0.9
1.1
1.3
1.5
1.5
1.6
1.6
1.5
1.4
1.3
1.1
1.0
0.9
0.8
0.8
0.8
0.8
0.7
0.7
0.6
0.6
0.6
0.6
0.6
0.6
0.6
0.7
0.8
0.8
0.8
0.7
0.7
0.7
0.6
0.6
0.6
0.6
0.5
0.5
0.4
0.4
0.3
0.3
0.3
0.4
0.4
0.6
0.7
0.8
0.7
0.7
0.7
0.7
0.6
0.6
0.5
0.5
0.5
0.5
0.5
0.5
0.4
0.4
0.3
0.3
0.3
0.3
0.3
0.3
0.3
0.3
0.3
0.3
0.3
0.3
0.3
0.4
0.5
0.6
0.6
0.6
0.6
0.6
0.6
0.5
0.3
0.2
0.2
0.2
0.2
0.2
0.3
0.3
0.4
0.4
0.4
0.4
0.4
0.3
0.2
0.2
0.2
0.2
0.2
0.2
0.1
0.1
0.0
-0.1
-0.2
-0.3
-0.3
-0.3
-0.3
-0.3
-0.2
-0.1
-0.1
-0.2
-0.2
-0.3
-0.4
-0.4
-0.6
-0.7
-0.8
-0.9
-1.0
-1.2
-1.3
-1.4
-1.5
-1.6
-1.6
-1.6
-1.7
-1.6
-1.6
-1.6
-1.6
-1.5
-1.4
-1.3
-1.3
-1.3
-1.3
-1.3
-1.3
-1.3
-1.2
-1.2
-1.2
-1.2
-1.1
-1.0
-1.0
-0.9
-1.0
-1.0
-1.0
-1.0
-1.1
-1.1
-1.1
-1.0
-1.0
-0.9
-0.9
-0.9
-1.0
-1.1
-1.2
-1.2
-1.3
-1.3
-1.3
-1.2
-1.0
-0.8
-0.7
-0.5
-0.5
-0.5
-0.5
-0.6
-0.7
-0.8
-0.8
-0.9
-0.9
-0.9
-0.9
-0.9
-0.8
-0.8
-0.9
-1.0
-1.1
-1.1
-1.2
-1.2
-1.3
-1.4
-1.6
-1.7
-1.7
-1.6
-1.4
-1.3
-1.1
-1.0
-0.9
-0.8
-0.8
-0.8
-0.9
-1.0
-1.1
-1.2
-1.2
-1.2
-1.1
-1.1
-1.0
-1.0
-1.1
-1.1
-1.2
-1.2
-1.2
-1.2
-1.3
-1.3
-1.3
-1.3
-1.2
-1.2
-1.3
-1.3
-1.4
-1.4
-1.4
-1.5
-1.5
-1.4
-1.4
-1.3
-1.2
-1.2
-1.2
-1.1
-1.2
-1.3
-1.4
-1.6
-1.7
-1.7
-1.8
-1.8
-1.8
-1.8
-1.6
-1.5
-1.4
-1.3
-1.3
-1.3
-1.4
-1.5
-1.6
-1.6
-1.7
-1.7
-1.7
-1.6
-1.5
-1.4
-1.3
-1.2
-1.2
-1.2
-1.2
-1.2
-1.2
-1.2
-1.3
-1.4
-1.5
-1.6
-1.6
-1.6
-1.7
-1.6
-1.5
-1.3
-1.2
-1.0
-0.8
-0.6
-0.5
-0.4
-0.4
-0.4
-0.4
-0.5
-0.6
-0.7
-0.7
-0.8
-0.8
-0.8
-0.8
-0.8
-0.8
-0.8
-0.9
-0.9
-1.0
-1.0
-1.1
-1.1
-1.1
-1.0
-1.0
-1.0
-1.0
-1.0
-1.1
-1.2
-1.2
-1.3
-1.3
-1.3
-1.3
-1.2
-1.1
-0.9
-0.8
-0.7
-0.6
-0.6
-0.6
-0.6
-0.7
-0.7
-0.7
-0.7
-0.8
-0.8
-0.9
-0.9
-0.9
-1.0
-1.0
-1.0
-1.0
-1.0
-0.9
-0.9
-0.8
-0.8
-0.8
-0.8
-0.7
-0.7
-0.6
-0.6
-0.5
-0.4
-0.3
-0.2
-0.1
-0.1
-0.1
-0.1
-0.2
-0.2
-0.4
-0.4
-0.5
-0.6
-0.7
-0.9
-1.0
-1.1
-1.1
-1.1
-1.0
-0.9
-0.7
-0.6
-0.5
-0.4
-0.3
-0.3
-0.4
-0.5
-0.6
-0.7
-0.7
-0.7
-0.7
-0.6
-0.6
-0.6
-0.4
-0.3
-0.2
-0.1
-0.1
-0.1
-0.1
-0.1
-0.3
-0.4
-0.6
-0.8
-0.8
-0.8
-0.8
-0.8
-0.7
-0.5
-0.4
-0.2
-0.2
-0.1
-0.2
-0.2
-0.3
-0.3
-0.4
-0.4
-0.5
-0.6
-0.6
-0.8
-0.9
-1.0
-1.1
-1.1
-1.0
-0.9
-0.7
-0.5
-0.3
0.0
0.1
0.2
0.2
0.2
0.3
0.4
0.5
0.5
0.6
0.7
0.8
0.8
0.9
0.9
0.8
0.8
0.7
0.6
0.5
0.5
0.5
0.5
0.5
0.6
0.6
0.7
0.8
0.8
0.7
0.6
0.4
0.4
0.3
0.3
0.4
0.4
0.6
0.7
0.8
0.9
0.9
0.9
0.8
0.7
0.7
0.6
0.6
0.6
0.5
0.5
0.4
0.4
0.3
0.3
0.2
0.2
0.2
0.1
0.1
0.1
0.1
0.1
0.0
0.0
0.0
0.0
0.0
0.1
0.2
0.3
0.3
0.4
0.4
0.4
0.4
0.4
0.4
0.3
0.2
0.2
0.2
0.1
0.1
0.0
0.0
0.0
0.0
0.0
0.0
0.0
0.0
0.1
0.1
0.1
0.2
0.2
0.2
0.1
0.1
0.0
0.0
0.1
0.1
0.1
0.1
0.2
0.3
0.4
0.4
0.4
0.4
0.3
0.3
0.2
0.2
0.2
0.1
0.1
0.1
0.2
0.2
0.2
0.2
0.2
0.2
0.1
0.1
0.0
0.0
0.0
0.0
0.0
0.0
0.1
0.1
0.1
0.2
0.1
0.1
0.0
-0.1
-0.2
-0.2
-0.3
-0.3
-0.2
0.0
0.1
0.2
0.4
0.5
0.6
0.7
0.8
0.8
0.9
0.9
1.0
1.1
1.1
1.2
1.3
1.3
1.4
1.4
1.5
1.5
1.6
1.6
1.7
1.7
1.7
1.7
1.7
1.7
1.7
1.7
1.7
1.7
1.7
1.7
1.6
1.5
1.5
1.5
1.5
1.4
1.4
1.4
1.4
1.3
1.2
1.2
1.1
1.1
1.1
1.1
1.1
1.2
1.3
1.5
1.5
1.6
1.6
1.5
1.4
1.4
1.4
1.3
1.3
1.2
1.2
1.2
1.2
1.3
1.3
1.3
1.4
1.5
1.5
1.6
1.7
1.7
1.8
1.8
1.8
1.8
1.8
1.8
1.9
2.0
2.0
2.1
2.2
2.4
2.6
2.9
3.1
3.4
3.6
3.9
4.3
4.7
5.1
5.4
5.7
6.1
6.5
7.0
7.5
8.1
8.8
9.5
10.4
11.3
12.2
13.2
14.2
15.3
16.3
17.3
18.2
19.1
20.0
20.7
21.3
21.8
22.1
22.2
22.2
22.0
21.6
21.2
20.7
20.1
19.5
18.9
18.3
17.7
17.1
16.4
15.8
15.1
14.5
13.8
13.2
12.6
12.0
11.5
11.2
10.8
10.6
10.4
10.3
10.3
10.5
10.8
11.1
11.6
12.2
13.0
13.8
14.8
15.9
17.1
18.5
19.9
21.4
23.0
24.6
26.2
27.8
29.4
30.9
32.4
33.9
35.4
36.8
38.2
39.6
41.0
42.2
43.4
44.5
45.5
46.4
47.1
47.7
48.1
48.5
48.8
49.0
49.2
49.2
49.1
48.9
48.6
48.2
47.7
47.0
46.1
45.2
44.2
43.1
41.8
40.4
38.9
37.3
35.7
34.1
32.5
31.0
29.5
28.0
26.6
25.3
24.0
22.8
21.6
20.4
19.3
18.3
17.3
16.4
15.6
14.7
13.9
13.1
12.4
11.8
11.1
10.5
10.0
9.5
9.1
8.8
8.5
8.2
7.9
7.6
7.4
7.1
6.9
6.6
6.3
6.1
5.9
5.6
5.4
5.1
4.8
4.4
4.1
3.8
3.6
3.4
3.2
3.1
3.0
2.9
2.9
2.8
2.7
2.6
2.5
2.4
2.3
2.2
2.1
1.9
1.8
1.6
1.4
1.2
1.1
1.0
0.8
0.6
0.5
0.4
0.2
0.1
0.0
-0.1
-0.3
-0.4
-0.5
-0.6
-0.7
-0.8
-0.9
-1.1
-1.2
-1.4
-1.5
-1.5
-1.6
-1.6
-1.6
-1.7
-1.7
-1.7
-1.7
-1.7
-1.8
-1.8
-1.9
-2.0
-2.1
-2.3
-2.4
-2.6
-2.7
-2.8
-2.9
-2.9
-3.0
-3.0
-3.0
-3.0
-3.1
-3.1
-3.2
-3.3
-3.4
-3.4
-3.5
-3.5
-3.4
