-8.0
-8.1
-8.1
-8.1
-8.1
-8.1
-8.1
-8.1
-8.1
-8.1
-8.1
-8.1
-8.1
-8.2
-8.2
-8.2
-8.2
-8.1
-8.0
-8.0
-8.1
-8.1
-8.2
-8.2
-8.3
-8.3
-8.4
-8.5
-8.5
-8.6
-8.6
-8.7
-8.7
-8.7
-8.6
-8.6
-8.5
-8.3
-8.2
-8.1
-8.0
-8.0
-8.0
-8.1
-8.1
-8.2
-8.3
-8.4
-8.5
-8.5
-8.5
-8.5
-8.4
-8.3
-8.3
-8.3
-8.2
-8.2
-8.2
-8.2
-8.3
-8.3
-8.3
-8.3
-8.4
-8.5
-8.5
-8.5
-8.6
-8.5
-8.5
-8.4
-8.3
-8.3
-8.2
-8.1
-8.0
-8.0
-8.0
-8.0
-8.0
-8.1
-8.1
-8.2
-8.2
-8.3
-8.4
-8.4
-8.5
-8.5
-8.4
-8.3
-8.2
-8.1
-8.0
-7.9
-7.9
-7.8
-7.8
-7.8
-7.8
-7.8
-7.8
-7.8
-7.8
-7.8
-7.7
-7.7
-7.8
-7.8
-7.8
-7.9
-7.9
-7.9
-8.0
-8.0
-8.0
-8.0
-8.1
-8.1
-8.1
-8.1
-8.1
-8.0
-8.0
-7.9
-7.9
-7.8
-7.8
-7.7
-7.6
-7.5
-7.4
-7.3
-7.3
-7.1
-7.1
-7.0
-7.1
-7.3
-7.4
-7.5
-7.6
-7.7
-7.8
-7.8
-7.8
-7.8
-7.7
-7.7
-7.7
-7.7
-7.7
-7.7
-7.7
-7.6
-7.6
-7.5
-7.5
-7.4
-7.4
-7.4
-7.3
-7.3
-7.3
-7.2
-7.2
-7.1
-7.1
-7.1
-7.1
-7.1
-7.2
-7.2
-7.3
-7.2
-7.2
-7.2
-7.1
-7.1
-7.0
-6.9
-6.8
-6.8
-6.8
-6.8
-6.7
-6.7
-6.7
-6.7
-6.7
-6.6
-6.6
-6.6
-6.6
-6.6
-6.5
-6.5
-6.5
-6.4
-6.3
-6.2
-6.1
-6.0
-6.0
-6.0
-6.0
-6.0
-6.1
-6.2
-6.3
-6.3
-6.4
-6.4
-6.5
-6.5
-6.5
-6.5
-6.6
-6.6
-6.7
-6.7
-6.7
-6.6
-6.6
-6.5
-6.5
-6.4
-6.4
-6.3
-6.2
-6.1
-6.1
-6.0
-6.0
-6.0
-6.0
-6.0
-6.0
-6.0
-6.0
-6.0
-6.0
-6.0
-5.9
-5.9
-5.8
-5.8
-5.8
-5.8
-5.8
-5.8
-5.7
-5.7
-5.7
-5.7
-5.6
-5.6
-5.6
-5.5
-5.5
-5.5
-5.4
-5.4
-5.3
-5.3
-5.3
-5.2
-5.2
-5.2
-5.3
-5.4
-5.5
-5.6
-5.6
-5.6
-5.6
-5.6
-5.5
-5.4
-5.3
-5.1
-5.0
-5.0
-4.9
-4.9
-4.9
-5.0
-5.1
-5.2
-5.2
-5.3
-5.3
-5.3
-5.3
-5.3
-5.3
-5.2
-5.2
-5.2
-5.2
-5.2
-5.2
-5.2
-5.3
-5.3
-5.3
-5.3
-5.2
-5.2
-5.2
-5.2
-5.2
-5.1
-5.1
-5.0
-5.0
-5.0
-5.0
-5.0
-5.0
-5.0
-5.0
-5.1
-5.2
-5.3
-5.3
-5.3
-5.3
-5.3
-5.3
-5.2
-5.0
-4.9
-4.8
-4.6
-4.6
-4.5
-4.4
-4.4
-4.4
-4.4
-4.4
-4.3
-4.3
-4.3
-4.3
-4.3
-4.3
-4.4
-4.5
-4.5
-4.5
-4.5
-4.4
-4.4
-4.2
-4.0
-3.8
-3.6
-3.4
-3.1
-2.8
-2.5
-2.0
-1.6
-0.9
-0.2
0.5
1.5
2.6
3.8
5.1
6.5
7.9
9.3
10.9
12.5
14.0
15.6
17.1
18.7
20.2
21.7
23.2
24.8
26.3
27.7
29.1
30.4
31.8
33.0
34.2
35.1
36.0
36.7
37.5
38.1
38.7
39.2
39.8
40.3
40.7
41.2
41.7
42.1
42.6
43.0
43.3
43.7
44.0
44.3
44.5
44.6
44.7
44.7
44.6
44.4
44.2
43.9
43.5
43.1
42.6
42.0
41.4
40.7
40.0
39.3
38.6
37.8
37.1
36.3
35.5
34.7
33.8
32.9
31.9
30.8
29.6
28.5
27.2
26.0
24.8
23.7
22.7
21.7
20.7
19.7
18.9
18.0
17.1
16.2
15.3
14.4
13.5
12.8
12.1
11.6
11.0
10.6
10.1
9.6
9.2
8.7
8.2
7.8
7.3
6.9
6.5
6.2
5.9
5.5
5.3
5.0
4.7
4.3
4.1
3.9
3.7
3.5
3.4
3.2
3.0
2.8
2.6
2.3
2.0
1.6
1.4
1.2
1.0
0.8
0.6
0.5
0.4
0.3
0.3
0.3
0.2
0.1
0.0
-0.1
-0.3
-0.5
-0.7
-0.9
-1.0
-1.2
-1.3
-1.4
-1.5
-1.6
-1.7
-1.8
-1.9
-2.0
-2.1
-2.1
-2.1
-2.2
-2.2
-2.3
-2.5
-2.6
-2.8
-3.0
-3.2
-3.3
-3.5
-3.6
-3.6
-3.6
-3.7
-3.8
-4.0
-4.1
-4.1
-4.2
-4.2
-4.2
-4.2
-4.1
-4.0
-4.0
-3.9
-3.9
-4.0
-4.0
-4.1
-4.3
-4.4
-4.5
-4.6
-4.7
-4.8
-5.0
-5.1
-5.1
-5.0
-5.0
-5.0
-4.9
-4.9
-4.9
-4.9
-5.0
-5.1
-5.2
-5.4
-5.5
-5.6
-5.8
-5.9
-5.9
-6.0
-6.0
-6.0
-6.0
-5.9
-5.8
-5.8
-5.7
-5.7
-5.8
-5.8
-5.9
-6.0
-6.2
-6.3
-6.4
-6.4
-6.4
-6.4
-6.3
-6.2
-6.1
-6.1
-6.1
-6.1
-6.2
-6.2
-6.3
-6.4
-6.4
-6.5
-6.5
-6.5
-6.5
-6.5
-6.5
-6.5
-6.6
-6.5
-6.6
-6.7
-6.8
-6.8
-6.9
-7.0
-7.1
-7.1
-7.1
-7.1
-7.0
-6.9
-6.9
-6.8
-6.7
-6.6
-6.6
-6.5
-6.5
-6.5
-6.6
-6.7
-6.8
-6.9
-7.0
-7.1
-7.3
-7.4
-7.5
-7.6
-7.6
-7.6
-7.6
-7.5
-7.5
-7.4
-7.4
-7.3
-7.2
-7.1
-7.1
-7.1
-7.2
-7.3
-7.3
-7.3
-7.3
-7.3
-7.3
-7.3
-7.1
-7.1
-7.1
-7.2
-7.3
-7.3
-7.3
-7.3
-7.2
-7.1
-7.0
-6.9
-6.9
-6.8
-6.8
-6.8
-6.8
-7.0
-7.1
-7.1
-7.2
-7.2
-7.2
-7.1
-7.1
-7.0
-6.9
-6.9
-6.8
-6.8
-6.8
-6.8
-6.9
-6.9
-6.9
-7.0
-7.1
-7.1
-7.1
-7.1
-7.1
-7.0
-7.0
-6.8
-6.7
-6.6
-6.5
-6.4
-6.4
-6.5
-6.5
-6.6
-6.7
-6.7
-6.8
-6.8
-6.9
-6.9
-7.0
-7.0
-7.0
-7.1
-7.1
-7.1
-7.2
-7.3
-7.3
-7.3
-7.3
-7.3
-7.3
-7.3
-7.3
-7.2
-7.1
-7.0
-6.9
-6.9
-6.9
-6.9
-6.8
-6.8
-6.8
-6.7
-6.7
-6.7
-6.7
-6.7
-6.7
-6.7
-6.7
-6.7
-6.6
-6.6
-6.5
-6.4
-6.4
-6.4
-6.4
-6.4
-6.4
-6.4
-6.4
-6.3
-6.4
-6.4
-6.4
-6.4
-6.5
-6.6
-6.7
-6.7
-6.7
-6.8
-6.8
-6.8
-6.8
-6.8
-6.8
-6.8
-6.7
-6.6
-6.5
-6.4
-6.2
-6.1
-6.0
-6.0
-5.9
-5.9
-6.0
-6.1
-6.2
-6.2
-6.2
-6.2
-6.2
-6.1
-6.0
-5.9
-5.9
-5.9
-5.9
-5.9
-5.9
-5.9
-5.9
-5.8
-5.8
-5.7
-5.7
-5.6
-5.6
-5.5
-5.6
-5.6
-5.6
-5.7
-5.8
-5.8
-5.8
-5.8
-5.7
-5.6
-5.5
-5.5
-5.5
-5.5
-5.5
-5.6
-5.7
-5.7
-5.7
-5.7
-5.6
-5.4
-5.3
-5.1
-5.0
-4.9
-4.8
-4.7
-4.6
-4.6
-4.5
-4.5
-4.4
-4.4
-4.4
-4.4
-4.5
-4.6
-4.8
-4.9
-5.0
-5.1
-5.1
-5.1
-5.1
-5.1
-5.1
-5.0
-4.9
-4.9
-4.9
-4.9
-4.8
-4.7
-4.5
-4.5
-4.4
-4.4
-4.3
-4.3
-4.3
-4.4
-4.5
-4.5
-4.6
-4.6
-4.7
-4.7
-4.8
-4.8
-4.7
-4.7
-4.7
-4.7
-4.8
-4.8
-4.8
-4.9
-4.9
-4.9
-4.8
-4.7
-4.5
-4.4
-4.3
-4.2
-4.1
-4.0
-4.0
-4.1
-4.1
-4.2
-4.2
-4.2
-4.3
-4.3
-4.3
-4.3
-4.2
-4.1
-4.0
-3.9
-3.8
-3.7
-3.6
-3.6
-3.6
-3.7
-3.8
-4.0
-4.1
-4.2
-4.2
-4.2
-4.2
-4.1
-4.1
-4.1
-4.0
-3.9
-3.9
-3.8
-3.8
-3.8
-3.8
-3.7
-3.7
-3.6
-3.6
-3.7
-3.8
-3.9
-4.0
-4.0
-4.1
-4.1
-4.1
-4.0
-4.0
-4.0
-3.9
-3.9
-3.9
-3.9
-3.9
-3.8
-3.8
-3.7
-3.7
-3.6
-3.5
-3.5
-3.4
-3.3
-3.3
-3.2
-3.1
-3.0
-3.0
-2.9
-2.9
-2.9
-2.9
-2.9
-3.0
-3.0
-3.1
-3.1
-3.2
-3.2
-3.3
-3.3
-3.3
-3.3
-3.3
-3.3
-3.3
-3.4
-3.4
-3.5
-3.5
-3.6
-3.6
-3.6
-3.5
-3.5
-3.4
-3.2
-3.0
-3.0
-2.9
-2.8
-2.8
-2.8
-2.9
-2.9
-2.9
-2.9
-2.9
-2.8
-2.8
-2.7
-2.7
-2.7
-2.6
-2.6
-2.5
-2.5
-2.4
-2.2
-2.0
-1.9
-1.8
-1.7
-1.7
-1.8
-1.9
-2.1
-2.3
-2.5
-2.6
-2.8
-2.8
-2.9
-2.8
-2.7
-2.5
-2.4
-2.2
-2.1
-2.0
-2.0
-1.9
-1.9
-1.8
-1.7
-1.7
-1.6
-1.6
-1.5
-1.4
-1.2
-1.1
-0.9
-0.7
-0.4
0.0
0.4
1.0
1.8
2.6
3.6
4.7
5.9
7.3
8.6
10.0
11.5
13.1
14.6
16.2
17.7
19.3
20.7
22.1
23.4
24.8
26.2
27.5
28.7
30.1
31.4
32.7
33.9
35.1
36.2
37.2
38.2
39.1
39.9
40.5
41.1
41.7
42.3
42.8
43.2
43.6
44.0
44.3
44.7
45.0
45.1
45.3
45.4
45.5
45.6
45.7
45.8
45.9
46.0
46.1
46.2
46.2
46.2
46.1
46.0
45.9
45.6
45.4
45.0
44.7
44.3
43.8
43.3
42.8
42.3
41.8
41.3
40.6
39.9
39.1
38.3
37.5
36.7
35.9
35.0
34.1
33.3
32.5
31.6
30.7
29.7
28.7
27.6
26.4
25.2
24.2
23.1
22.1
21.0
19.9
18.9
17.9
16.9
16.1
15.2
14.5
13.9
13.2
12.7
12.1
11.5
10.9
10.3
9.8
9.2
8.7
8.3
7.9
7.6
7.3
7.0
6.6
6.3
6.0
5.7
5.3
5.0
4.6
4.3
4.1
3.8
3.5
3.2
3.0
2.9
2.8
2.8
2.8
2.7
2.7
2.6
2.5
2.3
2.0
1.7
1.5
1.4
1.2
1.1
1.0
0.9
0.8
0.7
0.5
0.3
0.0
-0.2
-0.4
-0.7
-0.9
-1.0
-1.1
-1.1
-1.2
-1.2
-1.3
-1.3
-1.4
-1.5
-1.6
-1.7
-1.9
-2.0
-2.2
-2.3
-2.5
-2.7
-2.8
-2.9
-3.0
-3.0
-3.0
-3.0
-3.0
-3.0
-3.0
-3.1
-3.2
-3.3
-3.5
-3.6
-3.7
-3.8
-3.8
-3.9
-4.0
-4.1
-4.2
-4.3
-4.4
-4.5
-4.7
-4.7
-4.7
-4.7
-4.7
-4.7
-4.7
-4.7
-4.7
-4.8
-4.9
-5.0
-5.1
-5.1
-5.2
-5.3
-5.4
-5.5
-5.6
-5.7
-5.8
-5.9
-6.0
-6.0
-6.1
-6.1
-6.2
-6.2
-6.2
-6.2
-6.2
-6.2
-6.2
-6.3
-6.4
-6.4
-6.4
-6.4
-6.4
-6.5
-6.5
-6.5
-6.4
-6.5
-6.5
-6.6
-6.7
-6.8
-7.0
-7.1
-7.2
-7.3
-7.4
-7.4
-7.3
-7.2
-7.0
-6.9
-6.7
-6.5
-6.5
-6.5
-6.6
-6.7
-6.8
-6.9
-7.0
-7.1
-7.2
-7.3
-7.3
-7.4
-7.4
-7.4
-7.5
-7.5
-7.5
-7.5
-7.6
-7.6
-7.6
-7.6
-7.7
-7.7
-7.7
-7.7
-7.6
-7.6
-7.5
-7.5
-7.4
-7.4
-7.4
-7.5
-7.5
-7.6
-7.7
-7.7
-7.7
-7.7
-7.7
-7.6
-7.5
-7.3
-7.3
-7.3
-7.3
-7.3
-7.4
-7.5
-7.7
-7.8
-7.9
-8.0
-8.1
-8.3
-8.4
-8.5
-8.6
-8.6
-8.6
-8.6
-8.6
-8.6
-8.5
-8.5
-8.5
-8.5
-8.5
-8.5
-8.5
-8.6
-8.6
-8.6
-8.6
-8.5
-8.5
-8.6
-8.6
-8.6
-8.7
-8.7
-8.7
-8.7
-8.7
-8.7
-8.6
-8.6
-8.5
-8.5
-8.5
-8.5
-8.4
-8.4
-8.5
-8.5
-8.5
-8.3
-8.1
-7.9
-7.7
-7.5
-7.4
-7.3
-7.3
-7.3
-7.4
-7.5
-7.6
-7.6
-7.5
-7.4
-7.1
-6.9
-6.6
-6.4
-6.2
-6.1
-6.0
-5.9
-5.9
-5.9
-6.0
-6.0
-6.1
-6.2
-6.2
-6.2
-6.1
-6.1
-6.1
-6.0
-6.0
-5.9
-5.9
-5.9
-5.9
-5.9
-5.9
-5.9
-5.9
-6.0
-6.0
-6.1
-6.1
-6.1
-6.1
-6.1
-6.1
-6.0
-5.8
-5.7
-5.6
-5.6
-5.6
-5.6
-5.7
-5.8
-5.9
-5.9
-5.9
-6.0
-6.0
-6.0
-6.0
-6.0
-5.9
-5.9
-5.8
-5.8
-5.8
-5.7
-5.5
-5.4
-5.2
-5.0
-4.8
-4.6
-4.4
-4.1
-3.9
-3.9
-3.9
-3.9
-3.9
-3.9
-3.9
-4.0
-4.0
-4.1
-4.1
-4.1
-4.0
-4.1
-4.1
-4.1
-4.2
-4.3
-4.4
-4.5
-4.7
-4.8
-4.9
-5.0
-5.1
-5.2
-5.2
-5.3
-5.3
-5.3
-5.3
-5.4
-5.5
-5.6
-5.7
-5.9
-6.1
-6.3
-6.4
-6.5
-6.5
-6.5
-6.5
-6.4
-6.3
-6.2
-6.1
-6.1
-6.1
-6.1
-6.1
-6.1
-6.1
-6.1
-6.1
-6.1
-6.1
-6.2
-6.2
-6.1
-6.1
-6.1
-6.1
-6.1
-6.1
-6.1
-6.2
-6.1
-6.1
-6.0
-6.0
-6.0
-5.9
-5.8
-5.6
-5.5
-5.5
-5.4
-5.3
-5.1
-4.8
-4.5
-4.3
-4.0
-3.6
-3.2
-2.6
-2.1
-1.5
-0.8
-0.2
0.4
1.2
2.0
2.9
3.9
4.9
6.1
7.4
8.8
10.2
11.7
13.2
14.7
16.2
17.8
19.3
20.9
22.4
23.9
25.4
26.8
28.2
29.6
30.9
32.2
33.4
34.4
35.4
36.2
37.0
37.7
38.2
38.7
39.1
39.4
39.7
40.0
40.1
40.3
40.4
40.4
40.4
40.4
40.3
40.1
39.8
39.6
39.2
38.8
38.4
38.0
37.5
37.0
36.6
36.0
35.5
34.7
33.9
32.9
31.9
30.8
29.7
28.6
27.4
26.1
24.8
23.5
22.2
20.8
19.5
18.1
16.8
15.6
14.3
13.1
12.0
10.9
9.9
8.9
8.0
7.2
6.5
5.9
5.3
4.8
4.3
3.8
3.2
2.8
2.4
2.1
1.8
1.5
1.4
1.3
1.2
1.1
1.0
0.8
0.6
0.4
0.3
0.1
0.0
-0.2
-0.3
-0.5
-0.6
-0.8
-0.9
-1.1
-1.2
-1.3
-1.4
-1.4
-1.5
-1.5
-1.5
-1.6
-1.7
-1.9
-2.2
-2.4
-2.6
-2.8
-2.9
-3.1
-3.2
-3.2
-3.1
-3.1
-3.0
-3.1
-3.2
-3.3
-3.5
-3.7
-3.8
-4.0
-4.2
-4.4
-4.5
-4.6
-4.8
-4.9
-4.9
-5.0
-5.1
-5.1
-5.2
-5.2
-5.2
-5.2
-5.2
-5.2
-5.3
-5.4
-5.5
-5.5
-5.7
-5.8
-5.9
-5.9
-6.0
-6.0
-6.0
-6.0
-5.9
-5.9
-5.9
-6.0
-6.0
-6.1
-6.2
-6.3
-6.3
-6.4
-6.4
-6.5
-6.5
-6.6
-6.7
-6.8
-7.0
-7.1
-7.2
-7.4
-7.4
-7.5
-7.5
-7.5
-7.6
-7.6
-7.6
-7.5
-7.5
-7.5
-7.6
-7.6
-7.5
-7.5
-7.5
-7.5
-7.5
-7.5
-7.6
-7.6
-7.6
-7.6
-7.6
-7.6
-7.6
-7.5
-7.4
-7.2
-7.2
-7.2
-7.2
-7.3
-7.4
-7.5
-7.7
-7.8
-8.0
-8.1
-8.3
-8.3
-8.4
-8.3
-8.3
-8.2
-8.2
-8.1
-8.1
-8.1
-8.1
-8.2
-8.3
-8.4
-8.5
-8.7
-8.8
-8.9
-9.0
-9.0
-8.9
-8.9
-8.8
-8.6
-8.4
-8.3
-8.1
-8.0
-8.0
-8.0
-8.0
-8.0
-8.0
-8.1
-8.1
-8.2
-8.4
-8.7
-9.0
-9.3
-9.4
-9.6
-9.7
-9.8
-9.8
-9.8
-9.8
-9.7
-9.8
-9.9
-10.1
-10.3
-10.5
-10.7
-10.8
-11.1
-11.3
-11.4
-11.6
-11.7
-11.7
-11.8
-11.7
-11.6
-11.6
-11.5
-11.4
-11.3
-11.3
-11.3
-11.3
-11.4
-11.6
-11.7
-11.7
-11.8
-11.8
-11.8
-11.8
-11.6
-11.5
-11.4
-11.3
-11.2
-11.1
-11.2
-11.2
-11.2
-11.2
-11.3
-11.3
-11.3
-11.3
-11.3
-11.3
-11.4
-11.5
-11.5
-11.5
-11.4
-11.3
-11.2
-11.0
-10.9
-10.8
-10.7
-10.6
-10.7
-10.7
-10.8
-10.8
-10.8
-10.8
-10.8
-10.7
-10.6
-10.6
-10.6
-10.6
-10.5
-10.5
-10.4
-10.4
-10.3
-10.3
-10.2
-10.1
-10.1
-10.1
-10.1
-10.1
-10.1
-10.1
-10.0
-10.0
-10.0
-10.1
-10.1
-10.1
-10.1
-10.2
-10.3
-10.3
-10.3
-10.3
-10.2
-10.2
-10.1
-10.0
-9.9
-9.8
-9.8
-9.7
-9.6
-9.6
-9.5
-9.4
-9.4
-9.4
-9.3
-9.3
-9.4
-9.5
-9.5
-9.4
-9.4
-9.3
-9.3
-9.0
-8.8
-8.4
-8.2
-7.9
-7.6
-7.3
-7.1
-6.9
-6.8
-6.7
-6.7
-6.8
-7.0
-7.1
-7.3
-7.5
-7.6
-7.7
-7.7
-7.7
-7.7
-7.7
-7.6
-7.6
-7.6
-7.7
-7.7
-7.7
-7.8
-7.9
-7.9
-7.8
-7.7
-7.6
-7.5
-7.4
-7.3
-7.2
-7.2
-7.1
-7.2
-7.2
-7.2
-7.3
-7.2
-7.2
-7.2
-7.2
-7.2
-7.1
-7.0
-7.0
-7.1
-7.1
-7.1
-7.0
-7.0
-7.1
-7.1
-7.1
-7.1
-7.1
-7.2
-7.2
-7.2
-7.2
-7.1
-7.1
-7.1
-7.0
-6.9
-6.8
-6.7
-6.7
-6.7
-6.6
-6.6
-6.5
-6.5
-6.4
-6.4
-6.4
-6.3
-6.3
-6.2
-6.1
-6.1
-6.0
-5.9
-5.8
-5.7
-5.6
-5.6
-5.7
-5.9
-6.1
-6.3
-6.5
-6.7
-6.8
-6.7
-6.6
-6.4
-6.2
-5.9
-5.6
-5.4
-5.2
-5.1
-5.0
-4.9
-4.8
-4.7
-4.6
-4.5
-4.4
-4.3
-4.4
-4.5
-4.6
-4.7
-4.7
-4.8
-4.8
-4.9
-4.9
-4.8
-4.7
-4.7
-4.6
-4.6
-4.5
-4.5
-4.5
-4.5
-4.5
-4.5
-4.5
-4.5
-4.5
-4.5
-4.5
-4.5
-4.4
-4.3
-4.2
-4.2
-4.2
-4.2
-4.3
-4.3
-4.4
-4.5
-4.6
-4.7
-4.7
-4.8
-4.8
-4.8
-4.8
-4.8
-4.8
-4.7
-4.6
-4.5
-4.5
-4.4
-4.3
-4.2
-4.1
-4.0
-3.9
-3.8
-3.8
-3.7
-3.7
-3.7
-3.6
-3.5
-3.4
-3.4
-3.4
-3.4
-3.3
-3.3
-3.3
-3.4
-3.4
-3.3
-3.1
-2.9
-2.5
-2.0
-1.5
-0.8
-0.1
0.6
1.5
2.4
3.3
4.2
5.1
6.1
7.1
8.1
9.1
10.1
11.1
12.1
13.1
14.1
15.2
16.3
17.5
18.6
19.8
21.0
22.2
23.3
24.3
25.1
25.8
26.3
26.7
26.9
27.0
27.0
27.0
26.8
26.6
26.2
25.8
25.3
24.7
24.1
23.4
22.6
21.9
21.2
20.5
20.0
19.5
18.9
18.5
18.0
17.6
17.2
16.8
16.5
16.1
15.8
15.4
15.1
14.7
14.3
14.0
13.5
13.1
12.6
12.2
11.9
11.5
11.2
10.9
10.6
10.3
10.1
9.8
9.5
9.1
8.8
8.6
8.4
8.2
8.1
8.1
8.0
7.9
7.7
7.5
7.3
7.0
6.7
6.4
6.0
5.6
5.3
5.0
4.7
4.4
4.1
3.9
3.6
3.3
3.0
2.8
2.5
2.2
2.0
1.7
1.4
1.2
0.9
0.7
0.5
0.3
0.1
0.0
-0.3
-0.6
-1.0
-1.2
-1.4
-1.6
-1.8
-2.0
-2.2
-2.3
-2.3
-2.4
-2.6
-2.8
-3.0
-3.1
-3.2
-3.2
-3.3
-3.3
-3.3
-3.2
-3.2
-3.1
-3.1
-3.2
-3.3
-3.4
-3.6
-3.8
-4.0
-4.1
-4.3
-4.4
-4.5
-4.6
-4.7
-4.7
-4.7
-4.7
-4.7
-4.7
-4.6
-4.6
-4.7
-4.8
-4.8
-4.9
-5.0
-5.1
-5.2
-5.2
-5.3
-5.3
-5.2
-5.2
-5.2
-5.2
-5.4
-5.5
-5.7
-5.8
-6.0
-6.0
-6.1
-6.2
-6.2
-6.1
-6.0
-5.9
-5.8
-5.7
-5.7
-5.7
-5.8
-5.8
-5.9
-5.9
-5.9
-5.9
-6.0
-6.0
-5.9
-5.9
-5.8
-5.7
-5.6
-5.6
-5.6
-5.5
-5.5
-5.5
-5.5
-5.5
-5.5
-5.5
-5.5
-5.5
-5.4
-5.4
-5.4
-5.4
-5.5
-5.5
-5.6
-5.6
-5.6
-5.7
-5.8
-5.8
-5.8
-5.8
-5.7
-5.7
-5.6
-5.6
-5.5
-5.5
-5.5
-5.5
-5.6
-5.7
-5.8
-6.0
-6.1
-6.1
-6.0
-5.9
-5.8
-5.7
-5.6
-5.5
-5.5
-5.5
-5.5
-5.6
-5.7
-5.8
-5.9
-5.9
-5.9
-5.8
-5.6
-5.5
-5.5
-5.4
-5.4
-5.4
-5.4
-5.4
-5.4
-5.5
-5.6
-5.7
-5.8
-5.9
-5.8
-5.8
-5.8
-5.7
-5.6
-5.6
-5.5
-5.5
-5.5
-5.5
-5.5
-5.5
-5.6
-5.6
-5.6
-5.5
-5.5
-5.5
-5.5
-5.5
-5.5
-5.5
-5.5
-5.5
-5.5
-5.4
-5.4
-5.4
-5.3
-5.3
-5.3
-5.4
-5.4
-5.5
-5.6
-5.7
-5.7
-5.6
-5.5
-5.4
-5.2
-5.0
-4.9
-4.7
-4.5
-4.4
-4.3
-4.3
-4.2
-4.1
-4.1
-4.1
-4.0
-4.0
-4.0
-3.9
-3.9
-3.8
-3.8
-3.8
-3.8
-3.9
-4.0
-4.0
-4.1
-4.1
-4.1
-4.1
-4.1
-4.0
-3.9
-3.9
-3.9
-4.0
-4.1
-4.1
-4.2
-4.3
-4.3
-4.3
-4.3
-4.2
-4.1
-4.0
-3.9
-3.9
-3.8
-3.8
-3.8
-3.9
-4.0
-4.1
-4.2
-4.3
-4.2
-4.1
-4.1
-3.9
-3.8
-3.7
-3.6
-3.5
-3.6
-3.6
-3.7
-3.8
-3.8
-3.8
-3.8
-3.8
-3.7
-3.7
-3.7
-3.6
-3.6
-3.5
-3.5
-3.4
-3.4
-3.3
-3.3
-3.2
-3.1
-3.1
-3.1
-3.1
-3.2
-3.2
-3.2
-3.2
-3.2
-3.3
-3.4
-3.4
-3.4
-3.5
-3.5
-3.5
-3.5
-3.5
-3.4
-3.4
-3.3
-3.3
-3.3
-3.3
-3.3
-3.4
-3.4
-3.4
-3.4
-3.4
-3.4
-3.4
-3.3
-3.2
-3.2
-3.2
-3.1
-3.1
-3.0
-3.0
-3.1
-3.1
-3.1
-3.1
-3.1
-3.1
-3.1
-3.1
-3.1
-3.2
-3.2
-3.3
-3.3
-3.3
-3.3
-3.3
-3.2
-3.1
-3.0
-2.9
-2.7
-2.6
-2.5
-2.4
-2.3
-2.3
-2.3
-2.4
-2.5
-2.6
-2.7
-2.8
-2.9
-3.0
-3.0
-3.0
-2.9
-2.8
-2.7
-2.5
-2.4
-2.3
-2.3
-2.3
-2.3
-2.4
-2.6
-2.7
-2.7
-2.8
-2.8
-2.8
-2.8
-2.7
-2.6
-2.5
-2.4
-2.4
-2.4
-2.4
-2.3
-2.4
-2.4
-2.5
-2.6
-2.6
-2.7
-2.7
-2.7
-2.6
-2.5
-2.5
-2.4
-2.3
-2.3
-2.3
-2.4
-2.4
-2.5
-2.5
-2.6
-2.6
-2.6
-2.7
-2.7
-2.6
-2.6
-2.6
-2.6
-2.6
-2.6
-2.5
-2.5
-2.5
-2.5
-2.6
-2.6
-2.6
-2.6
-2.6
-2.5
-2.5
-2.5
-2.4
-2.4
-2.4
-2.4
-2.5
-2.6
-2.6
-2.7
-2.7
-2.6
-2.5
-2.4
-2.3
-2.2
-2.1
-2.0
-1.9
-1.9
-1.8
-1.8
-1.9
-2.0
-2.0
-2.1
-2.2
-2.2
-2.2
-2.1
-2.0
-1.9
-1.8
-1.7
-1.7
-1.7
-1.8
-1.9
-2.1
-2.2
-2.3
-2.4
-2.4
-2.4
-2.4
-2.4
-2.5
-2.5
-2.6
-2.6
-2.6
-2.7
-2.7
-2.7
-2.7
-2.7
-2.7
-2.7
-2.8
-2.8
-2.7
-2.7
-2.6
-2.5
-2.5
-2.3
-2.2
-2.2
-2.2
-2.3
-2.4
-2.5
-2.6
-2.7
-2.8
-2.8
-2.7
-2.6
-2.5
-2.3
-2.1
-2.0
-2.0
-1.9
-1.9
-1.9
-2.0
-2.1
-2.2
-2.3
-2.4
-2.4
-2.4
-2.4
-2.4
-2.3
-2.2
-2.1
-2.0
-2.0
-2.0
-2.0
-1.9
-1.9
-1.9
-1.8
-1.7
-1.7
-1.6
-1.6
-1.7
-1.7
-1.8
-1.9
-2.0
-2.2
-2.3
-2.3
-2.3
-2.2
-2.2
-2.1
-2.0
-1.9
-1.8
-1.7
-1.7
-1.7
-1.7
-1.7
-1.8
-1.8
-1.9
-1.9
-1.8
-1.7
-1.6
-1.5
-1.5
-1.4
-1.3
-1.3
-1.3
-1.3
-1.4
-1.5
-1.6
-1.7
-1.8
-1.8
-1.8
-1.8
-1.8
-1.7
-1.6
-1.5
-1.4
-1.5
-1.5
-1.6
-1.7
-1.7
-1.7
-1.7
-1.5
-1.3
-1.2
-1.0
-0.9
-0.8
-0.9
-1.0
-1.2
-1.3
-1.6
-1.7
-1.8
-1.8
-1.8
-1.9
-1.9
-1.8
-1.8
-1.7
-1.7
-1.6
-1.6
-1.5
-1.5
-1.4
-1.3
-1.2
-1.1
-1.1
-1.1
-1.1
-1.1
-1.1
-1.2
-1.3
-1.5
-1.6
-1.8
-1.9
-1.9
-1.9
-1.7
-1.5
-1.3
-1.1
-0.9
-0.8
-0.6
-0.4
-0.4
-0.3
-0.4
-0.4
-0.4
-0.4
-0.4
-0.5
-0.6
-0.6
-0.5
-0.4
-0.4
-0.3
-0.2
-0.1
0.0
0.0
0.0
-0.1
-0.1
-0.2
-0.3
-0.3
-0.4
-0.5
-0.6
-0.6
-0.6
-0.6
-0.6
-0.5
-0.5
-0.5
-0.4
-0.3
-0.2
-0.2
-0.3
-0.3
-0.3
-0.3
-0.3
-0.3
-0.3
-0.3
-0.3
-0.3
-0.4
-0.4
-0.3
-0.3
-0.3
-0.3
-0.3
-0.3
-0.4
-0.4
-0.4
-0.5
-0.5
-0.5
-0.5
-0.5
-0.4
-0.4
-0.4
-0.4
-0.4
-0.5
-0.5
-0.5
-0.6
-0.6
-0.6
-0.5
-0.4
-0.3
-0.2
-0.2
-0.2
-0.1
0.0
0.0
0.1
0.1
0.1
0.2
0.2
0.1
0.1
0.0
0.0
-0.1
-0.1
-0.1
0.0
0.0
0.0
0.0
0.0
-0.1
-0.1
-0.2
-0.1
-0.1
-0.1
-0.1
0.0
0.0
0.0
0.1
0.1
0.2
0.3
0.5
0.6
0.7
0.8
0.9
1.0
1.0
1.1
1.1
1.1
1.1
1.2
1.2
1.2
1.1
1.0
0.8
0.6
0.5
0.5
0.5
0.5
0.5
0.5
0.6
0.7
0.8
0.9
0.9
0.8
0.7
0.6
0.6
0.5
0.4
0.4
0.3
0.4
0.4
0.5
0.5
0.6
0.7
0.7
0.7
0.6
0.5
0.5
0.4
0.3
0.3
0.4
0.5
0.6
0.8
0.9
1.0
1.0
1.1
1.0
1.0
0.9
0.8
0.8
0.8
0.8
0.7
0.7
0.6
0.7
0.7
0.7
0.6
0.7
0.8
0.8
0.8
0.7
0.6
0.4
0.4
0.3
0.3
0.4
0.4
0.5
0.5
0.5
0.4
0.3
0.2
0.1
0.0
0.0
0.0
0.0
0.0
0.1
0.2
0.3
0.4
0.4
0.4
0.5
0.5
0.5
0.4
0.3
0.2
0.2
0.1
0.2
0.3
0.3
0.4
0.5
0.6
0.7
0.8
0.8
0.8
0.7
0.7
0.6
0.5
0.4
0.3
0.3
0.3
0.3
0.4
0.4
0.4
0.4
0.5
0.5
0.5
0.5
0.4
0.4
0.4
0.4
0.4
0.5
0.5
0.6
0.7
0.8
0.9
1.0
1.1
1.1
1.0
0.9
0.8
0.7
0.6
0.4
0.3
0.2
0.1
0.1
0.2
0.2
0.4
0.5
0.6
0.7
0.8
0.9
0.9
0.9
0.8
0.7
0.6
0.5
0.4
0.3
0.2
0.1
0.1
0.2
0.2
0.3
0.3
0.3
0.3
0.2
0.1
0.0
0.0
0.0
0.0
0.1
0.3
0.4
0.5
0.6
0.6
0.7
0.6
0.5
0.4
0.3
0.2
0.1
0.0
0.0
-0.2
-0.3
-0.5
-0.6
-0.6
-0.6
-0.6
-0.6
-0.6
-0.5
-0.4
-0.3
-0.2
-0.2
-0.3
-0.4
-0.4
-0.4
-0.4
-0.4
-0.4
-0.3
-0.3
-0.1
0.0
0.0
0.1
0.1
0.1
0.1
0.1
0.1
0.0
-0.1
-0.2
-0.4
-0.5
-0.5
-0.6
-0.7
-0.8
-0.8
-0.8
-0.8
-0.8
-0.8
-0.7
-0.7
-0.6
-0.5
-0.4
-0.3
-0.3
-0.3
-0.2
-0.2
-0.3
-0.3
-0.4
-0.4
-0.4
-0.4
-0.3
-0.3
-0.2
-0.1
0.0
0.1
0.2
0.3
0.4
0.4
0.4
0.3
0.2
0.1
0.0
-0.1
-0.2
-0.3
-0.4
-0.5
-0.5
-0.6
-0.6
-0.6
-0.7
-0.7
-0.7
-0.8
-0.8
-0.8
-0.9
-0.9
-0.9
-1.0
-1.0
-1.0
-1.0
-1.0
-1.0
-1.0
-1.0
-1.0
-0.9
-0.9
-0.9
-0.8
-0.6
-0.5
-0.3
-0.1
0.0
0.0
0.0
0.1
0.1
0.1
0.0
0.0
0.0
0.0
0.0
0.0
0.0
0.0
0.0
0.0
0.0
0.0
-0.1
-0.2
-0.3
-0.4
-0.5
-0.5
-0.5
-0.6
-0.6
-0.5
-0.4
-0.3
-0.2
-0.2
-0.3
-0.4
-0.4
-0.5
-0.6
-0.7
-0.7
-0.7
-0.7
-0.7
-0.7
-0.7
-0.8
-0.8
-0.9
-1.0
-1.1
-1.1
-1.1
-1.1
-1.0
-0.9
-0.7
-0.6
-0.5
-0.5
-0.5
-0.4
-0.4
-0.4
-0.5
-0.5
-0.5
-0.6
-0.7
-0.8
-0.9
-1.0
-1.0
-1.0
-1.0
-0.9
-0.8
-0.6
-0.5
-0.4
-0.3
-0.3
-0.4
-0.4
-0.4
-0.4
-0.5
-0.5
-0.5
-0.4
-0.4
-0.4
-0.4
-0.4
-0.4
-0.4
-0.5
-0.5
-0.5
-0.5
-0.5
-0.5
-0.5
-0.5
-0.5
-0.6
-0.6
-0.6
-0.7
-0.7
-0.7
-0.7
-0.7
-0.7
-0.6
-0.6
-0.6
-0.6
-0.6
-0.6
-0.5
-0.5
-0.5
-0.5
-0.4
-0.4
-0.4
-0.4
-0.5
-0.5
-0.5
-0.5
-0.5
-0.4
-0.5
-0.5
-0.4
-0.3
-0.1
-0.1
0.0
0.0
0.0
-0.1
-0.2
-0.4
-0.6
-0.9
-1.0
-1.1
-1.1
-1.0
-0.8
-0.6
-0.3
-0.1
0.0
0.2
0.3
0.3
0.4
0.3
0.3
0.2
0.2
0.1
0.1
0.1
0.1
0.1
0.1
0.1
0.1
0.1
0.1
0.0
0.0
0.0
-0.1
-0.2
-0.1
-0.1
-0.2
-0.2
-0.2
-0.1
0.0
0.0
0.1
0.2
0.3
0.4
0.6
0.8
0.9
1.2
1.4
1.6
1.9
2.2
2.6
3.0
3.5
4.0
4.5
5.1
5.7
6.3
7.0
7.8
8.6
9.5
10.4
11.4
12.4
13.5
14.6
15.6
16.4
17.2
18.0
18.6
19.2
19.7
20.1
20.5
20.8
21.1
21.4
21.6
21.8
22.0
22.1
22.2
22.1
22.1
22.0
21.8
21.5
21.2
20.8
20.3
19.8
19.2
18.5
17.8
17.0
16.2
15.5
14.7
14.0
13.4
12.8
12.2
11.7
11.2
10.6
10.0
9.4
8.8
8.1
7.6
7.0
6.5
6.2
5.9
5.7
5.5
5.4
5.3
5.1
4.9
4.6
4.4
4.0
3.6
3.2
2.9
2.7
2.5
2.5
2.4
2.4
2.4
2.4
2.3
2.2
2.1
1.9
1.7
1.5
1.4
1.4
1.3
1.3
1.3
1.3
1.4
1.3
1.2
1.1
1.0
1.0
0.9
0.9
0.9
0.9
0.9
1.0
1.1
1.2
1.4
1.6
1.8
2.2
2.6
3.2
3.9
4.7
5.7
6.8
8.0
9.3
10.6
12.1
13.6
15.2
16.7
18.3
19.8
21.3
22.7
24.1
25.4
26.6
27.8
28.9
30.0
31.0
32.0
33.0
34.0
34.9
35.8
36.6
37.3
37.9
38.5
38.9
39.3
39.7
40.0
40.2
40.3
40.3
40.2
39.9
39.4
38.8
38.0
37.2
36.2
35.1
34.0
32.7
31.5
30.1
28.7
27.2
25.8
24.4
23.0
21.7
20.4
19.2
18.0
17.0
15.9
14.9
13.9
13.1
12.3
11.5
10.8
10.2
9.6
9.1
8.6
8.0
7.5
7.0
6.6
6.2
5.8
5.4
5.0
4.6
4.3
4.0
3.7
3.4
3.2
3.1
3.0
3.0
2.9
2.9
2.9
2.8
2.7
2.6
2.5
2.3
2.1
1.9
1.7
1.5
1.3
1.1
0.9
0.7
0.5
0.3
0.1
0.0
-0.2
-0.3
-0.5
-0.6
-0.8
-1.0
-1.2
-1.3
-1.5
-1.6
-1.7
-1.8
-1.9
-2.0
-2.0
-2.1
-2.2
-2.3
-2.4
-2.5
-2.5
-2.6
-2.7
-2.8
-2.9
-3.0
-3.1
-3.1
-3.1
-3.1
-3.1
-3.1
-3.2
-3.2
-3.3
-3.4
-3.5
-3.6
-3.7
-3.7
-3.8
-3.8
-3.8
-3.8
-3.8
-3.8
-3.9
-3.9
-3.9
-4.0
-3.9
-3.9
-3.9
-3.9
-3.9
-4.0
-4.0
-4.0
-4.1
-4.2
-4.2
-4.2
-4.3
-4.3
-4.3
-4.3
-4.3
-4.4
-4.4
-4.5
-4.7
-4.7
-4.8
-4.8
-4.8
-4.7
-4.7
-4.7
-4.6
-4.6
-4.6
-4.6
-4.7
-4.7
-4.8
-4.8
-4.8
-4.8
-4.8
-4.7
-4.7
-4.7
-4.7
-4.7
-4.7
-4.6
-4.6
-4.7
-4.7
-4.8
-4.9
-5.0
-5.1
-5.2
-5.3
-5.4
-5.4
-5.5
-5.5
-5.5
-5.4
-5.4
-5.5
-5.5
-5.6
-5.6
-5.7
-5.9
-5.9
-6.0
-6.0
-6.0
-5.9
-5.8
-5.7
-5.7
-5.6
-5.6
-5.5
-5.6
-5.6
-5.6
-5.6
-5.6
-5.5
-5.5
-5.4
-5.3
-5.3
-5.2
-5.2
-5.2
-5.2
-5.3
-5.3
-5.4
-5.4
-5.3
-5.3
-5.3
-5.3
-5.2
-5.2
-5.3
-5.3
-5.4
-5.5
-5.6
-5.7
-5.7
-5.7
-5.7
-5.7
-5.7
-5.8
-5.8
-5.8
-5.9
-5.9
-6.0
-6.0
-6.0
-6.0
-5.9
-5.9
-5.9
-5.9
-5.8
-5.8
-5.8
-5.8
-5.7
-5.6
-5.5
-5.4
-5.3
-5.3
-5.2
-5.2
-5.1
-5.1
-5.2
-5.3
-5.4
-5.4
-5.5
-5.5
-5.5
-5.4
-5.3
-5.2
-5.0
-4.9
-4.8
-4.7
-4.7
-4.7
-4.8
-4.8
-4.8
-4.8
-4.9
-4.9
-4.9
-4.8
-4.8
-4.8
-4.8
-4.7
-4.7
-4.7
-4.7
-4.7
-4.7
-4.6
-4.6
-4.7
-4.7
-4.8
-4.8
-4.8
-4.8
-4.8
-4.8
-4.7
-4.6
-4.5
-4.4
-4.3
-4.3
-4.2
-4.2
-4.1
-4.1
-4.0
-4.0
-4.0
-3.9
-3.9
-3.8
-3.8
-3.8
-3.7
-3.8
-3.8
-3.8
-3.9
-4.0
-4.1
-4.2
-4.3
-4.3
-4.2
-4.2
-4.1
-4.0
-3.9
-3.9
-3.9
-3.9
-3.9
-4.0
-4.0
-4.0
-4.0
-4.0
-4.0
-3.9
-3.8
-3.8
-3.8
-3.8
-3.9
-3.9
-3.9
-3.9
-3.9
-3.9
-3.9
-3.8
-3.7
-3.6
-3.3
-3.0
-2.6
-2.1
-1.5
-0.8
0.0
0.9
2.0
3.2
4.5
5.9
7.5
9.0
10.5
11.8
13.1
14.6
16.0
17.4
18.7
20.0
21.3
22.7
24.0
25.3
26.3
27.1
27.7
28.2
28.4
28.3
28.0
27.3
26.5
25.5
24.4
23.1
21.9
20.6
19.3
18.0
16.8
15.5
14.3
13.0
11.9
10.8
9.9
9.0
8.3
7.7
7.2
6.7
6.2
5.7
5.1
4.4
3.8
3.2
2.6
2.1
1.7
1.4
1.3
1.2
1.2
1.2
1.3
1.2
1.2
1.2
1.1
1.1
1.0
1.0
1.0
0.9
0.9
0.8
0.7
0.5
0.4
0.2
0.0
0.0
-0.2
-0.3
-0.3
-0.3
-0.3
-0.2
-0.1
-0.1
0.0
0.0
0.0
0.0
-0.1
-0.2
-0.3
-0.3
-0.4
-0.5
-0.6
-0.6
-0.6
-0.7
-0.7
-0.8
-0.9
-0.9
-0.9
-0.9
-0.8
-0.8
-0.9
-1.0
-1.1
-1.2
-1.2
-1.3
-1.3
-1.3
-1.3
-1.2
-1.1
-1.0
-0.9
-0.8
-0.8
-0.9
-1.0
-1.1
-1.1
-1.2
-1.4
-1.6
-1.7
-1.8
-1.8
-1.9
-1.9
-1.8
-1.8
-1.8
-1.8
-1.8
-1.8
-1.8
-1.8
-1.8
-1.9
-1.9
-1.9
-1.9
-1.9
-1.9
-2.0
-2.1
-2.2
-2.4
-2.6
-2.8
-3.0
-3.0
-3.1
-3.1
-3.0
-2.8
-2.7
-2.6
-2.5
-2.5
-2.5
-2.5
-2.6
-2.7
-2.8
-2.9
-3.0
-3.1
-3.2
-3.4
-3.5
-3.6
-3.7
-3.7
-3.7
-3.8
-3.8
-3.8
-3.8
-3.8
-3.8
-3.8
-3.8
-3.9
-4.0
-4.0
-4.0
-4.0
-4.0
-4.0
-3.9
-3.9
-3.9
-3.9
-3.9
-4.0
-4.0
-4.0
-4.1
-4.1
-4.1
-4.0
-4.0
-3.9
-3.9
-3.9
-3.9
-3.9
-3.9
-3.9
-3.8
-3.8
-3.7
-3.6
-3.5
-3.5
-3.5
-3.6
-3.7
-3.9
-4.0
-4.1
-4.2
-4.2
-4.2
-4.2
-4.1
-4.0
-4.0
-4.0
-4.0
-4.0
-4.0
-4.0
-4.0
-4.0
-4.0
-3.9
-3.9
-3.9
-3.9
-3.9
-3.9
-3.9
-3.9
-3.9
-3.8
-3.7
-3.6
-3.5
-3.3
-3.0
-2.8
-2.7
-2.6
-2.5
-2.4
-2.3
-2.2
-2.2
-2.1
-2.1
-2.0
-2.0
-1.8
-1.5
-1.1
-0.6
0.0
0.5
1.3
2.2
3.0
3.8
4.4
5.0
5.6
6.2
6.7
7.3
7.9
8.5
9.1
9.6
10.2
10.8
11.4
12.1
12.8
13.5
14.1
14.8
15.4
16.1
16.7
17.3
17.8
18.4
19.0
19.7
20.3
20.9
21.4
22.0
22.5
23.0
23.4
23.7
24.1
24.5
24.9
25.3
25.7
26.1
26.6
27.0
27.5
27.9
28.3
28.7
29.0
29.3
29.4
29.5
29.6
29.6
29.6
29.7
29.7
29.8
29.9
29.9
30.0
30.1
30.2
30.3
30.4
30.5
30.6
30.6
30.6
30.7
30.7
30.6
30.6
30.5
30.6
30.6
30.5
30.5
30.4
30.3
30.3
30.2
30.1
30.1
30.1
30.2
30.2
30.3
30.3
30.4
30.3
30.2
30.0
29.8
29.5
29.3
29.2
29.1
29.0
28.9
28.8
28.7
28.6
28.4
28.1
27.7
27.3
27.0
26.6
26.3
26.0
25.7
25.4
25.2
25.0
24.8
24.6
24.3
24.1
23.8
23.6
23.3
23.0
22.7
22.4
22.1
21.8
21.5
21.2
21.0
20.7
20.4
20.1
19.8
19.4
19.1
18.7
18.4
18.0
17.6
17.3
16.9
16.6
16.4
16.2
15.9
15.7
15.4
15.2
14.9
14.6
14.3
14.0
13.7
13.3
13.1
12.9
12.7
12.5
12.3
12.2
12.0
11.9
11.7
11.5
11.3
11.1
11.0
10.8
10.6
10.5
10.3
10.1
10.0
9.8
9.7
9.5
9.4
9.3
9.2
9.1
9.1
9.1
9.1
9.0
8.9
8.8
8.7
8.6
8.4
8.3
8.1
8.0
7.8
7.6
7.5
7.4
7.3
7.2
7.1
7.0
6.9
6.7
6.5
6.4
6.2
6.1
6.0
5.8
5.7
5.6
5.6
5.6
5.5
5.4
5.4
5.3
5.3
5.2
5.2
5.2
5.1
5.1
5.0
4.9
4.8
4.7
4.6
4.5
4.4
4.3
4.3
4.3
4.3
4.4
4.4
4.4
4.3
4.3
4.3
4.2
4.0
3.9
3.8
3.7
3.7
3.7
3.7
3.7
3.7
3.6
3.6
3.5
3.3
3.2
3.0
2.9
2.8
2.7
2.7
2.7
2.7
2.6
2.5
2.4
2.4
2.4
2.4
2.3
2.2
2.2
2.1
2.0
1.8
1.8
1.7
1.6
1.5
1.5
1.5
1.6
1.7
1.8
1.8
1.7
1.7
1.6
1.5
1.5
1.3
1.2
1.2
1.1
1.0
0.9
0.8
0.7
0.6
0.5
0.5
0.5
0.5
0.5
0.5
0.6
0.5
0.5
0.4
0.4
0.3
0.1
0.0
0.0
0.0
0.0
0.0
0.0
0.0
0.1
0.2
0.3
0.3
0.3
0.3
0.3
0.3
0.2
0.1
0.0
0.0
-0.1
-0.3
-0.4
-0.6
-0.7
-0.7
-0.8
-0.9
-0.9
-1.0
-1.0
-1.0
-1.0
-1.1
-1.1
-1.1
-1.1
-1.0
-1.0
-1.0
-0.9
-0.9
-0.9
-0.8
-0.8
-0.9
-0.9
-0.9
-0.8
-0.8
-0.7
-0.7
-0.7
-0.7
-0.6
-0.6
-0.6
-0.7
-0.8
-0.8
-0.9
-0.8
-0.9
-0.9
-0.9
-0.9
-0.9
-1.0
-1.0
-1.1
-1.2
-1.3
-1.4
-1.4
-1.5
-1.5
-1.5
-1.5
-1.5
-1.6
-1.8
-1.9
-2.1
-2.3
-2.5
-2.7
-2.9
-3.0
-3.1
-3.2
-3.2
-3.2
-3.1
-3.0
-3.0
-2.9
-2.8
-2.8
-2.7
-2.7
-2.7
-2.7
-2.7
-2.7
-2.6
-2.6
-2.6
-2.5
-2.4
-2.4
-2.5
-2.5
-2.6
-2.6
-2.7
-2.7
-2.7
-2.8
-2.8
-2.9
-2.9
-2.9
-3.0
-3.0
-3.0
-3.1
-3.1
-3.1
-3.1
-3.1
-3.1
-3.2
-3.2
-3.2
-3.2
-3.1
-3.1
-3.1
-3.0
-3.0
-3.0
-3.0
-3.1
-3.2
-3.2
-3.3
-3.4
-3.5
-3.6
-3.7
-3.7
-3.7
-3.7
-3.7
-3.7
-3.8
-3.8
-3.8
-3.7
-3.7
-3.7
-3.6
-3.6
-3.5
-3.5
-3.5
-3.5
-3.5
-3.5
-3.6
-3.7
-3.7
-3.7
-3.6
-3.5
-3.4
-3.3
-3.2
-3.0
-2.9
-2.8
-2.8
-2.8
-2.8
-2.9
-3.0
-2.9
-2.9
-2.9
-2.9
-3.0
-3.0
-3.1
-3.2
-3.3
-3.4
-3.5
-3.6
-3.7
-3.7
-3.7
-3.6
-3.6
-3.6
-3.5
-3.5
-3.5
-3.4
-3.4
-3.4
-3.5
-3.6
-3.7
-3.7
-3.8
-3.8
-3.8
-3.8
-3.8
-3.8
-3.7
-3.7
-3.7
-3.6
-3.5
-3.5
-3.4
-3.4
-3.4
-3.3
-3.3
-3.3
-3.3
-3.3
-3.3
-3.3
-3.2
-3.2
-3.1
-3.0
-3.0
-3.1
-3.1
-3.1
-3.2
-3.2
-3.2
-3.2
-3.3
-3.3
-3.3
-3.2
-3.2
-3.3
-3.3
-3.4
-3.5
-3.6
-3.7
-3.8
-3.9
-3.9
-3.9
-3.9
-3.9
-3.9
-3.9
-3.9
-3.9
-3.9
-4.0
-4.0
-4.0
-4.0
-3.9
-3.9
-3.9
-3.8
-3.8
-3.8
-3.8
-3.8
-3.8
-3.7
-3.7
-3.7
-3.6
-3.5
-3.4
-3.3
-3.2
-3.2
-3.2
-3.3
-3.3
-3.3
-3.3
-3.2
-3.2
-3.2
-3.2
-3.1
-3.2
-3.2
-3.2
-3.3
-3.4
-3.4
-3.5
-3.6
-3.7
-3.7
-3.8
-4.0
-4.2
-4.3
-4.5
-4.5
-4.6
-4.7
-4.7
-4.7
-4.6
-4.5
-4.4
-4.3
-4.2
-4.1
-4.0
-4.0
-4.0
-4.0
-4.0
-4.0
-4.0
-4.0
-4.0
-4.0
-4.0
-4.0
-4.0
-4.0
-4.0
-4.0
-4.0
-3.9
-3.9
-3.8
-3.6
-3.5
-3.3
-3.2
-3.1
-3.0
-2.9
-2.9
-2.8
-2.7
-2.8
-2.8
-2.8
-2.9
-2.9
-3.0
-3.1
-3.2
-3.3
-3.3
-3.4
-3.5
-3.6
-3.7
-3.8
-3.9
-4.0
-4.0
-4.1
-4.1
-4.2
-4.2
-4.3
-4.4
-4.5
-4.5
-4.6
-4.7
-4.7
-4.7
-4.7
-4.6
-4.5
-4.4
-4.2
-4.1
-4.0
-3.8
-3.7
-3.6
-3.7
-3.7
-3.7
-3.7
-3.8
-3.8
-3.9
-3.9
-3.9
-3.8
-3.7
-3.6
-3.5
-3.4
-3.3
-3.2
-3.1
-3.2
-3.2
-3.4
-3.5
-3.5
-3.6
-3.7
-3.8
-3.9
-3.9
-4.0
-4.0
-4.2
-4.3
-4.4
-4.5
-4.7
-4.8
-4.8
-4.9
-4.9
-4.9
-4.9
-4.9
-4.9
-4.9
-5.0
-5.0
-5.0
-5.0
-4.9
-4.8
-4.8
-4.6
-4.4
-4.3
-4.1
-4.0
-3.8
-3.7
-3.6
-3.5
-3.4
-3.3
-3.2
-3.2
-3.2
-3.2
-3.3
-3.4
-3.5
-3.5
-3.6
-3.6
-3.7
-3.6
-3.6
-3.6
-3.7
-3.7
-3.8
-3.9
-3.9
-4.0
-4.1
-4.2
-4.3
-4.3
-4.3
-4.4
-4.5
-4.7
-4.8
-4.8
-4.8
-4.8
-4.8
-4.7
-4.6
-4.5
-4.4
-4.3
-4.2
-4.2
-4.1
-4.1
-4.1
-4.0
-3.9
-3.9
-3.9
-3.8
-3.8
-3.7
-3.6
-3.6
-3.6
-3.6
-3.6
-3.5
-3.4
-3.4
-3.3
-3.2
-3.1
-3.1
-3.0
-3.0
-2.9
-2.9
-2.8
-2.9
-2.9
-2.9
-3.0
-3.0
-3.2
-3.3
-3.4
-3.5
-3.7
-3.8
-3.9
-3.9
-3.9
-4.0
-4.0
-4.1
-4.1
-4.0
-4.0
-4.0
-4.0
-4.0
-4.0
-4.0
-4.0
-4.0
-3.9
-3.9
-3.9
-3.9
-3.8
-3.7
-3.5
-3.4
-3.3
-3.1
-2.9
-2.8
-2.7
-2.6
-2.5
-2.4
-2.4
-2.4
-2.4
-2.5
-2.4
-2.4
-2.4
-2.4
-2.5
-2.5
-2.5
-2.6
-2.6
-2.7
-2.8
-2.9
-2.9
-3.0
-3.1
-3.2
-3.2
-3.3
-3.4
-3.5
-3.6
-3.7
-3.7
-3.8
-3.8
-3.9
-3.9
-3.8
-3.8
-3.7
-3.6
-3.5
-3.4
-3.4
-3.3
-3.3
-3.3
-3.3
-3.3
-3.2
-3.2
-3.2
-3.1
-3.0
-3.0
-3.0
-2.9
-2.8
-2.7
-2.6
-2.5
-2.4
-2.2
-2.1
-2.0
-1.9
-1.9
-1.8
-1.8
-1.8
-1.9
-1.9
-2.0
-2.0
-2.1
-2.2
-2.2
-2.3
-2.3
-2.4
-2.4
-2.4
-2.4
-2.4
-2.4
-2.5
-2.5
-2.7
-2.8
-2.9
-3.0
-3.2
-3.4
-3.6
-3.7
-3.8
-3.9
-3.9
-3.9
-3.9
-3.8
-3.7
-3.6
-3.5
-3.5
-3.5
-3.4
-3.4
-3.3
-3.2
-3.2
-3.1
-3.0
-3.0
-3.0
-2.8
-2.7
-2.7
-2.6
-2.5
-2.5
-2.4
-2.3
-2.2
-2.2
-2.3
-2.4
-2.5
-2.7
-2.8
-3.0
-3.1
-3.2
-3.3
-3.3
-3.3
-3.3
-3.3
-3.3
-3.4
-3.4
-3.5
-3.5
-3.6
-3.7
-3.7
-3.8
-3.8
-3.8
-3.8
-3.9
-3.9
-3.8
-3.8
-3.7
-3.7
-3.6
-3.5
-3.4
-3.3
-3.2
-3.2
-3.2
-3.2
-3.2
-3.2
-3.2
-3.1
-3.0
-2.9
-2.8
-2.6
-2.5
-2.4
-2.3
-2.2
-2.2
-2.1
-2.0
-2.0
-2.0
-2.0
-2.0
-2.0
-2.0
-2.1
-2.3
-2.5
-2.7
-2.9
-3.0
-3.0
-3.0
-3.0
-2.9
-2.8
-2.7
-2.6
-2.6
-2.6
-2.6
-2.7
-2.7
-2.8
-2.8
-2.8
-2.8
-2.7
-2.7
-2.7
-2.6
-2.7
-2.7
-2.7
-2.8
-2.9
-2.9
-2.9
-2.8
-2.8
-2.8
-2.8
-2.8
-2.8
-2.8
-2.7
-2.7
-2.6
-2.5
-2.4
-2.2
-2.1
-2.1
-2.0
-2.0
-1.9
-1.9
-1.9
-1.8
-1.7
-1.7
-1.7
-1.6
-1.6
-1.6
-1.5
-1.5
-1.5
-1.4
-1.4
-1.3
-1.2
-1.2
-1.3
-1.3
-1.4
-1.5
-1.6
-1.7
-1.9
-2.0
-2.2
-2.3
-2.4
-2.5
-2.5
-2.5
-2.5
-2.5
-2.5
-2.5
-2.4
-2.4
-2.3
-2.3
-2.2
-2.1
-2.1
-2.0
-2.0
-2.0
-2.1
-2.1
-2.2
-2.2
-2.2
-2.2
-2.2
-2.1
-2.0
-1.8
-1.7
-1.6
-1.5
-1.3
-1.2
-1.1
-1.0
-1.0
-0.9
-0.8
-0.8
-0.8
-0.8
-0.9
-0.9
-1.0
-1.1
-1.1
-1.2
-1.3
-1.5
-1.6
-1.7
-1.9
-2.0
-2.2
-2.3
-2.4
-2.5
-2.6
-2.6
-2.6
-2.6
-2.7
-2.7
-2.7
-2.8
-2.8
-2.8
-2.8
-2.8
-2.8
-2.8
-2.7
-2.7
-2.6
-2.6
-2.5
-2.5
-2.4
-2.3
-2.2
-2.1
-2.0
-1.9
-1.8
-1.7
-1.6
-1.5
-1.3
-1.2
-1.1
-1.0
-0.9
-0.9
-0.9
-0.9
-1.0
-1.1
-1.2
-1.3
-1.4
-1.5
-1.6
-1.7
-1.8
-1.8
-1.9
-2.0
-2.0
-2.1
-2.2
-2.3
-2.4
-2.5
-2.5
-2.6
-2.7
-2.7
-2.7
-2.6
-2.6
-2.6
-2.6
-2.6
-2.7
-2.7
-2.7
-2.6
-2.5
-2.5
-2.5
-2.5
-2.5
-2.5
-2.5
-2.5
-2.5
-2.5
-2.5
-2.4
-2.3
-2.2
-2.1
-2.0
-2.0
-1.9
-1.8
-1.8
-1.7
-1.7
-1.6
-1.6
-1.5
-1.5
-1.5
-1.6
-1.6
-1.7
-1.9
-2.0
-2.1
-2.3
-2.4
-2.4
-2.5
-2.5
-2.5
-2.6
-2.6
-2.6
-2.6
-2.6
-2.7
-2.7
-2.8
-2.9
-2.9
-3.0
-3.1
-3.2
-3.2
-3.3
-3.3
-3.3
-3.2
-3.1
-3.1
-3.0
-3.0
-2.9
-2.8
-2.7
-2.5
-2.4
-2.2
-2.1
-2.0
-1.9
-1.8
-1.7
-1.6
-1.6
-1.5
-1.4
-1.4
-1.4
-1.4
-1.4
-1.3
-1.3
-1.3
-1.3
-1.4
-1.4
-1.4
-1.5
-1.6
-1.7
-1.8
-1.9
-2.0
-2.1
-2.2
-2.3
-2.4
-2.5
-2.5
-2.6
-2.6
-2.7
-2.7
-2.7
-2.7
-2.7
-2.7
-2.7
-2.8
-2.7
-2.7
-2.7
-2.7
-2.7
-2.7
-2.6
-2.6
-2.5
-2.5
-2.4
-2.3
-2.2
-2.1
-2.0
-1.9
-1.8
-1.7
-1.7
-1.6
-1.5
-1.5
-1.4
-1.2
-1.2
-1.0
-0.9
-0.9
-0.8
-0.8
-0.9
-1.0
-1.0
-1.2
-1.3
-1.4
-1.6
-1.7
-1.8
-1.9
-2.0
-2.1
-2.2
-2.4
-2.5
-2.5
-2.6
-2.7
-2.8
-2.8
-2.9
-2.9
-3.0
-2.9
-2.9
-2.9
-2.9
-2.8
-2.7
-2.7
-2.7
-2.7
-2.6
-2.5
-2.5
-2.3
-2.2
-2.1
-2.1
-2.0
-1.9
-1.8
-1.8
-1.7
-1.6
-1.5
-1.3
-1.1
-0.9
-0.7
-0.6
-0.5
-0.5
-0.4
-0.4
-0.4
-0.4
-0.4
-0.5
-0.6
-0.8
-0.9
-1.1
-1.3
-1.5
-1.6
-1.8
-1.9
-1.9
-1.9
-2.0
-2.0
-2.0
-2.0
-2.1
-2.2
-2.3
-2.4
-2.4
-2.5
-2.5
-2.6
-2.5
-2.5
-2.4
-2.3
-2.2
-2.2
-2.1
-2.1
-2.1
-2.1
-2.1
-2.1
-2.0
-2.0
-2.0
-2.0
-2.0
-2.0
-1.9
-1.9
-1.9
-1.8
-1.8
-1.8
-1.8
-1.7
-1.7
-1.6
-1.5
-1.5
-1.3
-1.2
-1.2
-1.1
-1.1
-1.1
-1.1
-1.2
-1.3
-1.4
-1.5
-1.7
-1.9
-2.0
-2.2
-2.2
-2.3
-2.4
-2.4
-2.4
-2.4
-2.4
-2.3
-2.3
-2.3
-2.4
-2.5
-2.6
-2.6
-2.7
-2.8
-2.8
-2.9
-2.9
-2.9
-2.8
-2.8
-2.7
-2.6
-2.5
-2.4
-2.3
-2.2
-2.1
-2.0
-2.0
-1.9
-1.8
-1.8
-1.7
-1.7
-1.7
-1.7
-1.8
-1.8
-1.9
-1.9
-2.0
-2.0
-1.9
-1.9
-1.8
-1.7
-1.7
-1.7
-1.7
-1.7
-1.7
-1.8
-1.8
-1.8
-1.9
-2.0
-2.1
-2.2
-2.2
-2.3
-2.3
-2.2
-2.2
-2.2
-2.3
-2.3
-2.3
-2.4
-2.4
-2.4
-2.4
-2.5
-2.5
-2.5
-2.5
-2.6
-2.7
-2.8
-2.8
-2.8
-2.8
-2.7
-2.7
-2.6
-2.5
-2.4
-2.2
-2.1
-1.9
-1.8
-1.6
-1.5
-1.4
-1.4
-1.4
-1.4
-1.5
-1.5
-1.6
-1.6
-1.7
-1.7
-1.6
-1.6
-1.6
-1.6
-1.7
-1.7
-1.7
-1.7
-1.7
-1.7
-1.7
-1.8
-1.8
-1.9
-2.0
-2.0
-2.0
-2.0
-2.0
-1.9
-1.8
-1.8
-1.7
-1.7
-1.7
-1.7
-1.7
-1.7
-1.8
-1.8
-1.9
-2.0
-2.0
-2.0
-2.1
-2.1
-2.0
-2.0
-2.0
-1.9
-1.8
-1.8
-1.7
-1.7
-1.6
-1.6
-1.5
-1.4
-1.3
-1.2
-1.1
-1.1
-1.0
-1.0
-0.9
-0.9
-0.9
-0.9
-1.0
-1.0
-1.0
-1.1
-1.2
-1.2
-1.2
-1.2
-1.3
-1.3
-1.3
-1.3
-1.3
-1.2
-1.2
-1.2
-1.2
-1.2
-1.2
-1.2
-1.3
-1.4
-1.5
-1.6
-1.7
-1.8
-1.9
-1.9
-2.0
-1.9
-1.9
-1.8
-1.8
-1.8
-1.7
-1.7
-1.7
-1.7
-1.7
-1.8
-1.8
-1.9
-1.8
-1.7
-1.6
-1.5
-1.3
-1.1
-1.0
-0.9
-0.8
-0.7
-0.6
-0.6
-0.7
-0.7
-0.7
-0.8
-0.8
-0.9
-1.0
-1.0
-1.1
-1.1
-1.2
-1.2
-1.2
-1.1
-1.1
-1.0
-1.0
-0.9
-0.8
-0.8
-0.8
-0.9
-0.9
-1.0
-1.1
-1.2
-1.3
-1.3
-1.3
-1.3
-1.2
-1.2
-1.3
-1.3
-1.3
-1.4
-1.4
-1.5
-1.6
-1.6
-1.6
-1.6
-1.6
-1.6
-1.6
-1.7
-1.7
-1.8
-1.7
-1.7
-1.6
-1.5
-1.5
-1.4
-1.3
-1.2
-1.1
-1.0
-0.9
-0.8
-0.7
-0.6
-0.6
-0.5
-0.4
-0.3
-0.3
-0.3
-0.4
-0.4
-0.4
-0.5
-0.5
-0.6
-0.6
-0.7
-0.7
-0.8
-0.8
-0.9
-1.0
-1.1
-1.2
-1.2
-1.3
-1.4
-1.5
-1.4
-1.4
-1.4
-1.4
-1.4
-1.4
-1.4
-1.4
-1.4
-1.4
-1.4
-1.4
-1.4
-1.4
-1.4
-1.3
-1.3
-1.2
-1.1
-1.0
-0.8
-0.6
-0.4
-0.3
-0.2
-0.1
0.0
0.0
0.0
0.0
0.1
0.1
0.0
0.0
0.0
0.0
0.0
-0.1
-0.2
-0.2
-0.3
-0.4
-0.5
-0.6
-0.7
-0.8
-0.9
-0.9
-1.0
-1.1
-1.2
-1.2
-1.2
-1.3
-1.3
-1.3
-1.3
-1.3
-1.2
-1.2
-1.1
-1.1
-1.1
-1.0
-1.0
-1.1
-1.1
-1.1
-1.1
-1.1
-1.0
-1.0
-1.0
-0.9
-0.9
-0.8
-0.8
-0.8
-0.8
-0.7
-0.7
-0.7
-0.6
-0.6
-0.6
-0.5
-0.5
-0.4
-0.4
-0.4
-0.3
-0.3
-0.4
-0.4
-0.4
-0.5
-0.6
-0.6
-0.7
-0.8
-0.9
-0.9
-0.9
-1.0
-1.1
-1.2
-1.2
-1.3
-1.4
-1.5
-1.5
-1.5
-1.6
-1.5
-1.5
-1.3
-1.2
-1.2
-1.1
-1.1
-1.1
-1.1
-1.1
-1.1
-1.1
-1.0
-1.0
-0.8
-0.7
-0.6
-0.4
-0.3
-0.2
-0.1
-0.1
0.0
0.0
0.0
-0.1
-0.1
-0.2
-0.2
-0.3
-0.4
-0.5
-0.5
-0.6
-0.6
-0.6
-0.6
-0.6
-0.6
-0.7
-0.8
-0.9
-1.0
-1.2
-1.3
-1.5
-1.6
-1.7
-1.7
-1.7
-1.7
-1.6
-1.6
-1.5
-1.5
-1.5
-1.4
-1.4
-1.4
-1.5
-1.4
-1.4
-1.4
-1.4
-1.3
-1.2
-1.2
-1.1
-1.0
-0.9
-0.7
-0.6
-0.4
-0.2
-0.1
0.0
0.0
0.0
0.1
0.1
0.1
0.0
0.0
-0.2
-0.3
-0.5
-0.6
-0.8
-0.9
-1.1
-1.3
-1.4
-1.5
-1.5
-1.6
-1.6
-1.5
-1.5
-1.5
-1.6
-1.6
-1.7
-1.8
-1.9
-2.1
-2.2
-2.3
-2.4
-2.4
-2.4
-2.4
-2.3
-2.3
-2.3
-2.2
-2.2
-2.1
-2.1
-2.0
-2.0
-2.0
-2.1
-2.1
-2.1
-2.1
-2.1
-2.1
-1.9
-1.8
-1.6
-1.4
-1.2
-0.9
-0.8
-0.7
-0.5
-0.5
-0.5
-0.5
-0.6
-0.7
-0.7
-0.8
-0.9
-1.1
-1.2
-1.3
-1.4
-1.5
-1.5
-1.5
-1.5
-1.6
-1.6
-1.6
-1.7
-1.7
-1.8
-1.9
-2.0
-2.0
-2.1
-2.1
-2.2
-2.2
-2.1
-2.1
-2.2
-2.2
-2.2
-2.2
-2.2
-2.1
-2.1
-2.1
-2.0
-2.0
-1.9
-1.9
-1.8
-1.8
-1.8
-1.8
-1.7
-1.7
-1.6
-1.5
-1.5
-1.3
-1.2
-1.1
-1.0
-1.0
-1.0
-0.9
-0.9
-0.9
-0.9
-0.8
-0.8
-0.9
-0.9
-0.9
-1.0
-1.0
-1.1
-1.2
-1.2
-1.3
-1.2
-1.2
-1.2
-1.2
-1.1
-1.1
-1.1
-1.1
-1.2
-1.3
-1.4
-1.5
-1.7
-1.8
-1.9
-2.0
-2.1
-2.2
-2.3
-2.3
-2.4
-2.4
-2.4
-2.4
-2.4
-2.4
-2.4
-2.3
-2.3
-2.3
-2.2
-2.2
-2.0
-1.9
-1.9
-1.7
-1.6
-1.5
-1.4
-1.3
-1.3
-1.3
-1.3
-1.3
-1.3
-1.3
-1.3
-1.3
-1.2
-1.1
-1.0
-0.9
-0.8
-0.7
-0.6
-0.5
-0.5
-0.5
-0.5
-0.5
-0.6
-0.6
-0.7
-0.8
-0.9
-1.1
-1.1
-1.2
-1.3
-1.4
-1.5
-1.6
-1.6
-1.6
-1.6
-1.5
-1.5
-1.5
-1.4
-1.4
-1.3
-1.3
-1.3
-1.3
-1.4
-1.4
-1.4
-1.4
-1.4
-1.4
-1.4
-1.4
-1.4
-1.4
-1.4
-1.3
-1.3
-1.3
-1.2
-1.1
-1.0
-0.8
-0.7
-0.5
-0.3
-0.2
-0.1
-0.1
-0.1
-0.2
-0.2
-0.3
-0.4
-0.5
-0.5
-0.5
-0.5
-0.4
-0.4
-0.4
-0.4
-0.4
-0.4
-0.5
-0.5
-0.6
-0.7
-0.8
-1.0
-1.1
-1.2
-1.2
-1.3
-1.4
-1.5
-1.5
-1.5
-1.5
-1.4
-1.4
-1.4
-1.4
-1.3
-1.2
-1.2
-1.2
-1.2
-1.2
-1.2
-1.2
-1.2
-1.1
-1.1
-1.0
-1.0
-0.8
-0.7
-0.6
-0.5
-0.4
-0.3
-0.2
-0.2
-0.2
-0.2
-0.2
-0.2
-0.2
-0.3
-0.3
-0.4
-0.5
-0.5
-0.7
-0.8
-1.0
-1.2
-1.4
-1.5
-1.6
-1.7
-1.7
-1.7
-1.7
-1.8
-1.8
-1.8
-1.9
-1.9
-2.0
-2.0
-2.0
-2.0
-1.9
-1.8
-1.7
-1.7
-1.6
-1.6
-1.5
-1.4
-1.4
-1.4
-1.4
-1.4
-1.4
-1.4
-1.4
-1.5
-1.5
-1.5
-1.5
-1.5
-1.5
-1.4
-1.3
-1.2
-1.1
-0.9
-0.7
-0.4
-0.2
0.0
0.1
0.2
0.3
0.3
0.3
0.3
0.3
0.3
0.2
0.2
0.1
0.1
0.1
0.0
0.0
-0.1
-0.2
-0.4
-0.5
-0.6
-0.7
-0.8
-0.9
-1.0
-1.0
-1.1
-1.2
-1.2
-1.4
-1.5
-1.6
-1.7
-1.8
-1.9
-2.0
-2.0
-2.0
-2.0
-2.0
-1.9
-1.8
-1.7
-1.7
-1.7
-1.6
-1.6
-1.5
-1.5
-1.4
-1.3
-1.2
-1.1
-1.0
-0.9
-0.8
-0.8
-0.7
-0.7
-0.7
-0.7
-0.7
-0.7
-0.7
-0.7
-0.7
-0.6
-0.6
-0.6
-0.7
-0.6
-0.7
-0.7
-0.7
-0.8
-0.8
-0.8
-0.8
-0.8
-0.8
-0.7
-0.7
-0.6
-0.5
-0.5
-0.4
-0.4
-0.4
-0.4
-0.5
-0.6
-0.7
-0.8
-1.0
-1.2
-1.3
-1.5
-1.6
-1.7
-1.8
-1.8
-1.7
-1.7
-1.7
-1.6
-1.6
-1.5
-1.5
-1.5
-1.5
-1.5
-1.6
-1.6
-1.5
-1.5
-1.5
-1.4
-1.4
-1.4
-1.3
-1.2
-1.0
-0.8
-0.8
-0.7
-0.7
-0.6
-0.6
-0.6
-0.6
-0.6
-0.6
-0.6
-0.6
-0.6
-0.6
-0.7
-0.7
-0.7
-0.7
-0.7
-0.8
-0.7
-0.7
-0.6
-0.6
-0.6
-0.6
-0.5
-0.5
-0.5
-0.5
-0.6
-0.7
-0.8
-1.0
-1.1
-1.2
-1.2
-1.3
-1.3
-1.3
-1.3
-1.2
-1.2
-1.2
-1.2
-1.2
-1.2
-1.1
-1.0
-1.0
-0.9
-0.8
-0.8
-0.6
-0.6
-0.5
-0.4
-0.4
-0.4
-0.3
-0.3
-0.4
-0.4
-0.5
-0.5
-0.6
-0.7
-0.7
-0.8
-0.9
-0.9
-1.0
-1.1
-1.2
-1.3
-1.3
-1.3
-1.4
-1.4
-1.5
-1.5
-1.6
-1.7
-1.9
-2.0
-2.1
-2.1
-2.1
-2.1
-2.0
-1.9
-1.8
-1.6
-1.5
-1.4
-1.4
-1.3
-1.3
-1.3
-1.2
-1.2
-1.2
-1.1
-1.0
-0.8
-0.7
-0.5
-0.3
-0.2
-0.2
-0.1
-0.1
-0.1
-0.2
-0.2
-0.3
-0.4
-0.5
-0.6
-0.8
-0.9
-1.1
-1.3
-1.5
-1.7
-1.8
-1.9
-2.0
-2.1
-2.2
-2.3
-2.3
-2.4
-2.5
-2.5
-2.4
-2.4
-2.4
-2.4
-2.4
-2.4
-2.4
-2.5
-2.6
-2.7
-2.7
-2.6
-2.6
-2.6
-2.5
-2.4
-2.3
-2.2
-2.1
-2.0
-1.9
-1.8
-1.6
-1.5
-1.4
-1.4
-1.4
-1.3
-1.3
-1.2
-1.1
-1.1
-1.0
-0.9
-0.9
-0.8
-0.8
-0.8
-0.8
-0.8
-0.8
-0.8
-0.9
-1.0
-1.1
-1.2
-1.4
-1.5
-1.7
-1.9
-2.1
-2.3
-2.4
-2.5
-2.5
-2.5
-2.5
-2.5
-2.4
-2.3
-2.2
-2.2
-2.2
-2.1
-2.2
-2.2
-2.2
-2.2
-2.2
-2.2
-2.3
-2.3
-2.3
-2.2
-2.1
-2.1
-2.1
-2.0
-2.0
-1.8
-1.7
-1.6
-1.5
-1.4
-1.3
-1.1
-1.0
-0.8
-0.6
-0.5
-0.3
-0.2
-0.1
-0.1
0.0
-0.1
-0.1
-0.2
-0.4
-0.6
-0.8
-0.9
-1.1
-1.2
-1.3
-1.3
-1.3
-1.4
-1.5
-1.5
-1.6
-1.6
-1.7
-1.8
-1.9
-1.9
-2.0
-2.0
-1.9
-1.9
-1.8
-1.8
-1.7
-1.6
-1.5
-1.4
-1.2
-1.1
-1.0
-0.9
-0.7
-0.6
-0.6
-0.6
-0.5
-0.5
-0.4
-0.4
-0.4
-0.3
-0.2
-0.1
0.0
0.1
0.2
0.4
0.4
0.5
0.5
0.5
0.5
0.5
0.4
0.4
0.4
0.4
0.3
0.3
0.2
0.1
0.1
0.0
0.0
-0.1
-0.2
-0.2
-0.2
-0.1
-0.1
-0.1
-0.1
-0.1
-0.2
-0.3
-0.5
-0.6
-0.7
-0.9
-0.9
-1.0
-1.0
-1.0
-1.0
-1.0
-1.0
-1.1
-1.1
-1.1
-1.0
-1.0
-0.9
-0.8
-0.7
-0.5
-0.3
-0.2
0.0
0.1
0.3
0.4
0.5
0.7
0.9
1.0
1.1
1.1
1.1
1.1
1.0
1.0
0.9
0.9
0.8
0.8
0.7
0.7
0.7
0.7
0.7
0.7
0.7
0.6
0.6
0.6
0.5
0.4
0.3
0.3
0.2
0.1
0.0
0.0
0.0
-0.1
-0.2
-0.3
-0.5
-0.6
-0.7
-0.8
-1.0
-1.1
-1.1
-1.2
-1.2
-1.2
-1.2
-1.3
-1.3
-1.3
-1.3
-1.3
-1.3
-1.4
-1.4
-1.4
-1.3
-1.3
-1.4
-1.4
-1.4
-1.4
-1.3
-1.2
-1.2
-1.1
-1.0
-0.8
-0.6
-0.5
-0.4
-0.3
-0.2
-0.1
-0.1
0.0
0.0
0.0
0.0
0.0
0.0
0.1
0.1
0.2
0.2
0.2
0.2
0.3
0.3
0.3
0.3
0.2
0.2
0.1
0.1
0.0
0.0
-0.1
-0.2
-0.2
-0.3
-0.3
-0.3
-0.3
-0.3
-0.2
-0.2
-0.1
-0.1
0.0
0.0
0.0
0.0
0.0
0.0
0.1
0.2
0.3
0.4
0.5
0.7
0.8
0.9
1.0
1.0
1.1
1.1
1.1
1.1
1.1
1.2
1.1
1.1
1.0
1.0
0.9
0.8
0.6
0.5
0.4
0.3
0.2
0.1
0.0
0.0
-0.1
-0.2
-0.2
-0.3
-0.3
-0.3
-0.4
-0.4
-0.5
-0.5
-0.6
-0.8
-0.9
-0.9
-0.9
-1.0
-1.0
-1.0
-0.9
-0.9
-0.8
-0.7
-0.7
-0.6
-0.6
-0.6
-0.5
-0.4
-0.3
-0.2
-0.1
0.0
0.0
0.1
0.2
0.3
0.4
0.4
0.4
0.4
0.5
0.5
0.5
0.4
0.3
0.3
0.2
0.1
0.0
-0.1
-0.3
-0.4
-0.5
-0.7
-0.8
-1.0
-1.1
-1.2
-1.3
-1.4
-1.5
-1.5
-1.4
-1.4
-1.4
-1.4
-1.4
-1.5
-1.5
-1.6
-1.7
-1.8
-1.8
-1.7
-1.7
-1.6
-1.4
-1.3
-1.1
-1.0
-0.9
-0.8
-0.6
-0.5
-0.4
-0.2
-0.1
0.0
0.1
0.2
0.2
0.3
0.3
0.4
0.5
0.6
0.7
0.8
0.8
0.9
0.9
0.8
0.8
0.7
0.6
0.6
0.5
0.4
0.3
0.3
0.2
0.2
0.1
0.0
0.0
0.0
0.0
-0.1
-0.2
-0.3
-0.3
-0.4
-0.5
-0.6
-0.7
-0.8
-0.8
-0.9
-0.9
-0.9
-1.0
-1.0
-1.0
-1.0
-0.8
-0.7
-0.6
-0.4
-0.2
-0.1
0.0
0.2
0.3
0.3
0.4
0.4
0.5
0.5
0.6
0.7
0.8
1.0
1.1
1.2
1.3
1.3
1.4
1.4
1.3
1.2
1.0
0.9
0.7
0.6
0.5
0.3
0.2
0.1
0.0
0.0
-0.1
-0.2
-0.3
-0.3
-0.4
-0.5
-0.5
-0.6
-0.6
-0.6
-0.6
-0.6
-0.7
-0.7
-0.7
-0.7
-0.6
-0.6
-0.6
-0.5
-0.4
-0.3
-0.2
-0.1
0.0
0.0
0.0
0.0
0.0
0.1
0.1
0.2
0.2
0.3
0.3
0.4
0.5
0.6
0.7
0.7
0.8
0.8
0.9
0.9
0.9
1.0
1.0
0.9
0.9
0.9
0.9
0.8
0.8
0.7
0.6
0.5
0.4
0.3
0.2
0.0
0.0
-0.1
-0.1
-0.2
-0.2
-0.2
-0.3
-0.3
-0.4
-0.4
-0.5
-0.6
-0.6
-0.7
-0.7
-0.6
-0.6
-0.5
-0.5
-0.5
-0.5
-0.6
-0.7
-0.8
-0.9
-1.0
-1.0
-1.0
-1.0
-0.9
-0.8
-0.8
-0.7
-0.6
-0.6
-0.6
-0.6
-0.7
-0.7
-0.7
-0.7
-0.7
-0.7
-0.8
-0.8
-0.8
-0.8
-0.8
-0.8
-0.8
-0.9
-0.9
-1.0
-1.0
-1.1
-1.1
-1.2
-1.2
-1.3
-1.3
-1.3
-1.2
-1.2
-1.2
-1.2
-1.3
-1.3
-1.4
-1.5
-1.6
-1.6
-1.6
-1.6
-1.6
-1.6
-1.6
-1.5
-1.5
-1.4
-1.3
-1.2
-1.1
-1.0
-0.9
-0.8
-0.8
-0.8
-0.8
-1.0
-1.1
-1.2
-1.3
-1.4
-1.5
-1.5
-1.5
-1.3
-1.3
-1.2
-1.1
-1.0
-0.9
-0.8
-0.8
-0.7
-0.7
-0.7
-0.8
-0.8
-0.9
-1.0
