1.1
1.2
1.2
1.3
1.4
1.4
1.5
1.6
1.6
1.7
1.7
1.7
1.8
1.8
1.8
1.8
1.8
1.8
1.8
1.7
1.7
1.7
1.7
1.6
1.6
1.5
1.5
1.5
1.5
1.6
1.6
1.6
1.6
1.6
1.6
1.5
1.5
1.4
1.3
1.2
1.2
1.2
1.1
1.1
1.0
1.0
1.0
1.0
1.0
1.1
1.2
1.3
1.4
1.5
1.6
1.6
1.7
1.8
1.8
1.9
1.9
2.0
2.0
2.0
1.9
1.9
1.9
1.9
1.9
1.9
1.8
1.8
1.8
1.8
1.7
1.7
1.7
1.6
1.6
1.6
1.5
1.5
1.5
1.6
1.6
1.6
1.6
1.6
1.6
1.5
1.5
1.4
1.4
1.3
1.3
1.3
1.4
1.4
1.5
1.6
1.7
1.8
1.9
2.0
2.1
2.2
2.2
2.2
2.2
2.2
2.2
2.2
2.2
2.2
2.2
2.2
2.3
2.3
2.3
2.3
2.3
2.2
2.2
2.2
2.1
2.0
1.9
1.8
1.8
1.7
1.7
1.6
1.6
1.6
1.5
1.5
1.4
1.3
1.2
1.1
1.0
0.9
0.9
0.9
0.9
1.0
1.0
1.1
1.1
1.1
1.2
1.2
1.2
1.2
1.2
1.3
1.4
1.6
1.7
1.8
1.9
2.0
2.0
2.1
2.1
2.1
2.0
2.0
2.0
1.9
1.9
1.9
1.8
1.7
1.7
1.6
1.5
1.4
1.3
1.2
1.1
1.1
1.1
1.0
1.0
1.0
1.0
1.0
1.0
1.1
1.1
1.1
1.1
1.1
1.1
1.1
1.1
1.0
1.0
1.0
1.0
1.0
1.0
1.0
1.0
0.9
0.9
0.9
0.9
0.9
0.8
0.9
0.9
1.0
1.0
1.1
1.2
1.3
1.3
1.4
1.5
1.5
1.5
1.5
1.5
1.5
1.4
1.4
1.4
1.3
1.3
1.3
1.3
1.2
1.2
1.1
1.0
0.9
0.7
0.6
0.4
0.3
0.2
0.2
0.2
0.2
0.2
0.2
0.3
0.4
0.5
0.5
0.6
0.6
0.7
0.7
0.8
0.8
0.9
1.0
1.0
1.0
1.0
1.0
1.0
1.0
1.0
1.0
1.0
1.1
1.1
1.2
1.3
1.3
1.4
1.5
1.5
1.5
1.6
1.6
1.7
1.7
1.7
1.8
1.8
1.8
1.9
1.9
1.9
1.9
1.8
1.7
1.5
1.4
1.2
1.0
0.7
0.6
0.4
0.3
0.2
0.1
0.1
0.1
0.1
0.2
0.2
0.3
0.3
0.3
0.3
0.3
0.3
0.3
0.3
0.3
0.3
0.4
0.5
0.6
0.7
0.8
0.9
1.0
1.1
1.2
1.3
1.4
1.5
1.7
1.8
2.0
2.1
2.2
2.3
2.4
2.5
2.6
2.7
2.8
2.8
2.9
2.9
2.9
2.8
2.8
2.7
2.7
2.6
2.6
2.5
2.4
2.4
2.3
2.1
2.0
1.9
1.7
1.6
1.5
1.3
1.2
1.0
1.0
0.9
0.8
0.8
0.9
0.9
1.0
1.0
1.0
1.1
1.1
1.1
1.1
1.1
1.1
1.1
1.1
1.2
1.2
1.2
1.1
1.1
1.1
1.1
1.2
1.3
1.5
1.6
1.8
2.0
2.1
2.2
2.2
2.2
2.3
2.2
2.2
2.1
2.0
2.0
2.0
1.9
1.9
1.9
1.8
1.8
1.9
1.9
1.9
1.8
1.7
1.7
1.7
1.7
1.7
1.7
1.6
1.6
1.6
1.6
1.6
1.6
1.6
1.6
1.6
1.7
1.7
1.7
1.7
1.7
1.8
1.8
1.9
2.0
2.1
2.1
2.2
2.4
2.5
2.6
2.7
2.8
3.0
3.0
3.1
3.2
3.2
3.2
3.3
3.3
3.4
3.4
3.4
3.5
3.5
3.5
3.5
3.4
3.4
3.3
3.2
3.2
3.1
3.0
2.9
2.8
2.7
2.7
2.6
2.6
2.6
2.6
2.6
2.6
2.6
2.7
2.7
2.6
2.6
2.6
2.6
2.6
2.6
2.7
2.8
2.9
3.0
3.2
3.3
3.4
3.4
3.5
3.4
3.3
3.2
3.0
2.7
2.5
2.2
2.1
2.0
2.0
2.0
2.1
2.2
2.3
2.4
2.5
2.6
2.7
2.7
2.7
2.6
2.7
2.7
2.7
2.7
2.7
2.8
2.9
2.9
2.9
2.9
2.8
2.8
2.8
2.7
2.7
2.7
2.7
2.7
2.7
2.7
2.7
2.7
2.7
2.7
2.7
2.7
2.7
2.7
2.8
2.8
2.9
2.9
3.0
3.1
3.1
3.1
3.2
3.2
3.1
3.1
3.1
3.1
3.0
3.0
3.0
3.0
3.1
3.1
3.1
3.2
3.2
3.2
3.2
3.2
3.2
3.2
3.1
3.0
2.9
2.8
2.8
2.7
2.7
2.7
2.7
2.7
2.7
2.6
2.6
2.6
2.6
2.6
2.6
2.6
2.6
2.6
2.6
2.6
2.5
2.5
2.4
2.4
2.3
2.3
2.3
2.3
2.3
2.2
2.2
2.2
2.1
2.1
2.1
2.2
2.2
2.3
2.3
2.4
2.5
2.6
2.7
2.8
2.9
2.9
3.0
3.0
3.0
3.0
3.1
3.2
3.2
3.3
3.3
3.4
3.5
3.5
3.6
3.6
3.7
3.7
3.7
3.7
3.6
3.6
3.5
3.5
3.4
3.3
3.3
3.3
3.2
3.2
3.1
3.0
3.0
2.9
2.8
2.7
2.7
2.6
2.6
2.7
2.6
2.6
2.5
2.5
2.5
2.4
2.3
2.2
2.2
2.2
2.2
2.2
2.2
2.3
2.4
2.4
2.5
2.5
2.6
2.7
2.7
2.8
2.8
2.8
2.9
2.9
2.9
3.0
3.0
3.0
3.0
3.0
3.1
3.1
3.0
2.9
2.8
2.7
2.6
2.5
2.4
2.3
2.2
2.2
2.1
2.0
1.9
1.8
1.7
1.7
1.6
1.6
1.5
1.5
1.5
1.5
1.5
1.5
1.5
1.5
1.5
1.5
1.5
1.5
1.5
1.5
1.5
1.5
1.6
1.7
1.7
1.8
1.9
2.0
2.0
2.1
2.1
2.1
2.1
2.1
2.1
2.1
2.0
2.0
2.0
2.0
1.9
1.9
1.9
1.9
1.9
1.8
1.8
1.7
1.7
1.7
1.6
1.6
1.6
1.6
1.5
1.4
1.3
1.2
1.1
1.0
1.0
0.9
0.9
1.0
1.0
1.1
1.2
1.2
1.3
1.4
1.5
1.5
1.7
1.8
1.9
2.0
2.1
2.2
2.2
2.3
2.4
2.3
2.3
2.2
2.1
2.0
1.9
1.8
1.7
1.7
1.7
1.6
1.6
1.6
1.7
1.7
1.7
1.7
1.6
1.6
1.6
1.5
1.4
1.2
1.1
1.0
0.9
0.8
0.8
0.8
0.8
0.8
0.8
0.9
0.9
0.8
0.8
0.7
0.6
0.5
0.5
0.4
0.4
0.4
0.4
0.4
0.4
0.5
0.5
0.5
0.5
0.5
0.5
0.5
0.5
0.5
0.4
0.4
0.4
0.4
0.4
0.4
0.4
0.4
0.4
0.4
0.4
0.4
0.4
0.5
0.5
0.5
0.5
0.5
0.5
0.4
0.4
0.4
0.5
0.5
0.5
0.4
0.4
0.4
0.4
0.4
0.3
0.3
0.2
0.2
0.1
0.1
0.0
0.0
-0.1
-0.1
-0.2
-0.2
-0.1
-0.1
0.0
0.0
0.0
0.0
0.0
0.0
-0.1
-0.2
-0.3
-0.4
-0.5
-0.5
-0.5
-0.4
-0.3
-0.3
-0.2
-0.1
0.0
0.0
0.0
0.0
0.0
0.0
0.0
0.1
0.1
0.1
0.1
0.1
0.1
0.0
0.0
0.0
-0.1
-0.2
-0.2
-0.3
-0.3
-0.3
-0.4
-0.4
-0.4
-0.5
-0.5
-0.6
-0.6
-0.7
-0.7
-0.7
-0.7
-0.6
-0.6
-0.6
-0.5
-0.5
-0.4
-0.4
-0.4
-0.4
-0.4
-0.4
-0.4
-0.4
-0.4
-0.3
-0.3
-0.2
-0.1
-0.1
0.0
0.0
-0.1
-0.1
-0.2
-0.2
-0.2
-0.2
-0.2
-0.1
0.0
0.0
0.1
0.2
0.3
0.3
0.3
0.2
0.2
0.0
0.0
-0.2
-0.4
-0.6
-0.8
-1.0
-1.1
-1.2
-1.3
-1.3
-1.3
-1.4
-1.4
-1.4
-1.5
-1.6
-1.6
-1.7
-1.7
-1.8
-1.8
-1.8
-1.7
-1.6
-1.6
-1.5
-1.4
-1.4
-1.3
-1.3
-1.2
-1.2
-1.1
-1.1
-1.0
-1.0
-1.0
-0.9
-0.9
-0.9
-0.9
-0.9
-0.8
-0.8
-0.7
-0.6
-0.5
-0.4
-0.4
-0.3
-0.3
-0.3
-0.3
-0.3
-0.3
-0.3
-0.3
-0.3
-0.3
-0.4
-0.4
-0.4
-0.4
-0.5
-0.7
-0.8
-0.9
-1.0
-1.1
-1.3
-1.4
-1.4
-1.4
-1.4
-1.4
-1.4
-1.4
-1.4
-1.4
-1.4
-1.4
-1.4
-1.3
-1.3
-1.2
-1.2
-1.1
-1.0
-1.0
-1.0
-1.0
-1.0
-1.0
-1.0
-1.0
-1.0
-1.0
-1.1
-1.1
-1.2
-1.3
-1.3
-1.3
-1.3
-1.2
-1.1
-1.0
-0.9
-0.9
-0.8
-0.8
-0.8
-0.8
-0.8
-0.9
-0.9
-0.9
-0.8
-0.9
-0.9
-1.0
-1.1
-1.2
-1.3
-1.4
-1.5
-1.5
-1.6
-1.5
-1.5
-1.4
-1.3
-1.2
-1.0
-0.8
-0.6
-0.5
-0.5
-0.5
-0.5
-0.5
-0.6
-0.8
-0.9
-1.1
-1.2
-1.3
-1.4
-1.4
-1.4
-1.4
-1.4
-1.3
-1.2
-1.2
-1.1
-1.0
-0.9
-0.9
-0.8
-0.9
-0.9
-0.9
-0.9
-1.0
-1.0
-1.0
-1.0
-1.1
-1.1
-1.2
-1.3
-1.4
-1.5
-1.5
-1.6
-1.5
-1.5
-1.3
-1.2
-1.2
-1.1
-1.0
-0.9
-0.9
-0.9
-1.0
-1.0
-1.1
-1.1
-1.2
-1.2
-1.3
-1.4
-1.4
-1.4
-1.3
-1.3
-1.3
-1.3
-1.3
-1.3
-1.3
-1.4
-1.4
-1.5
-1.6
-1.6
-1.6
-1.6
-1.6
-1.6
-1.5
-1.5
-1.4
-1.3
-1.3
-1.3
-1.2
-1.2
-1.2
-1.2
-1.2
-1.2
-1.3
-1.3
-1.4
-1.5
-1.6
-1.6
-1.6
-1.6
-1.6
-1.5
-1.5
-1.4
-1.4
-1.3
-1.3
-1.3
-1.3
-1.3
-1.3
-1.3
-1.3
-1.3
-1.2
-1.2
-1.1
-1.1
-1.0
-1.1
-1.1
-1.2
-1.2
-1.3
-1.4
-1.5
-1.6
-1.6
-1.7
-1.7
-1.7
-1.7
-1.8
-1.8
-1.8
-1.8
-1.8
-1.9
-1.9
-1.9
-1.9
-1.8
-1.8
-1.7
-1.6
-1.6
-1.5
-1.5
-1.5
-1.4
-1.5
-1.5
-1.5
-1.6
-1.7
-1.7
-1.8
-1.9
-1.9
-2.0
-1.9
-1.9
-1.9
-1.9
-1.8
-1.8
-1.7
-1.7
-1.7
-1.7
-1.7
-1.7
-1.6
-1.6
-1.5
-1.4
-1.3
-1.3
-1.2
-1.2
-1.1
-1.1
-1.1
-1.1
-1.2
-1.2
-1.3
-1.4
-1.4
-1.5
-1.6
-1.7
-1.8
-1.9
-1.9
-2.0
-2.0
-2.1
-2.1
-2.2
-2.2
-2.3
-2.4
-2.4
-2.4
-2.5
-2.5
-2.6
-2.6
-2.6
-2.6
-2.6
-2.6
-2.7
-2.7
-2.6
-2.6
-2.5
-2.6
-2.6
-2.6
-2.6
-2.5
-2.5
-2.5
-2.5
-2.4
-2.3
-2.2
-2.0
-2.0
-1.9
-1.8
-1.8
-1.8
-1.8
-1.8
-1.7
-1.6
-1.5
-1.4
-1.3
-1.2
-1.2
-1.2
-1.3
-1.4
-1.6
-1.7
-1.9
-2.0
-2.2
-2.3
-2.4
-2.5
-2.6
-2.7
-2.8
-2.8
-2.9
-2.9
-2.9
-2.9
-3.0
-3.0
-3.0
-3.0
-3.1
-3.2
-3.2
-3.2
-3.1
-3.0
-3.0
-2.8
-2.7
-2.6
-2.4
-2.3
-2.2
-2.1
-2.1
-2.1
-2.0
-2.0
-2.0
-2.0
-2.0
-2.0
-2.1
-2.1
-2.0
-2.0
-2.0
-2.0
-2.0
-1.9
-1.9
-1.8
-1.8
-1.7
-1.7
-1.7
-1.6
-1.5
-1.5
-1.4
-1.4
-1.4
-1.5
-1.5
-1.6
-1.6
-1.8
-1.8
-2.0
-2.1
-2.2
-2.3
-2.4
-2.5
-2.6
-2.6
-2.7
-2.7
-2.7
-2.7
-2.7
-2.8
-2.8
-2.9
-2.9
-2.9
-3.0
-3.0
-2.9
-2.9
-2.8
-2.7
-2.7
-2.6
-2.6
-2.6
-2.5
-2.5
-2.5
-2.4
-2.3
-2.2
-2.0
-1.9
-1.7
-1.5
-1.3
-1.2
-1.1
-0.9
-0.8
-0.6
-0.5
-0.5
-0.4
-0.4
-0.4
-0.5
-0.6
-0.8
-0.9
-1.1
-1.2
-1.3
-1.4
-1.5
-1.5
-1.6
-1.6
-1.7
-1.7
-1.8
-1.9
-2.0
-2.0
-2.0
-2.1
-2.1
-2.1
-2.1
-2.1
-2.2
-2.2
-2.2
-2.3
-2.4
-2.4
-2.5
-2.5
-2.5
-2.5
-2.5
-2.5
-2.5
-2.5
-2.5
-2.5
-2.4
-2.3
-2.2
-2.1
-2.0
-1.8
-1.7
-1.5
-1.4
-1.3
-1.2
-1.1
-1.1
-1.0
-1.0
-1.1
-1.2
-1.2
-1.3
-1.4
-1.4
-1.4
-1.4
-1.4
-1.4
-1.4
-1.5
-1.6
-1.6
-1.7
-1.8
-1.8
-1.9
-2.0
-2.0
-2.0
-2.1
-2.1
-2.1
-2.2
-2.2
-2.3
-2.3
-2.4
-2.4
-2.4
-2.4
-2.4
-2.4
-2.4
-2.4
-2.4
-2.4
-2.4
-2.4
-2.3
-2.3
-2.2
-2.2
-2.1
-2.0
-2.0
-2.0
-2.0
-2.0
-1.9
-1.8
-1.7
-1.7
-1.6
-1.5
-1.4
-1.4
-1.3
-1.3
-1.4
-1.4
-1.5
-1.6
-1.6
-1.7
-1.7
-1.7
-1.7
-1.8
-1.8
-1.7
-1.7
-1.7
-1.8
-1.8
-1.9
-2.0
-2.1
-2.2
-2.3
-2.4
-2.4
-2.4
-2.5
-2.5
-2.5
-2.4
-2.4
-2.4
-2.4
-2.4
-2.3
-2.3
-2.2
-2.2
-2.2
-2.1
-2.1
-2.0
-1.9
-1.8
-1.7
-1.6
-1.6
-1.5
-1.4
-1.4
-1.4
-1.4
-1.3
-1.3
-1.3
-1.3
-1.3
-1.4
-1.4
-1.4
-1.5
-1.5
-1.6
-1.6
-1.6
-1.6
-1.5
-1.5
-1.5
-1.5
-1.5
-1.6
-1.6
-1.8
-1.9
-2.0
-2.1
-2.2
-2.3
-2.4
-2.4
-2.4
-2.4
-2.4
-2.3
-2.2
-2.2
-2.1
-2.0
-2.0
-1.9
-1.9
-1.9
-1.9
-1.9
-1.9
-1.8
-1.8
-1.8
-1.7
-1.7
-1.6
-1.5
-1.4
-1.4
-1.3
-1.3
-1.3
-1.3
-1.3
-1.3
-1.3
-1.3
-1.3
-1.3
-1.4
-1.5
-1.6
-1.6
-1.7
-1.8
-1.9
-2.0
-2.0
-2.1
-2.1
-2.2
-2.2
-2.3
-2.3
-2.4
-2.4
-2.4
-2.5
-2.5
-2.4
-2.3
-2.3
-2.3
-2.2
-2.2
-2.2
-2.1
-2.1
-2.0
-2.0
-1.9
-1.7
-1.6
-1.5
-1.3
-1.2
-1.1
-0.9
-0.8
-0.6
-0.5
-0.4
-0.3
-0.2
-0.2
-0.1
-0.2
-0.3
-0.4
-0.5
-0.7
-0.9
-1.1
-1.2
-1.3
-1.3
-1.3
-1.3
-1.3
-1.3
-1.3
-1.3
-1.3
-1.3
-1.4
-1.3
-1.3
-1.3
-1.3
-1.3
-1.3
-1.3
-1.2
-1.2
-1.2
-1.3
-1.3
-1.3
-1.3
-1.2
-1.2
-1.1
-1.1
-1.0
-1.0
-0.9
-0.8
-0.7
-0.7
-0.6
-0.6
-0.6
-0.6
-0.6
-0.6
-0.6
-0.6
-0.6
-0.6
-0.7
-0.7
-0.7
-0.7
-0.8
-0.8
-0.9
-1.1
-1.3
-1.5
-1.5
-1.6
-1.7
-1.7
-1.7
-1.7
-1.6
-1.6
-1.6
-1.6
-1.6
-1.7
-1.7
-1.8
-1.9
-1.9
-2.0
-2.0
-2.1
-2.3
-2.4
-2.5
-2.8
-3.1
-3.4
-3.8
-4.1
-4.4
-4.7
-4.9
-5.0
-5.0
-5.1
-5.1
-5.1
-5.2
-5.3
-5.4
-5.6
-5.8
-5.9
-6.0
-6.2
-6.4
-6.6
-6.8
-6.9
-7.0
-7.1
-7.3
-7.3
-7.4
-7.4
-7.4
-7.5
-7.5
-7.5
-7.6
-7.7
-7.8
-7.9
-7.9
-8.1
-8.2
-8.2
-8.2
-8.2
-8.2
-8.1
-8.1
-8.1
-8.1
-8.1
-8.1
-8.1
-8.1
-8.2
-8.2
-8.3
-8.4
-8.5
-8.6
-8.6
-8.6
-8.5
-8.3
-8.1
-7.8
-7.5
-7.2
-6.9
-6.5
-6.2
-5.9
-5.7
-5.5
-5.3
-5.0
-4.8
-4.7
-4.6
-4.6
-4.6
-4.6
-4.7
-4.9
-5.0
-5.1
-5.2
-5.3
-5.4
-5.4
-5.5
-5.6
-5.6
-5.7
-5.7
-5.8
-5.8
-5.9
-5.9
-5.8
-5.8
-5.8
-5.8
-5.7
-5.6
-5.5
-5.5
-5.4
-5.4
-5.4
-5.4
-5.4
-5.4
-5.5
-5.6
-5.6
-5.7
-5.7
-5.8
-5.8
-5.8
-5.8
-5.8
-5.8
-5.8
-5.8
-5.8
-5.9
-5.9
-5.9
-5.9
-5.8
-5.8
-5.7
-5.6
-5.5
-5.3
-5.3
-5.2
-5.1
-5.1
-5.0
-5.1
-5.1
-5.2
-5.3
-5.4
-5.5
-5.5
-5.6
-5.6
-5.6
-5.5
-5.5
-5.5
-5.4
-5.3
-5.2
-5.1
-5.0
-5.0
-4.9
-4.9
-4.9
-4.9
-5.0
-5.1
-5.2
-5.3
-5.4
-5.5
-5.5
-5.5
-5.4
-5.2
-5.1
-5.0
-4.8
-4.6
-4.5
-4.4
-4.4
-4.5
-4.5
-4.5
-4.7
-4.8
-4.8
-4.9
-4.8
-4.8
-4.7
-4.5
-4.4
-4.3
-4.3
-4.2
-4.1
-4.1
-4.1
-4.1
-4.1
-4.1
-4.1
-4.1
-4.1
-4.2
-4.2
-4.2
-4.2
-4.2
-4.1
-4.1
-4.0
-3.9
-3.9
-3.8
-3.7
-3.7
-3.6
-3.6
-3.5
-3.5
-3.4
-3.5
-3.5
-3.4
-3.4
-3.4
-3.4
-3.4
-3.3
-3.2
-3.1
-3.0
-2.8
-2.8
-2.8
-2.8
-2.9
-3.0
-3.0
-3.1
-3.2
-3.2
-3.2
-3.2
-3.2
-3.2
-3.2
-3.2
-3.2
-3.2
-3.2
-3.2
-3.1
-3.0
-3.0
-2.9
-2.9
-2.9
-2.9
-2.9
-2.8
-2.7
-2.7
-2.7
-2.6
-2.6
-2.6
-2.7
-2.7
-2.8
-2.8
-2.9
-2.9
-2.9
-2.9
-2.8
-2.8
-2.8
-2.8
-2.9
-2.9
-3.0
-3.0
-3.0
-3.0
-3.0
-2.9
-2.8
-2.7
-2.7
-2.6
-2.5
-2.5
-2.5
-2.4
-2.4
-2.4
-2.4
-2.5
-2.5
-2.5
-2.5
-2.5
-2.5
-2.4
-2.3
-2.3
-2.2
-2.1
-2.0
-2.0
-2.0
-2.0
-2.0
-2.0
-2.0
-2.1
-2.2
-2.2
-2.4
-2.5
-2.5
-2.6
-2.6
-2.6
-2.6
-2.5
-2.5
-2.3
-2.2
-2.1
-2.1
-2.1
-2.0
-2.0
-2.0
-1.9
-1.9
-1.8
-1.8
-1.7
-1.7
-1.6
-1.6
-1.6
-1.6
-1.7
-1.7
-1.7
-1.7
-1.7
-1.7
-1.7
-1.8
-1.8
-1.8
-1.8
-1.8
-1.9
-1.9
-1.9
-1.9
-1.8
-1.8
-1.8
-1.8
-1.7
-1.7
-1.6
-1.6
-1.6
-1.6
-1.5
-1.5
-1.6
-1.6
-1.7
-1.7
-1.8
-1.8
-1.8
-1.8
-1.8
-1.8
-1.7
-1.7
-1.6
-1.6
-1.6
-1.5
-1.5
-1.5
-1.5
-1.6
-1.6
-1.6
-1.6
-1.6
-1.6
-1.5
-1.4
-1.4
-1.4
-1.4
-1.5
-1.5
-1.5
-1.5
-1.5
-1.4
-1.4
-1.3
-1.2
-1.2
-1.1
-1.2
-1.2
-1.3
-1.4
-1.4
-1.5
-1.5
-1.5
-1.5
-1.5
-1.4
-1.4
-1.3
-1.3
-1.3
-1.3
-1.2
-1.2
-1.2
-1.2
-1.2
-1.3
-1.3
-1.3
-1.3
-1.3
-1.3
-1.3
-1.4
-1.3
-1.3
-1.3
-1.3
-1.3
-1.3
-1.3
-1.3
-1.2
-1.1
-1.0
-1.0
-0.9
-0.9
-0.8
-0.8
-0.8
-0.8
-0.8
-0.9
-0.9
-0.9
-1.0
-1.0
-1.0
-1.1
-1.1
-1.1
-1.1
-1.1
-1.1
-1.1
-1.1
-1.0
-1.1
-1.1
-1.2
-1.3
-1.4
-1.4
-1.5
-1.6
-1.6
-1.5
-1.4
-1.2
-1.1
-1.0
-0.9
-0.8
-0.7
-0.7
-0.7
-0.8
-0.8
-0.8
-0.8
-0.9
-0.9
-1.0
-1.1
-1.1
-1.1
-1.1
-1.1
-1.1
-1.0
-1.0
-0.9
-0.8
-0.8
-0.8
-0.9
-0.9
-1.0
-1.0
-1.0
-1.0
-0.9
-0.8
-0.7
-0.5
-0.4
-0.3
-0.2
-0.1
0.0
0.0
0.0
-0.2
-0.4
-0.6
-0.9
-1.2
-1.4
-1.4
-1.4
-1.2
-1.0
-0.8
-0.5
-0.2
0.0
0.1
0.2
0.3
0.4
0.6
0.7
0.9
1.1
1.2
1.4
1.5
1.6
1.6
1.6
1.6
1.5
1.5
1.5
1.5
1.5
1.5
1.5
1.5
1.5
1.5
1.5
1.4
1.3
1.3
1.2
1.1
1.0
1.0
1.0
1.0
1.0
1.1
1.1
1.2
1.3
1.5
1.6
1.7
1.7
1.8
1.8
1.7
1.7
1.6
1.5
1.3
1.2
1.1
1.0
0.9
0.9
0.9
0.8
0.9
1.0
1.0
1.1
1.1
1.2
1.2
1.3
1.3
1.3
1.3
1.2
1.2
1.1
1.1
1.0
1.0
0.9
0.9
0.9
0.9
0.9
1.0
0.9
0.9
0.9
0.9
1.0
1.1
1.2
1.2
1.2
1.2
1.2
1.3
1.3
1.3
1.4
1.4
1.5
1.5
1.5
1.4
1.3
1.1
1.0
0.9
0.8
0.8
0.8
0.8
0.9
1.0
1.0
1.1
1.1
1.1
1.1
1.1
1.1
1.0
1.1
1.1
1.1
1.1
1.2
1.3
1.4
1.5
1.6
1.7
1.7
1.7
1.7
1.6
1.5
1.4
1.3
1.3
1.3
1.3
1.3
1.3
1.4
1.5
1.5
1.6
1.5
1.5
1.5
1.5
1.4
1.3
1.2
1.2
1.2
1.2
1.2
1.2
1.3
1.3
1.4
1.4
1.4
1.4
1.4
1.3
1.3
1.3
1.4
1.4
1.4
1.4
1.4
1.4
1.4
1.4
1.4
1.4
1.4
1.4
1.4
1.4
1.4
1.4
1.4
1.5
1.5
1.5
1.5
1.6
1.6
1.6
1.7
1.9
2.1
2.4
2.7
3.1
3.5
4.0
4.4
5.0
5.5
6.2
6.8
7.5
8.3
9.1
10.0
10.9
11.8
12.8
13.8
14.8
15.7
16.7
17.6
18.4
19.1
19.8
20.4
21.0
21.5
22.0
22.4
22.8
23.1
23.4
23.6
23.7
23.8
23.9
23.9
23.9
23.8
23.8
23.7
23.7
23.6
23.5
23.3
23.2
23.0
22.8
22.5
22.2
21.8
21.4
21.0
20.6
20.1
19.6
19.1
18.6
18.1
17.6
17.0
16.3
15.7
15.1
14.5
13.9
13.4
13.0
12.5
12.1
11.7
11.2
10.8
10.3
9.8
9.2
8.6
8.1
7.7
7.3
6.9
6.6
6.3
6.0
5.7
5.4
5.1
4.8
4.4
4.1
3.8
3.6
3.4
3.3
3.2
3.1
2.9
2.8
2.6
2.4
2.2
2.0
1.7
1.5
1.3
1.2
1.1
1.1
1.1
1.1
1.1
1.1
1.2
1.1
1.0
0.9
0.7
0.6
0.4
0.2
0.0
-0.1
-0.3
-0.4
-0.5
-0.6
-0.7
-0.8
-0.8
-0.9
-1.0
-1.1
-1.1
-1.2
-1.2
-1.1
-1.1
-1.0
-1.0
-1.0
-1.0
-1.0
-1.0
-1.0
-1.1
-1.3
-1.4
-1.5
-1.5
-1.6
-1.7
-1.7
-1.6
-1.5
-1.5
-1.4
-1.4
-1.4
-1.4
-1.4
-1.5
-1.6
-1.6
-1.7
-1.7
-1.8
-1.7
-1.7
-1.8
-1.9
-2.0
-2.1
-2.2
-2.3
-2.4
-2.6
-2.7
-2.7
-2.7
-2.7
-2.7
-2.7
-2.7
-2.6
-2.6
-2.5
-2.5
-2.5
-2.5
-2.5
-2.6
-2.7
-2.8
-2.9
-3.0
-3.0
-3.1
-3.2
-3.2
-3.1
-3.0
-3.0
-2.9
-2.9
-2.9
-3.0
-3.0
-3.0
-3.1
-3.1
-3.1
-3.0
-3.0
-3.0
-2.9
-2.9
-2.9
-2.9
-2.9
-3.0
-3.1
-3.1
-3.2
-3.3
-3.4
-3.4
-3.5
-3.5
-3.6
-3.6
-3.6
-3.5
-3.5
-3.5
-3.5
-3.5
-3.5
-3.5
-3.6
-3.6
-3.5
-3.5
-3.4
-3.2
-3.2
-3.0
-3.0
-2.9
-2.8
-2.8
-2.8
-2.8
-2.9
-2.9
-2.9
-2.9
-3.0
-3.1
-3.2
-3.3
-3.3
-3.4
-3.4
-3.3
-3.2
-3.1
-3.0
-2.9
-2.9
-2.9
-2.9
-3.0
-3.1
-3.3
-3.5
-3.5
-3.6
-3.6
-3.5
-3.5
-3.4
-3.2
-3.1
-3.0
-2.9
-2.8
-2.7
-2.7
-2.6
-2.6
-2.5
-2.6
-2.6
-2.7
-2.8
-2.9
-2.9
-2.9
-3.0
-3.0
-3.0
-3.0
-3.0
-2.9
-2.9
-2.9
-2.9
-2.9
-2.8
-2.8
-2.8
-2.7
-2.7
-2.7
-2.8
-2.8
-2.9
-2.9
-2.9
-3.0
-3.0
-3.0
-3.0
-3.1
-3.1
-3.1
-3.1
-3.1
-3.1
-3.0
-3.0
-2.9
-2.9
-2.8
-2.9
-3.0
-3.0
-3.0
-3.0
-3.0
-3.0
-2.9
-2.7
-2.5
-2.2
-2.0
-1.8
-1.5
-1.3
-1.2
-1.1
-1.1
-1.1
-1.1
-1.2
-1.3
-1.5
-1.6
-1.7
-1.8
-1.8
-1.9
-1.9
-2.0
-2.0
-2.0
-2.0
-2.0
-2.0
-2.0
-2.0
-2.0
-1.9
-1.8
-1.7
-1.6
-1.6
-1.5
-1.5
-1.4
-1.4
-1.4
-1.4
-1.4
-1.4
-1.4
-1.4
-1.5
-1.5
-1.6
-1.6
-1.7
-1.7
-1.7
-1.7
-1.7
-1.7
-1.8
-1.8
-1.8
-1.7
-1.7
-1.7
-1.6
-1.6
-1.5
-1.4
-1.4
-1.4
-1.5
-1.5
-1.6
-1.6
-1.6
-1.6
-1.5
-1.4
-1.2
-1.1
-1.0
-1.1
-1.1
-1.3
-1.5
-1.7
-1.8
-1.9
-1.9
-1.8
-1.8
-1.7
-1.5
-1.5
-1.5
-1.5
-1.5
-1.5
-1.5
-1.6
-1.6
-1.6
-1.6
-1.6
-1.6
-1.6
-1.5
-1.5
-1.4
-1.3
-1.2
-1.1
-1.0
-0.9
-0.9
-0.9
-1.0
-1.1
-1.1
-1.2
-1.3
-1.4
-1.4
-1.4
-1.3
-1.2
-1.2
-1.1
-1.0
-0.9
-0.9
-0.8
-0.8
-0.9
-1.0
-1.0
-1.0
-0.9
-0.9
-0.9
-0.9
-1.0
-0.9
-1.0
-1.1
-1.2
-1.2
-1.2
-1.2
-1.1
-1.1
-1.0
-1.0
-1.0
-1.0
-1.0
-1.1
-1.3
-1.4
-1.6
-1.7
-1.8
-1.9
-1.9
-1.9
-1.8
-1.7
-1.5
-1.2
-1.0
-0.8
-0.6
-0.4
-0.3
-0.1
-0.1
0.0
0.0
0.1
0.2
0.3
0.4
0.4
0.4
0.4
0.4
0.3
0.2
0.1
0.0
0.0
0.0
0.0
0.0
0.1
0.1
0.1
0.1
0.2
0.3
0.3
0.4
0.6
0.8
0.9
1.1
1.3
1.4
1.5
1.5
1.5
1.6
1.6
1.7
1.8
2.0
2.2
2.5
2.9
3.2
3.7
4.1
4.6
5.2
5.8
6.4
7.1
7.8
8.6
9.5
10.4
11.3
12.1
13.0
14.0
15.0
16.0
16.9
17.8
18.7
19.7
20.7
21.6
22.3
23.0
23.6
24.1
24.6
25.0
25.4
25.7
26.1
26.4
26.7
27.0
27.2
27.3
27.3
27.3
27.1
26.7
26.3
25.7
25.1
24.4
23.6
22.7
21.8
20.9
20.0
19.1
18.2
17.3
16.3
15.4
14.4
13.5
12.6
11.7
10.9
10.2
9.6
9.1
8.6
8.1
7.7
7.3
6.9
6.5
6.0
5.7
5.3
5.0
4.8
4.6
4.5
4.3
4.2
4.1
4.0
3.9
3.7
3.5
3.3
3.1
2.9
2.7
2.4
2.2
2.0
2.0
1.9
1.8
1.7
1.5
1.3
1.2
1.0
0.8
0.6
0.5
0.4
0.4
0.4
0.4
0.4
0.4
0.4
0.3
0.3
0.3
0.2
0.1
0.2
0.2
0.2
0.2
0.1
0.0
0.0
0.0
0.0
0.0
-0.1
-0.1
-0.1
-0.2
-0.2
-0.3
-0.4
-0.5
-0.6
-0.7
-0.8
-0.9
-1.0
-0.9
-0.9
-0.8
-0.8
-0.7
-0.7
-0.7
-0.8
-0.9
-1.0
-1.2
-1.3
-1.4
-1.5
-1.5
-1.6
-1.6
-1.6
-1.7
-1.7
-1.8
-1.9
-1.8
-1.8
-1.7
-1.7
-1.7
-1.7
-1.7
-1.7
-1.8
-1.9
-2.1
-2.2
-2.2
-2.3
-2.4
-2.4
-2.4
-2.4
-2.4
-2.4
-2.4
-2.3
-2.3
-2.2
-2.1
-2.1
-2.0
-2.0
-2.0
-2.0
-2.0
-2.1
-2.1
-2.2
-2.3
-2.4
-2.5
-2.5
-2.6
-2.6
-2.6
-2.6
-2.5
-2.5
-2.4
-2.3
-2.3
-2.2
-2.2
-2.2
-2.2
-2.1
-2.0
-1.9
-1.8
-1.6
-1.6
-1.5
-1.5
-1.5
-1.5
-1.6
-1.6
-1.7
-1.7
-1.8
-1.9
-2.0
-2.0
-2.0
-2.1
-2.1
-2.1
-2.2
-2.2
-2.3
-2.3
-2.3
-2.3
-2.3
-2.3
-2.4
-2.4
-2.5
-2.5
-2.6
-2.6
-2.7
-2.7
-2.6
-2.5
-2.4
-2.4
-2.4
-2.3
-2.3
-2.2
-2.2
-2.1
-2.0
-1.9
-1.7
-1.7
-1.6
-1.6
-1.6
-1.6
-1.7
-1.8
-1.9
-2.0
-2.0
-2.0
-2.0
-2.0
-2.0
-2.0
-2.0
-2.1
-2.1
-2.2
-2.2
-2.2
-2.2
-2.2
-2.1
-2.1
-2.0
-2.0
-2.0
-2.0
-2.0
-2.1
-2.1
-2.2
-2.2
-2.2
-2.3
-2.4
-2.4
-2.5
-2.4
-2.4
-2.4
-2.3
-2.2
-2.2
-2.0
-1.9
-1.8
-1.7
-1.6
-1.5
-1.3
-1.1
-1.0
-0.9
-0.7
-0.6
-0.4
-0.2
0.0
0.1
0.2
0.3
0.3
0.3
0.2
0.2
0.1
0.1
0.1
0.1
0.1
0.1
0.2
0.3
0.4
0.5
0.5
0.4
0.3
0.1
0.0
0.0
-0.1
-0.3
-0.3
-0.3
-0.3
-0.4
-0.4
-0.5
-0.6
-0.8
-1.1
-1.3
-1.6
-1.8
-2.0
-2.2
-2.4
-2.5
-2.7
-2.8
-3.0
-3.0
-3.0
-3.0
-2.9
-2.7
-2.6
-2.4
-2.3
-2.2
-2.1
-2.1
-2.1
-2.1
-2.1
-2.0
-2.0
-2.0
-1.9
-1.9
-1.9
-1.8
-1.8
-1.7
-1.7
-1.7
-1.6
-1.6
-1.5
-1.6
-1.6
-1.7
-1.8
-1.8
-1.9
-2.0
-2.0
-1.9
-1.8
-1.7
-1.7
-1.6
-1.5
-1.5
-1.5
-1.5
-1.6
-1.6
-1.7
-1.6
-1.6
-1.6
-1.5
-1.4
-1.2
-0.9
-0.6
-0.3
0.0
0.3
0.8
1.2
1.7
2.2
2.7
3.3
4.0
4.8
5.7
6.7
7.8
9.0
10.1
11.2
12.3
13.4
14.5
15.5
16.5
17.5
18.6
19.7
20.8
21.9
22.9
23.9
24.8
25.8
26.7
27.5
28.2
28.9
29.6
30.2
30.8
31.3
31.7
32.0
32.2
32.2
32.2
32.1
32.0
32.0
31.9
31.8
31.7
31.7
31.8
31.7
31.5
31.2
30.8
30.3
29.7
28.9
28.0
27.1
26.1
25.1
24.0
22.9
21.8
20.7
19.6
18.5
17.4
16.3
15.2
14.0
12.9
11.8
10.8
9.8
9.0
8.2
7.5
6.9
6.4
6.0
5.6
5.3
5.0
4.8
4.5
4.2
3.9
3.6
3.3
2.9
2.6
2.3
2.0
1.8
1.6
1.4
1.2
1.0
0.8
0.6
0.4
0.2
0.0
-0.1
-0.3
-0.5
-0.6
-0.6
-0.6
-0.7
-0.7
-0.8
-0.8
-0.9
-1.0
-1.1
-1.3
-1.4
-1.5
-1.5
-1.6
-1.7
-1.8
-1.9
-2.1
-2.2
-2.4
-2.5
-2.7
-2.8
-2.9
-2.9
-2.9
-2.9
-3.0
-2.9
-2.9
-2.9
-2.9
-3.0
-3.1
-3.2
-3.4
-3.5
-3.5
-3.6
-3.7
-3.9
-3.9
-3.8
-3.8
-3.7
-3.8
-3.9
-3.9
-4.0
-4.1
-4.2
-4.3
-4.5
-4.6
-4.6
-4.7
-4.7
-4.7
-4.7
-4.7
-4.7
-4.6
-4.6
-4.6
-4.7
-4.8
-4.9
-5.0
-5.1
-5.1
-5.2
-5.2
-5.1
-5.1
-5.1
-5.0
-4.9
-4.9
-5.0
-5.0
-5.1
-5.1
-5.2
-5.3
-5.4
-5.5
-5.6
-5.8
-5.8
-5.8
-5.7
-5.7
-5.6
-5.6
-5.6
-5.6
-5.7
-5.7
-5.8
-5.8
-5.8
-5.8
-5.7
-5.7
-5.6
-5.6
-5.6
-5.6
-5.6
-5.6
-5.6
-5.6
-5.7
-5.8
-5.9
-6.0
-6.1
-6.2
-6.3
-6.3
-6.3
-6.2
-6.0
-5.9
-5.7
-5.6
-5.5
-5.5
-5.5
-5.6
-5.7
-5.8
-5.8
-5.8
-5.9
-5.9
-5.8
-5.8
-5.7
-5.8
-5.8
-5.9
-5.9
-5.9
-5.9
-6.0
-6.0
-6.0
-6.0
-6.0
-6.0
-6.0
-6.1
-6.2
-6.3
-6.4
-6.5
-6.5
-6.5
-6.5
-6.5
-6.4
-6.3
-6.1
-6.0
-5.9
-5.7
-5.6
-5.5
-5.3
-5.2
-5.0
-4.8
-4.7
-4.7
-4.7
-4.8
-4.9
-4.9
-5.0
-5.1
-5.1
-5.1
-5.2
-5.3
-5.3
-5.4
-5.3
-5.3
-5.2
-5.1
-5.0
-5.0
-4.9
-4.9
-4.9
-5.0
-5.0
-5.2
-5.3
-5.3
-5.3
-5.3
-5.3
-5.3
-5.3
-5.3
-5.3
-5.3
-5.3
-5.3
-5.3
-5.2
-5.2
-5.2
-5.2
-5.2
-5.2
-5.2
-5.2
-5.2
-5.1
-5.2
-5.2
-5.1
-5.1
-5.1
-5.1
-5.2
-5.3
-5.4
-5.5
-5.6
-5.6
-5.6
-5.6
-5.5
-5.3
-5.2
-5.1
-5.0
-4.9
-4.8
-4.8
-4.9
-4.9
-5.0
-4.9
-4.9
-4.8
-4.7
-4.6
-4.4
-4.3
-4.2
-4.2
-4.2
-4.3
-4.4
-4.5
-4.6
-4.7
-4.7
-4.7
-4.6
-4.7
-4.6
-4.6
-4.6
-4.6
-4.7
-4.8
-4.9
-4.9
-5.0
-5.1
-5.1
-5.1
-5.1
-5.1
-5.1
-5.1
-5.2
-5.2
-5.2
-5.2
-5.3
-5.4
-5.4
-5.4
-5.3
-5.2
-5.1
-5.1
-5.0
-5.0
-5.1
-5.0
-5.0
-5.0
-4.9
-4.9
-4.8
-4.8
-4.8
-4.8
-4.9
-4.9
-5.0
-5.0
-5.1
-5.0
-5.0
-4.9
-4.8
-4.7
-4.6
-4.5
-4.5
-4.6
-4.6
-4.7
-4.8
-4.9
-4.9
-4.9
-5.0
-5.0
-5.0
-4.9
-4.8
-4.7
-4.7
-4.8
-4.8
-4.8
-4.8
-4.8
-4.9
-5.0
-5.0
-5.1
-5.1
-5.0
-5.0
-4.9
-4.8
-4.7
-4.6
-4.5
-4.5
-4.5
-4.5
-4.6
-4.6
-4.6
-4.6
-4.6
-4.5
-4.4
-4.3
-4.2
-4.0
-3.9
-3.8
-3.8
-3.8
-3.8
-3.8
-3.8
-3.8
-3.8
-3.8
-3.7
-3.7
-3.7
-3.7
-3.7
-3.6
-3.6
-3.6
-3.6
-3.6
-3.6
-3.5
-3.4
-3.3
-3.2
-3.1
-3.0
-2.8
-2.5
-2.2
-1.8
-1.3
-0.7
-0.1
0.5
1.2
2.1
3.0
4.1
5.3
6.7
8.1
9.6
11.3
13.0
14.8
16.5
18.1
19.7
21.2
22.6
24.0
25.4
26.7
28.1
29.4
30.7
32.0
33.2
34.4
35.5
36.6
37.6
38.5
39.5
40.4
41.3
42.2
43.0
43.7
44.3
44.9
45.4
45.7
46.0
46.2
46.2
46.2
46.1
45.9
45.7
45.4
45.0
44.6
44.0
43.3
42.5
41.6
40.5
39.4
38.1
36.8
35.5
34.2
32.9
31.6
30.3
29.1
27.8
26.6
25.5
24.4
23.3
22.3
21.4
20.5
19.6
18.8
18.0
17.2
16.3
15.5
14.7
14.0
13.3
12.6
11.9
11.4
10.9
10.4
10.0
9.6
9.3
9.0
8.7
8.4
8.1
7.7
7.3
6.9
6.5
6.2
5.8
5.5
5.2
5.0
4.8
4.5
4.3
4.0
3.7
3.4
3.2
2.9
2.7
2.4
2.3
2.2
2.2
2.1
2.0
1.9
1.8
1.7
1.6
1.4
1.2
1.0
0.9
0.7
0.6
0.5
0.4
0.4
0.4
0.3
0.2
0.2
0.2
0.1
0.0
0.0
-0.1
-0.3
-0.4
-0.5
-0.7
-0.8
-1.1
-1.2
-1.4
-1.6
-1.7
-1.9
-2.0
-2.0
-2.0
-2.1
-2.2
-2.3
-2.4
-2.5
-2.6
-2.7
-2.9
-3.0
-3.0
-3.1
-3.1
-3.1
-3.1
-3.1
-3.2
-3.2
-3.2
-3.2
-3.2
-3.2
-3.1
-3.0
-3.0
-3.0
-2.9
-2.9
-3.0
-3.0
-3.1
-3.2
-3.3
-3.3
-3.4
-3.5
-3.6
-3.7
-3.9
-4.1
-4.4
-4.7
-5.0
-5.2
-5.3
-5.4
-5.4
-5.3
-5.2
-5.1
-5.0
-5.0
-5.0
-5.0
-5.1
-5.1
-5.2
-5.1
-5.2
-5.3
-5.4
-5.5
-5.5
-5.5
-5.6
-5.6
-5.6
-5.6
-5.7
-5.7
-5.7
-5.8
-5.9
-6.0
-6.0
-6.1
-6.1
-6.2
-6.2
-6.2
-6.2
-6.2
-6.2
-6.3
-6.3
-6.4
-6.4
-6.4
-6.4
-6.3
-6.3
-6.2
-6.1
-6.0
-5.9
-5.8
-5.7
-5.6
-5.6
-5.5
-5.5
-5.4
-5.2
-4.9
-4.6
-4.2
-3.7
-3.0
-2.3
-1.4
-0.4
0.7
1.9
3.2
4.7
6.3
8.0
9.8
11.8
13.8
15.7
17.7
19.7
21.7
23.5
25.3
27.0
28.5
30.1
31.6
33.1
34.6
36.0
37.3
38.6
39.8
41.0
42.1
43.1
44.0
44.8
45.7
46.5
47.3
47.9
48.4
48.9
49.2
49.6
49.8
50.0
50.2
50.3
50.3
50.4
50.4
50.3
50.2
50.0
49.8
49.5
49.1
48.7
48.3
47.9
47.3
46.5
45.7
44.8
43.8
42.8
41.7
40.4
39.2
38.0
36.9
35.8
34.7
33.6
32.5
31.3
30.1
28.9
27.6
26.4
25.2
24.0
22.7
21.6
20.5
19.4
18.4
17.4
16.4
15.6
14.7
13.9
13.1
12.4
11.8
11.2
10.6
10.0
9.5
9.0
8.6
8.2
7.9
7.5
7.0
6.5
6.1
5.6
5.3
5.0
4.6
4.4
4.2
4.0
3.9
3.7
3.5
3.3
3.1
2.9
2.7
2.6
2.4
2.2
2.0
1.8
1.6
1.4
1.1
0.8
0.6
0.4
0.2
0.0
0.0
-0.1
-0.2
-0.3
-0.4
-0.4
-0.5
-0.7
-0.8
-1.1
-1.3
-1.5
-1.7
-1.9
-2.1
-2.3
-2.5
-2.6
-2.7
-2.9
-3.1
-3.2
-3.4
-3.4
-3.5
-3.4
-3.4
-3.4
-3.3
-3.3
-3.2
-3.3
-3.4
-3.5
-3.7
-3.9
-4.1
-4.3
-4.6
-4.9
-5.1
-5.3
-5.5
-5.6
-5.8
-5.8
-5.9
-5.9
-6.0
-6.0
-6.1
-6.3
-6.5
-6.7
-6.9
-7.0
-7.1
-7.2
-7.2
-7.2
-7.2
-7.1
-7.1
-7.1
-7.2
-7.2
-7.4
-7.5
-7.6
-7.8
-7.9
-8.0
-8.1
-8.1
-8.2
-8.2
-8.2
-8.3
-8.4
-8.4
-8.3
-8.3
-8.2
-8.2
-8.2
-8.1
-8.2
-8.2
-8.3
-8.4
-8.5
-8.6
-8.7
-8.7
-8.8
-8.8
-8.8
-8.8
-8.9
-8.9
-9.0
-9.1
-9.2
-9.3
-9.3
-9.3
-9.3
-9.3
-9.3
-9.3
-9.3
-9.3
-9.4
-9.5
-9.6
-9.7
-9.8
-9.8
-9.8
-9.8
-9.7
-9.6
-9.6
-9.6
-9.6
-9.7
-9.8
-10.0
-10.2
-10.4
-10.6
-10.6
-10.6
-10.6
-10.6
-10.6
-10.5
-10.5
-10.4
-10.4
-10.4
-10.5
-10.5
-10.6
-10.6
-10.7
-10.8
-10.9
-10.9
-11.0
-11.0
-11.1
-11.0
-10.9
-10.8
-10.7
-10.6
-10.6
-10.5
-10.5
-10.5
-10.5
-10.6
-10.6
-10.7
-10.7
-10.8
-10.9
-11.0
-11.1
-11.1
-11.2
-11.3
-11.3
-11.3
-11.3
-11.2
-11.2
-11.2
-11.2
-11.2
-11.2
-11.3
-11.4
-11.4
-11.4
-11.4
-11.4
-11.4
-11.3
-11.3
-11.3
-11.2
-11.2
-11.2
-11.1
-11.1
-11.0
-11.0
-11.0
-10.8
-10.8
-10.7
-10.6
-10.6
-10.6
-10.7
-10.8
-10.9
-11.0
-11.0
-11.1
-11.2
-11.3
-11.3
-11.4
-11.4
-11.4
-11.3
-11.3
-11.2
-11.1
-11.0
-10.8
-10.7
-10.6
-10.6
-10.5
-10.5
-10.5
-10.6
-10.7
-10.8
-10.8
-10.9
-11.0
-11.0
-11.1
-11.1
-11.1
-11.1
-11.1
-11.1
-11.1
-11.1
-11.1
-11.1
-11.1
-11.1
-11.1
-11.1
-11.1
-11.1
-11.1
-11.1
-11.1
-11.2
-11.2
-11.1
-11.1
-11.0
-10.9
-10.8
-10.6
-10.5
-10.4
-10.3
-10.2
-10.2
-10.2
-10.1
-10.1
-10.1
-10.0
-10.0
-9.8
-9.7
-9.5
-9.1
-8.7
-8.2
-7.5
-6.8
-6.0
-5.0
-3.9
-2.7
-1.4
0.0
1.4
3.0
4.6
6.3
8.0
9.8
11.6
13.3
15.1
16.8
18.5
20.1
21.6
23.0
24.3
25.7
27.0
28.2
29.4
30.4
31.5
32.5
33.4
34.3
35.0
35.8
36.4
37.0
37.5
37.9
38.2
38.5
38.7
38.9
39.0
39.0
39.0
38.9
38.9
38.7
38.5
38.1
37.6
37.1
36.5
35.7
35.0
34.1
33.2
32.2
31.2
30.1
29.0
27.8
26.5
25.2
23.8
22.5
21.2
19.9
18.6
17.4
16.2
15.1
14.0
12.8
11.7
10.7
9.7
8.8
7.9
7.2
6.4
5.8
5.1
4.6
4.1
3.7
3.2
2.8
2.5
2.2
1.9
1.6
1.4
1.2
0.9
0.6
0.3
0.1
-0.1
-0.4
-0.6
-0.9
-1.1
-1.3
-1.4
-1.6
-1.7
-1.8
-1.9
-2.0
-2.1
-2.2
-2.4
-2.5
-2.7
-2.8
-3.0
-3.2
-3.4
-3.6
-3.8
-3.9
-4.1
-4.3
-4.5
-4.6
-4.8
-4.9
-5.0
-5.1
-5.2
-5.4
-5.5
-5.6
-5.7
-5.8
-5.9
-6.0
-6.2
-6.2
-6.3
-6.3
-6.4
-6.4
-6.5
-6.5
-6.5
-6.6
-6.5
-6.6
-6.7
-6.8
-6.9
-6.9
-7.0
-7.1
-7.3
-7.4
-7.4
-7.5
-7.6
-7.6
-7.7
-7.8
-7.9
-7.9
-8.0
-8.1
-8.2
-8.3
-8.4
-8.5
-8.6
-8.7
-8.8
-8.8
-8.8
-8.8
-8.7
-8.7
-8.7
-8.7
-8.8
-8.8
-8.9
-9.0
-9.0
-9.0
-9.0
-9.0
-9.0
-9.0
-8.9
-8.9
-8.9
-8.9
-8.9
-9.0
-9.0
-9.1
-9.2
-9.3
-9.6
-9.7
-9.9
-10.1
-10.2
-10.3
-10.4
-10.5
-10.5
-10.5
-10.4
-10.4
-10.4
-10.4
-10.5
-10.5
-10.5
-10.6
-10.6
-10.6
-10.6
-10.6
-10.6
-10.5
-10.5
-10.4
-10.4
-10.4
-10.5
-10.5
-10.6
-10.7
-10.8
-10.8
-10.9
-11.0
-11.0
-11.1
-11.1
-11.1
-11.1
-11.1
-11.1
-11.1
-11.1
-11.1
-11.1
-11.1
-11.1
-11.2
-11.2
-11.3
-11.3
-11.2
-11.1
-11.0
-11.0
-10.9
-10.8
-10.8
-10.9
-10.9
-11.0
-11.1
-11.1
-11.2
-11.1
-11.1
-11.1
-11.1
-11.1
-11.1
-11.2
-11.2
-11.2
-11.2
-11.2
-11.2
-11.3
-11.2
-11.2
-11.2
-11.2
-11.2
-11.2
-11.2
-11.2
-11.2
-11.2
-11.3
-11.4
-11.5
-11.5
-11.5
-11.5
-11.5
-11.4
-11.3
-11.1
-11.0
-10.9
-10.9
-10.9
-10.9
-10.9
-11.0
-11.0
-11.1
-11.1
-11.1
-11.2
-11.3
-11.3
-11.3
-11.4
-11.4
-11.4
-11.4
-11.4
-11.3
-11.3
-11.3
-11.3
-11.4
-11.5
-11.6
-11.6
-11.7
-11.8
-11.8
-11.9
-12.1
-12.1
-12.1
-12.0
-12.0
-11.9
-11.9
-11.8
-11.7
-11.6
-11.6
-11.7
-11.8
-11.9
-12.0
-12.1
-12.2
-12.2
-12.3
-12.3
-12.4
-12.5
-12.5
-12.6
-12.7
-12.8
-13.0
-13.1
-13.1
-13.1
-13.1
-13.0
-13.0
-13.0
-12.9
-12.9
-12.9
-12.9
-13.0
-13.0
-13.0
-13.0
-12.9
-12.8
-12.7
-12.6
-12.5
-12.4
-12.4
-12.4
-12.4
-12.5
-12.6
-12.7
-12.8
-12.8
-12.8
-12.8
-12.8
-12.7
-12.6
-12.5
-12.4
-12.3
-12.3
-12.3
-12.3
-12.3
-12.3
-12.4
-12.5
-12.6
-12.7
-12.7
-12.8
-12.8
-12.7
-12.6
-12.5
-12.4
-12.3
-12.2
-12.2
-12.2
-12.2
-12.3
-12.3
-12.3
-12.3
-12.3
-12.2
-12.0
-11.9
-11.8
-11.6
-11.5
-11.3
-11.3
-11.3
-11.3
-11.4
-11.4
-11.3
-11.4
-11.4
-11.4
-11.5
-11.6
-11.6
-11.6
-11.6
-11.6
-11.6
-11.4
-11.2
-11.1
-11.0
-11.0
-11.0
-11.0
-11.1
-11.3
-11.5
-11.6
-11.5
-11.5
-11.3
-11.1
-11.0
-10.8
-10.7
-10.6
-10.5
-10.6
-10.7
-10.8
-10.9
-11.0
-11.0
-11.0
-11.0
-10.9
-10.8
-10.6
-10.5
-10.3
-10.2
-10.0
-9.9
-9.8
-9.8
-9.8
-9.9
-10.0
-10.1
-10.2
-10.2
-10.2
-10.2
-10.2
-10.1
-10.1
-10.1
-10.1
-10.1
-10.2
-10.2
-10.1
-9.9
-9.7
-9.5
-9.3
-9.1
-8.9
-8.8
-8.8
-8.9
-8.9
-8.9
-8.9
-8.9
-9.0
-9.0
-9.1
-9.1
-9.2
-9.3
-9.4
-9.5
-9.6
-9.6
-9.6
-9.6
-9.5
-9.5
-9.4
-9.3
-9.3
-9.2
-9.1
-9.0
-9.0
-8.9
-8.9
-8.8
-8.8
-8.6
-8.6
-8.5
-8.4
-8.4
-8.4
-8.4
-8.5
-8.6
-8.8
-8.9
-9.1
-9.1
-9.2
-9.2
-9.2
-9.1
-9.1
-9.0
-8.8
-8.6
-8.4
-8.3
-8.2
-8.1
-7.9
-7.9
-7.9
-7.9
-8.0
-7.9
-8.0
-8.0
-8.1
-8.0
-8.0
-8.0
-7.9
-8.0
-8.0
-8.1
-8.1
-8.1
-8.0
-8.0
-7.9
-7.9
-7.8
-7.6
-7.5
-7.5
-7.5
-7.5
-7.6
-7.6
-7.6
-7.5
-7.5
-7.4
-7.3
-7.1
-7.0
-6.9
-6.8
-6.6
-6.6
-6.5
-6.5
-6.5
-6.5
-6.6
-6.7
-6.8
-7.0
-7.3
-7.5
-7.6
-7.6
-7.5
-7.5
-7.5
-7.4
-7.3
-7.2
-7.1
-7.1
-7.1
-7.1
-7.0
-7.0
-6.9
-6.9
-6.8
-6.7
-6.6
-6.5
-6.4
-6.3
-6.1
-6.0
-5.8
-5.7
-5.6
-5.4
-5.3
-5.2
-5.1
-5.0
-5.0
-5.0
-5.1
-5.1
-5.2
-5.3
-5.3
-5.4
-5.4
-5.4
-5.4
-5.4
-5.4
-5.4
-5.3
-5.2
-5.1
-5.0
-4.9
-4.8
-4.8
-4.8
-4.8
-4.9
-5.0
-5.1
-5.2
-5.2
-5.2
-5.1
-5.0
-4.9
-4.8
-4.7
-4.6
-4.6
-4.7
-4.7
-4.7
-4.8
-4.8
-4.9
-4.9
-4.9
-4.9
-5.0
-4.9
-4.9
-4.8
-4.7
-4.6
-4.5
-4.5
-4.4
-4.4
-4.5
-4.5
-4.6
-4.7
-4.8
-5.0
-5.0
-5.1
-5.2
-5.2
-5.1
-5.1
-5.0
-5.0
-4.9
-4.8
-4.7
-4.7
-4.6
-4.6
-4.6
-4.7
-4.6
-4.5
-4.4
-4.3
-4.3
-4.2
-4.0
-3.9
-3.9
-3.8
-3.9
-4.0
-4.0
-4.0
-4.0
-4.0
-4.0
-4.0
-4.0
-4.0
-4.1
-4.2
-4.3
-4.4
-4.5
-4.5
-4.4
-4.3
-4.1
-3.9
-3.8
-3.7
-3.7
-3.8
-3.9
-4.0
-4.1
-4.1
-4.0
-4.0
-3.8
-3.6
-3.4
-3.2
-2.9
-2.8
-2.7
-2.7
-2.8
-2.9
-3.1
-3.2
-3.4
-3.6
-3.7
-3.8
-3.8
-3.7
-3.7
-3.6
-3.4
-3.3
-3.1
-3.0
-3.0
-3.0
-3.0
-3.0
-3.1
-3.2
-3.5
-3.7
-3.9
-3.9
-3.9
-3.9
-3.9
-3.8
-3.6
-3.5
-3.3
-3.2
-3.1
-3.1
-3.1
-3.1
-3.2
-3.2
-3.2
-3.2
-3.2
-3.3
-3.3
-3.3
-3.3
-3.3
-3.3
-3.2
-3.2
-3.2
-3.2
-3.2
-3.1
-3.1
-3.2
-3.2
-3.2
-3.2
-3.1
-3.1
-3.1
-3.1
-3.1
-3.1
-3.1
-3.1
-3.1
-3.1
-3.2
-3.2
-3.2
-3.2
-3.1
-3.0
-2.9
-2.8
-2.6
-2.5
-2.5
-2.5
-2.5
-2.6
-2.7
-2.8
-2.8
-2.9
-2.8
-2.7
-2.6
-2.5
-2.3
-2.2
-2.2
-2.2
-2.3
-2.3
-2.4
-2.4
-2.5
-2.5
-2.5
-2.5
-2.6
-2.7
-2.7
-2.7
-2.7
-2.8
-2.8
-2.8
-2.7
-2.6
-2.6
-2.5
-2.5
-2.5
-2.5
-2.6
-2.5
-2.5
-2.5
-2.5
-2.5
-2.5
-2.5
-2.5
-2.5
-2.4
-2.4
-2.4
-2.3
-2.3
-2.3
-2.3
-2.3
-2.3
-2.4
-2.4
-2.4
-2.4
-2.4
-2.3
-2.2
-2.1
-2.1
-2.2
-2.2
-2.3
-2.4
-2.5
-2.5
-2.5
-2.5
-2.5
-2.5
-2.4
-2.3
-2.3
-2.3
-2.3
-2.3
-2.3
-2.3
-2.3
-2.3
-2.3
-2.4
-2.4
-2.5
-2.5
-2.5
-2.5
-2.5
-2.5
-2.6
-2.7
-2.6
-2.6
-2.6
-2.6
-2.5
-2.5
-2.4
-2.3
-2.2
-2.2
-2.2
-2.2
-2.3
-2.3
-2.4
-2.5
-2.5
-2.6
-2.7
-2.7
-2.7
-2.6
-2.5
-2.5
-2.4
-2.3
-2.4
-2.4
-2.3
-2.3
-2.3
-2.3
-2.3
-2.3
-2.2
-2.1
-2.1
-2.1
-2.0
-2.0
-2.1
-2.1
-2.2
-2.2
-2.2
-2.2
-2.3
-2.2
-2.1
-2.0
-1.8
-1.7
-1.6
-1.5
-1.5
-1.5
-1.5
-1.6
-1.7
-1.7
-1.8
-1.8
-1.8
-1.8
-1.8
-1.8
-1.7
-1.7
-1.6
-1.7
-1.6
-1.6
-1.6
-1.6
-1.6
-1.5
-1.5
-1.5
-1.4
-1.2
-1.1
-1.0
-1.0
-0.9
-0.8
-0.8
-0.8
-0.8
-0.8
-0.8
-0.8
-0.8
-0.8
-0.9
-0.9
-1.0
-1.0
-1.0
-1.1
-1.1
-1.0
-1.0
-1.0
-1.0
-0.9
-0.9
-0.9
-0.9
-1.0
-1.0
-1.1
-1.1
-1.2
-1.2
-1.1
-1.1
-1.0
-1.0
-0.9
-0.8
-0.7
-0.6
-0.5
-0.5
-0.5
-0.5
-0.6
-0.7
-0.8
-1.0
-1.1
-1.1
-1.1
-1.0
-1.0
-0.9
-0.8
-0.7
-0.7
-0.6
-0.7
-0.7
-0.7
-0.7
-0.7
-0.8
-0.8
-0.9
-1.1
-1.2
-1.2
-1.3
-1.3
-1.3
-1.2
-1.1
-0.9
-0.8
-0.7
-0.6
-0.7
-0.7
-0.8
-0.8
-0.9
-0.9
-1.0
-1.0
-1.0
-1.1
-1.1
-1.1
-1.2
-1.3
-1.4
-1.4
-1.4
-1.3
-1.1
-1.0
-0.9
-0.8
-0.7
-0.7
-0.6
-0.6
-0.6
-0.6
-0.5
-0.4
-0.2
0.0
0.1
0.2
0.3
0.3
0.2
0.0
-0.1
-0.3
-0.4
-0.6
-0.7
-0.7
-0.7
-0.7
-0.7
-0.7
-0.8
-0.8
-0.8
-0.8
-0.8
-0.8
-0.7
-0.6
-0.5
-0.4
-0.2
-0.2
-0.2
-0.2
-0.2
-0.2
-0.3
-0.3
-0.4
-0.4
-0.4
-0.3
-0.2
-0.1
0.0
0.1
0.1
0.2
0.2
0.1
0.0
0.0
-0.1
-0.2
-0.4
-0.5
-0.6
-0.7
-0.7
-0.7
-0.7
-0.6
-0.6
-0.4
-0.3
-0.2
-0.2
-0.2
-0.3
-0.4
-0.5
-0.6
-0.7
-0.7
-0.8
-0.8
-0.8
-0.8
-0.7
-0.6
-0.5
-0.4
-0.3
-0.3
-0.2
-0.1
0.0
0.0
0.0
0.1
0.1
0.1
0.1
0.1
0.1
0.1
0.1
0.1
0.1
0.1
0.2
0.2
0.2
0.2
0.1
0.1
0.0
0.0
0.0
0.0
0.0
0.0
0.0
0.0
0.0
-0.1
-0.1
-0.2
-0.2
-0.2
-0.2
-0.2
-0.2
-0.1
-0.1
-0.1
-0.1
-0.2
-0.2
-0.3
-0.4
-0.4
-0.4
-0.4
-0.4
-0.3
-0.3
-0.3
-0.2
-0.2
-0.2
-0.1
-0.1
0.0
0.0
0.1
0.1
0.1
0.1
0.1
0.0
0.0
-0.1
-0.2
-0.2
-0.2
-0.2
-0.2
-0.1
0.0
0.1
0.2
0.3
0.3
0.3
0.3
0.3
0.3
0.2
0.1
0.0
0.0
0.1
0.2
0.3
0.4
0.5
0.6
0.8
0.9
1.0
0.9
0.8
0.7
0.6
0.4
0.3
0.2
0.2
0.1
0.1
0.2
0.3
0.3
0.4
0.4
0.4
0.4
0.4
0.4
0.4
0.3
0.2
0.2
0.1
0.0
0.0
0.0
0.0
0.1
0.2
0.2
0.3
0.3
0.4
0.4
0.4
0.4
0.4
0.3
0.3
0.4
0.4
0.5
0.5
0.5
0.6
0.7
0.7
0.8
0.8
0.7
0.6
0.6
0.6
0.6
0.7
0.7
0.8
0.8
0.8
0.8
0.9
0.9
0.8
0.7
0.7
0.6
0.6
0.5
0.5
0.4
0.2
0.1
0.1
0.1
0.2
0.2
0.3
0.3
0.4
0.4
0.4
0.3
0.2
0.1
0.0
0.0
0.0
0.0
0.0
0.0
0.1
0.3
0.4
0.5
0.5
0.5
0.5
0.5
0.5
0.5
0.4
0.3
0.2
0.1
0.1
0.1
0.1
0.2
0.3
0.5
0.6
0.8
1.0
1.1
1.1
1.2
1.1
1.0
1.0
1.0
0.9
0.8
0.7
0.7
0.7
0.8
0.8
0.9
1.1
1.3
1.6
1.9
2.2
2.7
3.1
3.7
4.4
5.2
6.0
6.8
7.6
8.5
9.3
10.2
11.1
12.1
13.3
14.6
15.9
17.2
18.6
20.0
21.3
22.6
23.8
24.9
26.0
27.0
28.0
29.0
30.0
30.8
31.4
32.0
32.6
33.1
33.7
34.2
34.7
35.2
35.7
36.3
36.8
37.3
37.7
38.1
38.5
38.8
39.1
39.4
39.6
39.8
39.8
39.9
39.8
39.6
39.4
39.2
38.8
38.4
37.9
37.4
36.8
36.0
35.2
34.3
33.3
32.3
31.2
30.1
28.9
27.8
26.7
25.8
24.8
24.0
23.2
22.4
21.7
21.0
20.3
19.5
18.6
17.7
16.9
16.2
15.5
15.0
14.4
13.9
13.5
13.0
12.4
11.9
11.3
10.6
10.1
9.6
9.2
8.9
8.6
8.3
8.1
7.9
7.7
7.5
7.2
6.9
6.7
6.5
6.4
6.2
6.1
5.9
5.7
5.5
5.4
5.3
5.1
5.0
4.8
4.6
4.5
4.3
4.1
3.9
3.7
3.6
3.5
3.5
3.4
3.3
3.2
3.1
3.0
2.9
2.9
2.8
2.7
2.6
2.5
2.4
2.4
2.3
2.1
1.8
1.6
1.4
1.2
1.0
0.7
0.5
0.4
0.3
0.2
0.2
0.1
0.1
0.2
0.2
0.2
0.1
0.0
0.0
-0.1
-0.3
-0.5
-0.7
-0.8
-0.9
-1.0
-1.1
-1.1
-1.1
-1.1
-1.1
-1.1
-1.1
-1.1
-1.2
-1.3
-1.4
-1.5
-1.7
-1.7
-1.8
-1.9
-1.9
-1.8
-1.8
-1.8
-1.9
-2.0
-2.1
-2.2
-2.3
-2.4
-2.4
-2.5
-2.5
-2.5
-2.5
-2.6
-2.7
-2.8
-2.9
-3.1
-3.2
-3.3
-3.4
-3.4
-3.3
-3.3
-3.2
-3.2
-3.1
-3.1
-3.1
-3.2
-3.3
-3.4
-3.4
-3.4
-3.3
-3.2
-3.2
-3.1
-3.0
-2.9
-3.0
-3.0
-3.0
-3.0
-3.1
-3.3
-3.3
-3.3
-3.3
-3.2
-3.2
-3.1
-3.0
-2.9
-2.8
-2.7
-2.7
-2.7
-2.8
-3.0
-3.2
-3.4
-3.7
-4.0
-4.3
-4.5
-4.7
-4.8
-4.8
-4.6
-4.4
-4.2
-4.0
-3.8
-3.7
-3.5
-3.5
-3.6
-3.7
-3.8
-4.0
-4.0
-4.1
-4.1
-4.2
-4.2
-4.2
-4.2
-4.1
-4.1
-4.1
-4.0
-4.0
-4.0
-4.0
-3.9
-3.9
-3.8
-3.8
-3.8
-3.8
-3.8
-3.8
-3.8
-3.8
-3.8
-3.8
-3.8
-3.8
-3.8
-3.8
-3.8
-3.8
-3.8
-3.9
-4.0
-4.1
-4.1
-4.2
-4.1
-4.1
-4.1
-4.0
-3.9
-3.8
-3.7
-3.6
-3.6
-3.6
-3.6
-3.7
-3.8
-3.9
-4.0
-4.2
-4.3
-4.4
-4.5
-4.5
-4.5
-4.5
-4.4
-4.3
-4.2
-4.1
-4.0
-3.9
-3.8
-3.8
-3.8
-3.8
-3.9
-4.0
-4.1
-4.1
-4.1
-4.0
-4.0
-3.9
-3.8
-3.7
-3.7
-3.7
-3.8
-3.9
-4.0
-4.1
-4.1
-4.1
-4.2
-4.2
-4.1
-4.1
-4.1
-4.1
-4.2
-4.2
-4.3
-4.3
-4.4
-4.4
-4.4
-4.4
-4.3
-4.1
-4.0
-3.9
-3.9
-3.8
-3.7
-3.7
-3.7
-3.7
-3.7
-3.8
-3.8
-3.8
-3.9
-4.0
-4.0
-4.0
-3.9
-3.9
-3.8
-3.8
-3.8
-3.7
-3.7
-3.7
-3.7
-3.8
-3.8
-3.8
-3.8
-3.8
-3.8
-3.9
-3.9
-4.0
-4.0
-4.1
-4.1
-4.0
-3.8
-3.6
-3.5
-3.3
-3.1
-3.0
-2.9
-2.9
-3.0
-3.1
-3.1
-3.2
-3.3
-3.4
-3.4
-3.6
-3.7
-3.8
-3.9
-4.0
-4.0
-4.1
-4.1
-4.0
-4.0
-3.8
-3.8
-3.7
-3.6
-3.5
-3.5
-3.5
-3.5
-3.5
-3.5
-3.5
-3.4
-3.3
-3.3
-3.2
-3.2
-3.1
-3.1
-3.2
-3.2
-3.3
-3.3
-3.3
-3.3
-3.3
-3.3
-3.2
-3.2
-3.3
-3.4
-3.4
-3.5
-3.6
-3.7
-3.7
-3.7
-3.7
-3.7
-3.7
-3.6
-3.6
-3.6
-3.5
-3.5
-3.4
-3.3
-3.2
-3.1
-3.1
-3.0
-3.0
-3.0
-3.1
-3.2
-3.2
-3.2
-3.2
-3.2
-3.1
-3.1
-3.0
-3.0
-3.0
-3.0
-3.0
-3.1
-3.1
-3.2
-3.2
-3.3
-3.3
-3.2
-3.2
-3.2
-3.1
-3.1
-3.1
-3.1
-3.2
-3.2
-3.2
-3.2
-3.1
-3.1
-3.1
-3.0
-2.9
-2.9
-2.9
-2.9
-3.0
-3.1
-3.2
-3.3
-3.4
-3.5
-3.6
-3.6
-3.6
-3.6
-3.5
-3.4
-3.3
-3.1
-2.9
-2.8
-2.7
-2.6
-2.6
-2.6
-2.7
-2.8
-2.9
-3.0
-3.0
-3.0
-3.0
-3.0
-2.9
-2.9
-2.8
-2.7
-2.7
-2.7
-2.8
-2.9
-3.0
-3.0
-3.1
-3.1
-3.1
-3.0
-3.0
-2.9
-2.9
-2.8
-2.8
-2.7
-2.7
-2.6
-2.6
-2.5
-2.5
-2.4
-2.3
-2.3
-2.3
-2.3
-2.3
-2.3
-2.3
-2.2
-2.2
-2.2
-2.2
-2.1
-2.0
-2.0
-2.0
-2.0
-2.1
-2.1
-2.2
-2.2
-2.3
-2.3
-2.3
-2.3
-2.2
-2.2
-2.2
-2.1
-2.1
-2.1
-2.1
-2.1
-2.1
-2.2
-2.2
-2.2
-2.2
-2.2
-2.1
-2.1
-2.0
-2.0
-1.9
-1.9
-1.9
-1.9
-2.0
-2.0
-2.0
-2.0
-2.0
-2.0
-1.9
-1.8
-1.9
-2.0
-2.0
-2.1
-2.1
-2.2
-2.3
-2.3
-2.2
-2.1
-1.9
-1.7
-1.5
-1.4
-1.3
-1.2
-1.1
-1.1
-1.0
-1.0
-0.9
-0.9
-0.8
-0.6
-0.4
-0.2
0.0
0.2
0.6
1.0
1.5
2.0
2.6
3.4
4.2
5.1
6.2
7.3
8.5
9.8
11.1
12.6
14.0
15.4
16.8
18.1
19.5
20.8
22.0
23.2
24.3
25.4
26.6
27.8
28.9
30.0
31.1
32.1
33.1
34.0
34.9
35.6
36.4
37.0
37.6
38.1
38.5
38.8
39.0
39.1
38.9
38.7
38.4
38.1
37.7
37.3
36.8
36.2
35.6
34.9
34.0
33.1
32.2
31.2
30.3
29.3
28.3
27.3
26.2
25.1
24.0
23.0
21.9
20.8
19.7
18.7
17.8
17.0
16.3
15.6
14.9
14.2
13.6
13.0
12.4
11.9
11.2
10.6
9.9
9.3
8.7
8.2
7.7
7.3
6.9
6.6
6.3
6.0
5.8
5.4
5.1
4.9
4.7
4.5
4.2
4.0
3.8
3.6
3.4
3.1
2.8
2.4
2.1
1.9
1.7
1.5
1.3
1.2
1.2
1.1
1.0
0.9
0.8
0.6
0.5
0.4
0.3
0.1
0.1
0.1
0.1
0.1
0.1
0.2
0.2
0.2
0.3
0.3
0.3
0.2
0.2
0.1
-0.1
-0.3
-0.6
-0.8
-1.0
-1.2
-1.3
-1.5
-1.6
-1.6
-1.7
-1.7
-1.8
-1.8
-2.0
-2.1
-2.2
-2.4
-2.5
-2.6
-2.8
-3.0
-3.2
-3.5
-3.6
-3.7
-3.8
-3.8
-3.8
-3.7
-3.6
-3.4
-3.3
-3.2
-3.2
-3.2
-3.2
-3.2
-3.2
-3.3
-3.4
-3.5
-3.6
-3.7
-3.8
-4.0
-4.1
-4.2
-4.2
-4.2
-4.2
-4.1
-4.0
-4.0
-3.9
-3.9
-3.9
-4.0
-4.1
-4.4
-4.5
-4.6
-4.7
-4.7
-4.7
-4.7
-4.6
-4.5
-4.4
-4.2
-4.1
-4.0
-3.8
-3.7
-3.6
-3.5
-3.5
-3.4
-3.4
-3.4
-3.3
-3.2
-3.2
-3.1
-2.9
-2.8
-2.8
-2.8
-2.8
-2.8
-3.0
-3.1
-3.2
-3.2
-3.3
-3.4
-3.5
-3.5
-3.5
-3.5
-3.6
-3.7
-3.8
-4.0
-4.1
-4.3
-4.4
-4.6
-4.8
-5.0
-5.1
-5.2
-5.2
-5.2
-5.2
-5.2
-5.1
-5.1
-5.0
-5.0
-5.0
-4.9
-4.9
-4.9
-4.9
-4.9
-4.9
-4.8
-4.7
-4.6
-4.5
-4.4
-4.3
-4.2
-4.1
-4.0
-4.0
-4.0
-4.0
-4.0
-4.0
-4.0
-4.0
-4.0
-3.9
-3.9
-3.8
-3.8
-3.7
-3.6
-3.6
-3.5
-3.4
-3.3
-3.2
-3.1
-3.1
-3.1
-3.2
-3.4
-3.5
-3.6
-3.7
-3.8
-3.9
-3.9
-3.9
-3.9
-3.9
-3.9
-4.0
-4.1
-4.2
-4.2
-4.3
-4.3
-4.3
-4.4
-4.4
-4.5
-4.5
-4.5
-4.4
-4.4
-4.4
-4.3
-4.2
-4.0
-3.9
-3.7
-3.6
-3.5
-3.5
-3.4
-3.4
-3.4
-3.4
-3.4
-3.5
-3.5
-3.5
-3.4
-3.4
-3.3
-3.2
-3.2
-3.1
-3.1
-3.0
-3.1
-3.2
-3.4
-3.6
-3.7
-3.9
-4.0
-4.1
-4.2
-4.3
-4.3
-4.2
-4.2
-4.2
-4.2
-4.2
-4.2
-4.2
-4.3
-4.3
-4.4
-4.4
-4.4
-4.4
-4.4
-4.5
-4.5
-4.6
-4.6
-4.7
-4.8
-4.8
-4.8
-4.8
-4.7
-4.6
-4.5
-4.4
-4.3
-4.3
-4.3
-4.3
-4.3
-4.3
-4.3
-4.3
-4.3
-4.3
-4.2
-4.1
-4.0
-3.9
-3.8
-3.7
-3.7
-3.7
-3.7
-3.7
-3.7
-3.8
-3.9
-3.9
-3.9
-4.0
-4.0
-4.0
-4.1
-4.2
-4.2
-4.2
-4.2
-4.1
-4.1
-4.1
-4.2
-4.1
-4.1
-4.0
-4.1
-4.1
-4.2
-4.2
-4.3
-4.4
-4.4
-4.4
-4.3
-4.3
-4.1
-4.0
-3.9
-3.7
-3.5
-3.3
-3.2
-3.2
-3.2
-3.2
-3.2
-3.2
-3.3
-3.3
-3.4
-3.5
-3.6
-3.7
-3.7
-3.7
-3.8
-3.8
-3.7
-3.7
-3.5
-3.4
-3.2
-3.1
-3.0
-2.9
-2.9
-2.8
-2.9
-2.9
-2.8
-2.8
-2.8
-2.9
-2.9
-2.9
-3.0
-3.0
-3.0
-3.0
-3.1
-3.1
-3.1
-3.0
-3.0
-2.9
-2.9
-2.9
-2.8
-2.7
-2.7
-2.7
-2.7
-2.7
-2.8
-2.8
-2.8
-2.8
-2.9
-2.9
-2.9
-2.9
-2.8
-2.8
-2.7
-2.7
-2.6
-2.5
-2.4
-2.3
-2.2
-2.1
-2.0
-1.9
-1.8
-1.7
-1.6
-1.3
-0.9
-0.4
0.1
0.8
1.7
2.6
3.7
4.9
6.1
7.5
8.9
10.4
11.9
13.4
14.9
16.5
18.0
19.6
21.2
22.8
24.4
26.0
27.6
29.2
30.8
32.3
33.7
35.0
36.3
37.5
38.6
39.6
40.5
41.3
42.2
42.9
43.6
44.3
44.9
45.5
46.1
46.4
46.6
46.7
46.6
46.3
45.8
45.1
44.3
43.5
42.7
41.9
41.2
40.4
39.7
39.1
38.5
37.8
37.2
36.4
35.6
34.7
33.8
32.8
31.8
30.8
29.7
28.7
27.7
26.7
25.6
24.6
23.6
22.8
22.1
21.5
20.9
20.5
20.1
19.9
19.8
19.7
19.7
19.8
20.0
20.3
20.7
21.2
21.7
22.3
23.1
23.9
24.7
25.6
26.4
27.3
28.1
28.9
29.7
30.4
31.1
31.7
32.2
32.6
32.9
33.0
33.1
33.1
33.0
32.9
32.6
32.2
31.7
31.1
30.6
29.9
29.1
28.1
27.1
26.1
25.1
24.1
23.0
22.0
20.9
19.9
18.9
17.8
16.7
15.5
14.4
13.3
12.2
11.3
10.4
9.5
8.7
8.0
7.4
6.8
6.2
5.7
5.2
4.7
4.2
3.7
3.2
2.7
2.2
1.8
1.3
1.0
0.7
0.5
0.3
0.1
0.0
-0.1
-0.3
-0.6
-0.8
-1.0
-1.2
-1.3
-1.5
-1.7
-2.0
-2.2
-2.4
-2.7
-2.9
-3.1
-3.3
-3.5
-3.7
-3.8
-4.0
-4.0
-4.1
-4.2
-4.4
-4.5
-4.6
-4.8
-4.9
-5.1
-5.3
-5.5
-5.6
-5.8
-5.8
-5.8
-5.8
-5.8
-5.8
-5.8
-5.8
-5.8
-6.0
-6.1
-6.2
-6.3
-6.4
-6.4
-6.5
-6.4
-6.4
-6.3
-6.3
-6.3
-6.4
-6.4
-6.5
-6.6
-6.7
-6.8
-6.9
-7.1
-7.1
-7.0
-7.0
-6.9
-6.9
-6.8
-6.7
-6.6
-6.6
-6.6
-6.7
-6.8
-7.0
-7.1
-7.3
-7.4
-7.5
-7.6
-7.6
-7.7
-7.8
-7.8
-7.8
-7.8
-7.9
-7.9
-7.9
-7.7
-7.5
-7.4
-7.1
-6.8
-6.3
-5.7
-5.1
-4.4
-3.6
-2.8
-2.0
-1.2
-0.3
0.5
1.5
2.5
3.6
4.9
6.2
7.6
9.1
10.7
12.2
13.8
15.2
16.6
17.9
19.2
20.4
21.6
22.7
23.7
24.7
25.7
26.6
27.4
28.3
29.2
30.1
30.9
31.6
32.3
32.9
33.5
34.0
34.4
34.9
35.2
35.5
35.6
35.7
35.6
35.4
35.1
34.5
33.9
33.2
32.4
31.5
30.5
29.4
28.3
27.1
26.0
24.8
23.7
22.6
21.5
20.3
19.2
18.1
16.9
15.7
14.5
13.3
