-4.4
-4.5
-4.6
-4.5
-4.4
-4.3
-4.3
-4.2
-4.1
-4.1
-4.0
-4.0
-4.0
-4.0
-4.1
-4.2
-4.2
-4.3
-4.4
-4.4
-4.4
-4.4
-4.4
-4.4
-4.4
-4.3
-4.2
-4.1
-4.1
-4.0
-3.9
-3.9
-3.8
-3.8
-3.7
-3.7
-3.8
-3.9
-3.9
-3.9
-3.9
-3.9
-3.9
-3.9
-3.9
-4.0
-4.0
-3.9
-3.9
-3.9
-3.8
-3.8
-3.8
-3.7
-3.6
-3.5
-3.5
-3.5
-3.6
-3.7
-3.7
-3.7
-3.6
-3.5
-3.5
-3.4
-3.4
-3.3
-3.4
-3.5
-3.7
-3.9
-4.1
-4.2
-4.3
-4.3
-4.2
-4.1
-4.0
-3.9
-3.8
-3.8
-3.8
-3.9
-3.9
-4.0
-4.0
-4.0
-4.0
-4.0
-4.0
-4.0
-3.9
-3.9
-3.9
-4.0
-4.0
-4.0
-4.0
-3.9
-3.9
-3.8
-3.7
-3.6
-3.5
-3.4
-3.4
-3.4
-3.4
-3.4
-3.4
-3.4
-3.4
-3.4
-3.4
-3.4
-3.5
-3.5
-3.6
-3.7
-3.7
-3.7
-3.7
-3.7
-3.7
-3.6
-3.5
-3.5
-3.5
-3.4
-3.4
-3.4
-3.4
-3.3
-3.3
-3.2
-3.2
-3.2
-3.2
-3.2
-3.3
-3.3
-3.4
-3.5
-3.6
-3.6
-3.6
-3.5
-3.5
-3.6
-3.5
-3.5
-3.4
-3.3
-3.2
-3.2
-3.2
-3.1
-3.1
-3.0
-2.9
-2.9
-2.9
-2.8
-2.8
-2.7
-2.7
-2.7
-2.7
-2.8
-2.8
-2.9
-3.0
-3.0
-3.0
-3.0
-3.0
-3.0
-3.0
-3.0
-3.0
-3.1
-3.1
-3.2
-3.2
-3.2
-3.1
-3.1
-3.0
-3.0
-2.9
-2.9
-2.9
-2.9
-3.0
-3.0
-3.0
-3.0
-3.0
-2.9
-2.8
-2.6
-2.4
-2.3
-2.1
-2.0
-2.0
-1.9
-2.0
-2.0
-2.1
-2.1
-2.2
-2.3
-2.4
-2.5
-2.5
-2.5
-2.5
-2.5
-2.5
-2.4
-2.4
-2.3
-2.3
-2.2
-2.3
-2.3
-2.3
-2.2
-2.2
-2.2
-2.2
-2.2
-2.2
-2.2
-2.2
-2.2
-2.1
-2.1
-2.1
-2.0
-2.1
-2.2
-2.3
-2.4
-2.5
-2.6
-2.6
-2.6
-2.5
-2.4
-2.2
-2.1
-2.0
-1.9
-2.0
-2.1
-2.2
-2.3
-2.4
-2.4
-2.5
-2.4
-2.4
-2.3
-2.2
-2.1
-2.0
-2.0
-1.9
-1.8
-1.8
-1.7
-1.7
-1.7
-1.6
-1.6
-1.6
-1.6
-1.7
-1.7
-1.7
-1.7
-1.7
-1.8
-1.9
-2.0
-2.0
-2.0
-1.9
-1.8
-1.7
-1.5
-1.3
-1.0
-0.6
-0.3
0.0
0.3
0.7
1.2
1.8
2.5
3.3
4.3
5.3
6.6
8.0
9.6
11.4
13.2
15.2
17.3
19.4
21.6
23.7
25.8
27.8
29.7
31.6
33.6
35.4
37.2
38.9
40.6
42.3
43.8
45.2
46.5
47.7
48.9
49.9
50.9
51.8
52.7
53.5
54.4
55.2
55.9
56.6
57.3
58.0
58.7
59.4
60.0
60.6
61.2
61.8
62.4
63.0
63.6
64.2
64.7
65.3
65.8
66.3
66.8
67.1
67.4
67.6
67.8
67.9
67.9
67.8
67.6
67.5
67.3
67.2
67.0
66.9
66.8
66.7
66.6
66.5
66.3
66.0
65.5
65.0
64.2
63.3
62.3
61.2
60.1
58.9
57.6
56.3
55.0
53.7
52.3
50.9
49.5
48.0
46.5
45.0
43.6
42.2
40.9
39.7
38.5
37.5
36.4
35.5
34.6
33.7
32.8
32.0
31.3
30.8
30.2
29.7
29.2
28.8
28.4
28.0
27.6
27.2
26.8
26.4
26.0
25.6
25.2
24.8
24.5
24.2
23.9
23.6
23.4
23.3
23.1
23.0
22.8
22.7
22.5
22.3
22.0
21.7
21.4
21.1
20.7
20.4
20.0
19.7
19.4
19.0
18.7
18.3
18.0
17.8
17.5
17.3
17.1
16.9
16.7
16.6
16.3
16.1
15.9
15.6
15.3
15.0
14.7
14.5
14.3
14.1
14.0
13.8
13.6
13.4
13.2
12.9
12.6
12.3
12.1
11.8
11.6
11.5
11.3
11.1
11.0
10.9
10.8
10.6
10.4
10.2
9.9
9.6
9.3
9.1
8.7
8.4
8.1
7.9
7.6
7.5
7.3
7.2
7.1
7.0
6.9
6.8
6.5
6.3
6.0
5.7
5.5
5.2
5.0
4.8
4.6
4.4
4.2
4.0
3.9
3.8
3.7
3.6
3.5
3.4
3.3
3.2
3.1
3.0
2.8
2.5
2.3
2.1
1.9
1.7
1.6
1.5
1.3
1.2
1.1
1.1
1.0
0.9
0.8
0.6
0.5
0.3
0.2
0.0
0.0
-0.2
-0.3
-0.5
-0.6
-0.7
-0.8
-0.9
-1.0
-1.1
-1.1
-1.1
-1.1
-1.1
-1.2
-1.3
-1.5
-1.6
-1.8
-2.0
-2.2
-2.3
-2.4
-2.4
-2.4
-2.5
-2.5
-2.5
-2.6
-2.7
-2.9
-3.2
-3.4
-3.7
-4.0
-4.2
-4.4
-4.5
-4.5
-4.6
-4.6
-4.6
-4.6
-4.7
-4.8
-4.9
-5.0
-5.0
-5.1
-5.2
-5.3
-5.4
-5.5
-5.7
-5.8
-5.9
-6.0
-6.1
-6.2
-6.2
-6.2
-6.2
-6.2
-6.2
-6.3
-6.3
-6.4
-6.5
-6.6
-6.6
-6.7
-6.7
-6.8
-6.8
-6.9
-7.0
-7.1
-7.2
-7.4
-7.5
-7.7
-7.8
-7.9
-8.0
-8.0
-8.1
-8.1
-8.0
-8.0
-7.9
-7.9
-7.9
-8.0
-8.1
-8.2
-8.3
-8.4
-8.6
-8.7
-8.7
-8.7
-8.7
-8.7
-8.7
-8.7
-8.6
-8.5
-8.5
-8.5
-8.5
-8.5
-8.5
-8.5
-8.6
-8.6
-8.7
-8.8
-8.8
-8.9
-8.9
-9.1
-9.1
-9.2
-9.3
-9.4
-9.5
-9.6
-9.7
-9.8
-9.9
-9.9
-9.9
-9.9
-9.8
-9.8
-9.7
-9.7
-9.8
-10.0
-10.2
-10.5
-10.8
-11.1
-11.3
-11.3
-11.3
-11.3
-11.2
-11.0
-10.9
-10.8
-10.7
-10.6
-10.6
-10.6
-10.6
-10.6
-10.6
-10.6
-10.7
-10.7
-10.8
-10.9
-11.0
-11.1
-11.2
-11.2
-11.3
-11.4
-11.4
-11.4
-11.4
-11.3
-11.4
-11.4
-11.5
-11.5
-11.5
-11.5
-11.6
-11.7
-11.7
-11.8
-11.8
-11.8
-11.9
-11.9
-12.0
-12.1
-12.2
-12.2
-12.2
-12.2
-12.1
-12.0
-11.8
-11.6
-11.5
-11.3
-11.1
-11.0
-11.0
-11.1
-11.1
-11.2
-11.3
-11.3
-11.3
-11.4
-11.4
-11.6
-11.7
-11.8
-11.8
-11.9
-12.0
-12.1
-12.1
-12.0
-11.9
-11.8
-11.7
-11.6
-11.6
-11.5
-11.5
-11.5
-11.5
-11.5
-11.5
-11.5
-11.6
-11.7
-11.8
-11.9
-11.9
-12.0
-12.0
-12.0
-12.0
-11.9
-11.9
-11.8
-11.8
-11.8
-11.9
-12.0
-12.1
-12.1
-12.1
-12.1
-12.1
-12.1
-12.0
-11.8
-11.7
-11.6
-11.6
-11.5
-11.6
-11.6
-11.5
-11.6
-11.6
-11.7
-11.7
-11.7
-11.6
-11.6
-11.6
-11.6
-11.6
-11.6
-11.6
-11.6
-11.6
-11.6
-11.6
-11.5
-11.4
-11.3
-11.2
-11.1
-11.1
-11.1
-11.1
-11.2
-11.3
-11.3
-11.4
-11.4
-11.4
-11.3
-11.3
-11.3
-11.3
-11.3
-11.2
-11.2
-11.2
-11.3
-11.3
-11.3
-11.3
-11.3
-11.3
-11.3
-11.4
-11.4
-11.4
-11.5
-11.4
-11.4
-11.4
-11.4
-11.4
-11.4
-11.4
-11.3
-11.3
-11.3
-11.3
-11.3
-11.4
-11.4
-11.5
-11.5
-11.6
-11.7
-11.7
-11.7
-11.7
-11.6
-11.5
-11.4
-11.4
-11.4
-11.3
-11.3
-11.2
-11.2
-11.2
-11.3
-11.3
-11.3
-11.3
-11.3
-11.4
-11.4
-11.5
-11.5
-11.5
-11.5
-11.5
-11.5
-11.5
-11.5
-11.5
-11.6
-11.5
-11.5
-11.4
-11.4
-11.3
-11.3
-11.2
-11.1
-11.1
-11.0
-11.0
-11.0
-11.1
-11.0
-11.0
-10.9
-10.9
-10.8
-10.8
-10.8
-10.8
-10.8
-10.8
-10.9
-11.0
-11.1
-11.1
-11.2
-11.2
-11.2
-11.2
-11.2
-11.2
-11.1
-11.1
-11.1
-11.1
-11.1
-11.0
-10.9
-10.8
-10.7
-10.6
-10.5
-10.5
-10.5
-10.6
-10.6
-10.7
-10.8
-10.9
-11.0
-10.9
-10.9
-10.9
-10.8
-10.8
-10.7
-10.7
-10.6
-10.6
-10.5
-10.4
-10.3
-10.3
-10.3
-10.5
-10.7
-10.9
-11.0
-11.1
-11.1
-11.1
-11.1
-10.9
-10.8
-10.7
-10.7
-10.7
-10.8
-11.0
-11.3
-11.5
-11.7
-11.9
-12.1
-12.2
-12.4
-12.5
-12.6
-12.7
-12.8
-12.8
-12.8
-12.9
-12.9
-12.9
-12.9
-12.9
-13.0
-13.0
-13.0
-12.9
-13.0
-13.1
-13.1
-13.1
-13.1
-13.0
-12.9
-12.8
-12.7
-12.6
-12.5
-12.5
-12.5
-12.5
-12.6
-12.7
-12.8
-12.8
-12.7
-12.6
-12.6
-12.5
-12.5
-12.5
-12.4
-12.4
-12.3
-12.3
-12.3
-12.2
-12.1
-12.1
-12.1
-12.1
-12.1
-12.1
-12.2
-12.2
-12.2
-12.2
-12.2
-12.2
-12.1
-12.1
-12.1
-12.0
-12.0
-11.9
-11.9
-11.8
-11.7
-11.6
-11.5
-11.5
-11.5
-11.4
-11.4
-11.3
-11.3
-11.3
-11.3
-11.4
-11.4
-11.4
-11.4
-11.4
-11.4
-11.3
-11.3
-11.2
-11.2
-11.1
-11.1
-11.1
-11.0
-11.0
-10.9
-10.9
-10.8
-10.7
-10.6
-10.5
-10.5
-10.5
-10.5
-10.6
-10.6
-10.6
-10.7
-10.7
-10.8
-10.8
-10.8
-10.9
-10.9
-10.9
-10.9
-10.9
-10.8
-10.7
-10.6
-10.5
-10.4
-10.3
-10.2
-10.2
-10.1
-10.1
-10.2
-10.2
-10.3
-10.3
-10.3
-10.3
-10.3
-10.3
-10.2
-10.2
-10.1
-10.1
-10.0
-10.0
-10.0
-10.0
-10.1
-10.1
-10.0
-9.9
-9.9
-9.9
-9.8
-9.7
-9.6
-9.5
-9.4
-9.4
-9.3
-9.3
-9.3
-9.3
-9.4
-9.4
-9.5
-9.5
-9.5
-9.5
-9.4
-9.3
-9.2
-9.0
-8.9
-8.8
-8.7
-8.6
-8.6
-8.6
-8.6
-8.7
-8.8
-8.8
-8.9
-9.0
-9.0
-9.0
-8.9
-8.9
-8.9
-8.8
-8.7
-8.6
-8.5
-8.4
-8.3
-8.3
-8.2
-8.2
-8.2
-8.2
-8.2
-8.3
-8.2
-8.2
-8.1
-8.1
-8.1
-8.0
-7.9
-7.8
-7.7
-7.6
-7.6
-7.5
-7.5
-7.4
-7.4
-7.5
-7.5
-7.6
-7.6
-7.7
-7.7
-7.8
-7.8
-7.9
-7.9
-7.9
-7.9
-7.9
-7.8
-7.8
-7.8
-7.7
-7.7
-7.7
-7.6
-7.6
-7.5
-7.4
-7.3
-7.3
-7.2
-7.2
-7.3
-7.3
-7.3
-7.3
-7.3
-7.3
-7.2
-7.1
-6.9
-6.7
-6.5
-6.4
-6.4
-6.4
-6.4
-6.4
-6.5
-6.5
-6.6
-6.7
-6.7
-6.8
-6.8
-6.9
-6.9
-6.8
-6.8
-6.7
-6.7
-6.7
-6.6
-6.6
-6.5
-6.5
-6.5
-6.5
-6.5
-6.5
-6.5
-6.5
-6.5
-6.6
-6.6
-6.6
-6.6
-6.6
-6.5
-6.5
-6.5
-6.4
-6.4
-6.4
-6.5
-6.5
-6.5
-6.5
-6.5
-6.4
-6.2
-6.1
-6.0
-5.9
-5.8
-5.8
-5.7
-5.7
-5.7
-5.7
-5.7
-5.6
-5.6
-5.6
-5.6
-5.7
-5.8
-5.9
-6.0
-6.1
-6.3
-6.4
-6.4
-6.4
-6.3
-6.3
-6.2
-6.1
-6.0
-5.9
-5.8
-5.7
-5.6
-5.6
-5.5
-5.5
-5.5
-5.5
-5.6
-5.6
-5.6
-5.7
-5.7
-5.6
-5.6
-5.6
-5.5
-5.4
-5.2
-5.2
-5.2
-5.1
-5.1
-5.1
-5.2
-5.3
-5.4
-5.5
-5.6
-5.8
-5.8
-5.9
-6.0
-6.0
-5.9
-5.8
-5.7
-5.6
-5.4
-5.3
-5.2
-5.1
-5.1
-5.1
-5.1
-5.2
-5.2
-5.2
-5.2
-5.2
-5.2
-5.2
-5.1
-5.0
-5.0
-5.0
-4.9
-4.9
-4.9
-4.9
-4.9
-5.0
-5.0
-5.0
-5.0
-5.0
-5.0
-5.0
-4.9
-4.8
-4.7
-4.6
-4.6
-4.5
-4.4
-4.4
-4.5
-4.6
-4.6
-4.7
-4.7
-4.7
-4.7
-4.6
-4.5
-4.5
-4.4
-4.4
-4.5
-4.5
-4.5
-4.6
-4.6
-4.6
-4.6
-4.5
-4.4
-4.3
-4.2
-4.1
-4.1
-4.2
-4.3
-4.4
-4.5
-4.5
-4.4
-4.4
-4.3
-4.1
-3.8
-3.5
-3.2
-3.0
-2.8
-2.7
-2.7
-2.5
-2.5
-2.5
-2.5
-2.6
-2.6
-2.7
-2.7
-2.8
-2.8
-2.9
-2.9
-3.0
-3.0
-3.0
-3.1
-3.1
-3.1
-3.1
-3.1
-3.0
-2.9
-2.9
-2.9
-2.9
-2.8
-2.9
-2.9
-2.9
-3.0
-3.0
-2.9
-2.9
-2.9
-2.9
-2.9
-2.9
-2.9
-2.8
-2.8
-2.8
-2.7
-2.7
-2.7
-2.7
-2.6
-2.7
-2.7
-2.8
-2.8
-2.9
-2.8
-2.8
-2.7
-2.6
-2.6
-2.6
-2.5
-2.5
-2.5
-2.5
-2.6
-2.6
-2.6
-2.6
-2.6
-2.6
-2.7
-2.7
-2.8
-2.9
-2.9
-3.0
-3.1
-3.1
-3.1
-3.1
-3.1
-3.0
-3.0
-2.9
-2.8
-2.7
-2.7
-2.6
-2.5
-2.4
-2.3
-2.3
-2.3
-2.3
-2.3
-2.2
-2.2
-2.2
-2.1
-2.0
-1.9
-1.8
-1.6
-1.6
-1.6
-1.6
-1.6
-1.6
-1.6
-1.7
-1.8
-1.9
-2.0
-2.1
-2.1
-2.2
-2.2
-2.2
-2.2
-2.1
-2.1
-2.1
-2.2
-2.3
-2.3
-2.3
-2.3
-2.2
-2.2
-2.2
-2.1
-2.1
-2.0
-2.0
-2.1
-2.2
-2.2
-2.2
-2.3
-2.2
-2.2
-2.1
-1.9
-1.8
-1.7
-1.7
-1.6
-1.6
-1.6
-1.6
-1.7
-1.7
-1.8
-1.8
-1.8
-1.9
-1.8
-1.8
-1.8
-1.7
-1.6
-1.6
-1.6
-1.5
-1.5
-1.5
-1.6
-1.7
-1.8
-1.8
-1.8
-1.8
-1.8
-1.9
-1.8
-1.8
-1.8
-1.7
-1.7
-1.6
-1.5
-1.4
-1.3
-1.1
-1.0
-0.9
-0.8
-0.7
-0.6
-0.5
-0.4
-0.3
-0.2
-0.1
0.0
0.0
0.1
0.2
0.5
0.9
1.4
2.0
2.7
3.7
5.0
6.4
8.0
9.8
11.8
13.9
16.1
18.4
20.7
23.1
25.2
27.3
29.4
31.5
33.4
35.3
37.0
38.7
40.4
42.0
43.4
44.8
45.9
47.0
47.8
48.6
49.2
49.7
50.0
50.1
50.1
49.9
49.5
49.0
48.3
47.6
46.7
45.8
44.8
43.6
42.3
40.9
39.5
37.9
36.3
34.6
33.0
31.4
29.9
28.5
27.0
25.7
24.4
23.3
22.2
21.1
20.0
19.0
18.0
17.1
16.3
15.5
14.7
14.0
13.4
12.9
12.4
12.0
11.6
11.2
10.9
10.6
10.3
10.1
9.8
9.5
9.2
8.9
8.7
8.5
8.3
8.0
7.8
7.5
7.3
7.0
6.8
6.5
6.3
6.1
6.1
6.0
5.9
5.7
5.5
5.3
5.0
4.7
4.4
4.0
3.8
3.6
3.4
3.2
3.2
3.1
3.1
3.1
3.0
3.0
2.9
2.8
2.7
2.6
2.5
2.3
2.2
2.0
1.9
1.8
1.7
1.5
1.3
1.2
1.0
0.9
0.8
0.7
0.6
0.5
0.4
0.3
0.3
0.2
0.2
0.1
0.1
0.0
0.0
0.0
-0.1
-0.2
-0.2
-0.3
-0.3
-0.3
-0.4
-0.4
-0.5
-0.6
-0.7
-0.8
-1.0
-1.1
-1.2
-1.3
-1.3
-1.3
-1.4
-1.4
-1.4
-1.4
-1.5
-1.5
-1.5
-1.6
-1.7
-1.9
-2.0
-2.0
-2.0
-2.1
-2.1
-2.2
-2.2
-2.3
-2.3
-2.4
-2.4
-2.5
-2.7
-3.0
-3.2
-3.5
-3.7
-3.8
-3.7
-3.6
-3.4
-3.1
-2.8
-2.5
-2.3
-2.1
-2.0
-2.0
-2.1
-2.2
-2.2
-2.2
-2.2
-2.3
-2.4
-2.4
-2.5
-2.6
-2.6
-2.7
-2.8
-2.9
-2.9
-3.0
-3.0
-3.0
-3.0
-3.0
-3.0
-3.0
-3.1
-3.1
-3.2
-3.2
-3.3
-3.3
-3.3
-3.3
-3.3
-3.3
-3.3
-3.2
-3.3
-3.3
-3.3
-3.3
-3.4
-3.4
-3.4
-3.4
-3.4
-3.5
-3.5
-3.5
-3.5
-3.4
-3.4
-3.4
-3.4
-3.5
-3.4
-3.4
-3.4
-3.4
-3.4
-3.4
-3.4
-3.4
-3.4
-3.4
-3.4
-3.5
-3.5
-3.5
-3.5
-3.6
-3.6
-3.6
-3.6
-3.5
-3.5
-3.5
-3.5
-3.5
-3.4
-3.4
-3.4
-3.4
-3.4
-3.4
-3.4
-3.4
-3.5
-3.5
-3.5
-3.5
-3.5
-3.6
-3.6
-3.5
-3.5
-3.4
-3.4
-3.3
-3.2
-3.1
-3.1
-3.0
-3.0
-3.0
-3.0
-3.1
-3.2
-3.2
-3.2
-3.3
-3.4
-3.5
-3.7
-4.0
-4.2
-4.4
-4.5
-4.5
-4.6
-4.6
-4.4
-4.3
-4.1
-3.9
-3.9
-3.8
-3.8
-3.8
-3.8
-3.9
-4.0
-4.0
-4.0
-3.9
-3.8
-3.8
-3.9
-3.8
-3.7
-3.6
-3.6
-3.6
-3.6
-3.6
-3.6
-3.6
-3.6
-3.7
-3.8
-3.9
-4.0
-4.1
-4.1
-4.1
-4.0
-3.9
-3.7
-3.5
-3.2
-3.0
-2.9
-2.7
-2.7
-2.7
-2.8
-3.0
-3.1
-3.3
-3.4
-3.5
-3.6
-3.6
-3.5
-3.5
-3.3
-3.2
-3.0
-2.9
-2.9
-2.9
-2.9
-3.0
-3.0
-3.0
-3.1
-3.2
-3.3
-3.3
-3.4
-3.4
-3.4
-3.4
-3.4
-3.4
-3.4
-3.3
-3.2
-3.1
-3.0
-2.9
-2.9
-2.9
-3.0
-3.0
-3.1
-3.2
-3.3
-3.4
-3.4
-3.4
-3.4
-3.3
-3.2
-3.2
-3.1
-3.0
-2.9
-2.9
-2.9
-2.9
-2.9
-3.0
-3.0
-3.1
-3.2
-3.3
-3.3
-3.4
-3.5
-3.5
-3.5
-3.5
-3.4
-3.4
-3.3
-3.3
-3.2
-3.1
-3.1
-3.0
-3.0
-3.1
-3.1
-3.1
-3.1
-3.1
-3.1
-3.1
-3.1
-3.1
-3.1
-3.0
-3.0
-2.9
-2.9
-2.8
-2.7
-2.7
-2.8
-2.9
-3.0
-3.1
-3.2
-3.2
-3.2
-3.2
-3.1
-3.0
-2.9
-2.8
-2.7
-2.6
-2.5
-2.5
-2.4
-2.4
-2.4
-2.4
-2.4
-2.5
-2.5
-2.6
-2.7
-2.7
-2.8
-2.8
-2.8
-2.7
-2.7
-2.7
-2.6
-2.6
-2.5
-2.4
-2.4
-2.5
-2.6
-2.7
-2.8
-2.8
-2.9
-2.9
-3.0
-3.0
-3.1
-3.2
-3.1
-3.0
-3.0
-2.9
-2.8
-2.6
-2.5
-2.5
-2.4
-2.4
-2.4
-2.5
-2.5
-2.6
-2.6
-2.6
-2.6
-2.6
-2.6
-2.5
-2.5
-2.5
-2.5
-2.5
-2.5
-2.5
-2.5
-2.6
-2.7
-2.8
-2.9
-2.9
-3.0
-3.1
-3.2
-3.1
-3.0
-3.0
-2.9
-2.9
-2.8
-2.7
-2.6
-2.6
-2.5
-2.5
-2.5
-2.5
-2.5
-2.5
-2.6
-2.7
-2.7
-2.8
-2.8
-2.9
-2.9
-2.9
-2.8
-2.7
-2.6
-2.5
-2.5
-2.5
-2.5
-2.5
-2.5
-2.6
-2.7
-2.7
-2.6
-2.6
-2.6
-2.6
-2.5
-2.5
-2.5
-2.4
-2.4
-2.4
-2.3
-2.2
-2.2
-2.2
-2.3
-2.3
-2.4
-2.5
-2.6
-2.6
-2.7
-2.7
-2.7
-2.6
-2.5
-2.4
-2.3
-2.2
-2.1
-2.0
-2.0
-2.0
-2.0
-2.0
-2.0
-2.2
-2.3
-2.4
-2.5
-2.5
-2.5
-2.4
-2.2
-2.1
-1.9
-1.8
-1.7
-1.6
-1.6
-1.7
-1.7
-1.9
-1.9
-2.0
-2.0
-2.0
-2.0
-2.0
-2.0
-1.9
-1.9
-1.9
-1.9
-1.9
-1.9
-1.9
-1.9
-2.0
-2.0
-2.1
-2.1
-2.1
-2.2
-2.2
-2.2
-2.1
-2.1
-2.1
-2.2
-2.2
-2.3
-2.4
-2.4
-2.4
-2.5
-2.5
-2.5
-2.5
-2.5
-2.5
-2.5
-2.4
-2.3
-2.3
-2.3
-2.3
-2.4
-2.4
-2.4
-2.5
-2.5
-2.5
-2.5
-2.5
-2.4
-2.4
-2.3
-2.3
-2.3
-2.3
-2.2
-2.2
-2.3
-2.3
-2.4
-2.4
-2.3
-2.3
-2.4
-2.4
-2.3
-2.2
-2.2
-2.1
-2.0
-2.0
-2.0
-1.9
-1.9
-1.8
-1.9
-2.0
-2.1
-2.2
-2.2
-2.2
-2.2
-2.1
-2.0
-2.0
-1.9
-1.8
-1.7
-1.7
-1.7
-1.7
-1.7
-1.7
-1.7
-1.7
-1.6
-1.6
-1.6
-1.7
-1.7
-1.8
-1.9
-1.9
-1.9
-1.9
-1.9
-1.9
-1.8
-1.7
-1.6
-1.6
-1.6
-1.6
-1.6
-1.6
-1.6
-1.6
-1.7
-1.7
-1.7
-1.6
-1.5
-1.4
-1.3
-1.3
-1.3
-1.3
-1.2
-1.2
-1.2
-1.2
-1.3
-1.4
-1.4
-1.4
-1.4
-1.4
-1.4
-1.3
-1.2
-1.1
-1.1
-1.0
-1.0
-1.0
-1.1
-1.1
-1.2
-1.2
-1.3
-1.3
-1.2
-1.2
-1.2
-1.2
-1.2
-1.2
-1.1
-1.1
-1.1
-1.1
-1.0
-1.0
-1.1
-1.1
-1.2
-1.2
-1.3
-1.3
-1.2
-1.2
-1.1
-1.0
-0.9
-0.8
-0.7
-0.6
-0.6
-0.6
-0.6
-0.7
-0.8
-0.9
-1.0
-1.0
-1.1
-1.2
-1.2
-1.3
-1.4
-1.4
-1.4
-1.3
-1.3
-1.2
-1.1
-1.0
-0.8
-0.7
-0.6
-0.5
-0.5
-0.5
-0.5
-0.6
-0.7
-0.7
-0.8
-0.9
-0.9
-1.0
-1.0
-1.0
-0.9
-0.9
-0.9
-0.8
-0.8
-0.8
-0.9
-0.9
-1.0
-1.1
-1.2
-1.2
-1.2
-1.2
-1.3
-1.2
-1.1
-1.0
-0.9
-0.8
-0.7
-0.6
-0.5
-0.4
-0.4
-0.3
-0.3
-0.2
-0.1
0.0
0.0
0.0
0.0
0.1
0.2
0.3
0.5
0.8
1.2
1.6
2.1
2.8
3.6
4.5
5.5
6.6
7.8
9.1
10.5
11.9
13.4
14.8
16.3
17.9
19.4
21.0
22.5
24.0
25.4
26.7
27.9
29.1
30.1
31.1
32.0
32.8
33.4
34.0
34.4
34.6
34.6
34.3
33.7
33.0
32.1
31.1
30.0
28.9
27.7
26.5
25.3
24.2
23.0
21.9
20.8
19.8
18.7
17.6
16.6
15.7
14.8
13.9
13.1
12.5
11.8
11.3
10.8
10.4
10.1
9.8
9.5
9.2
8.9
8.6
8.3
8.0
7.7
7.4
7.0
6.6
6.2
5.8
5.3
4.8
4.4
3.9
3.5
3.2
3.0
2.9
2.7
2.6
2.5
2.5
2.5
2.5
2.3
2.2
2.1
2.1
2.0
1.9
1.8
1.8
1.7
1.6
1.5
1.4
1.3
1.2
1.1
1.0
0.9
0.8
0.8
0.8
0.7
0.6
0.5
0.5
0.4
0.4
0.3
0.2
0.2
0.1
0.0
0.0
-0.2
-0.3
-0.3
-0.4
-0.5
-0.5
-0.4
-0.4
-0.3
-0.3
-0.4
-0.4
-0.4
-0.5
-0.6
-0.6
-0.7
-0.7
-0.7
-0.7
-0.7
-0.7
-0.7
-0.7
-0.7
-0.7
-0.7
-0.7
-0.7
-0.6
-0.6
-0.6
-0.5
-0.5
-0.5
-0.5
-0.5
-0.6
-0.6
-0.6
-0.6
-0.7
-0.7
-0.8
-0.9
-1.0
-1.0
-1.1
-1.2
-1.2
-1.3
-1.3
-1.4
-1.4
-1.4
-1.4
-1.5
-1.5
-1.5
-1.5
-1.4
-1.4
-1.3
-1.3
-1.3
-1.4
-1.4
-1.5
-1.6
-1.8
-1.9
-2.0
-2.0
-2.0
-1.9
-1.8
-1.6
-1.5
-1.3
-1.1
-1.0
-1.0
-1.0
-1.1
-1.2
-1.2
-1.3
-1.4
-1.5
-1.6
-1.7
-1.7
-1.8
-1.8
-1.8
-1.8
-1.8
-1.7
-1.7
-1.7
-1.7
-1.6
-1.6
-1.6
-1.6
-1.6
-1.6
-1.6
-1.6
-1.7
-1.8
-1.9
-2.0
-2.1
-2.2
-2.3
-2.4
-2.4
-2.4
-2.4
-2.4
-2.4
-2.3
-2.3
-2.2
-2.1
-2.1
-2.2
-2.2
-2.2
-2.3
-2.3
-2.4
-2.5
-2.6
-2.7
-2.8
-2.8
-2.9
-2.9
-2.9
-2.9
-2.9
-3.0
-3.0
-3.0
-3.0
-3.0
-3.0
-3.0
-3.0
-3.0
-3.0
-3.0
-3.0
-3.0
-3.0
-3.0
-3.0
-2.9
-2.9
-2.8
-2.8
-2.8
-2.8
-2.7
-2.6
-2.6
-2.6
-2.6
-2.6
-2.6
-2.7
-2.6
-2.6
-2.6
-2.6
-2.6
-2.6
-2.7
-2.7
-2.8
-2.8
-2.9
-2.9
-2.9
-2.9
-2.8
-2.7
-2.6
-2.5
-2.4
-2.3
-2.2
-2.1
-2.0
-2.0
-2.0
-2.0
-2.1
-2.2
-2.3
-2.3
-2.4
-2.5
-2.5
-2.6
-2.7
-2.7
-2.7
-2.7
-2.7
-2.7
-2.6
-2.5
-2.4
-2.3
-2.3
-2.2
-2.2
-2.2
-2.2
-2.2
-2.3
-2.3
-2.2
-2.2
-2.2
-2.2
-2.2
-2.2
-2.2
-2.2
-2.1
-2.0
-2.0
-1.9
-1.8
-1.8
-1.8
-1.9
-2.0
-2.2
-2.3
-2.4
-2.5
-2.5
-2.5
-2.4
-2.2
-2.1
-1.9
-1.9
-1.9
-1.9
-1.9
-2.0
-2.1
-2.2
-2.2
-2.2
-2.1
-2.0
-2.0
-2.0
-2.0
-2.0
-2.0
-2.0
-2.1
-2.1
-2.1
-2.1
-2.1
-2.0
-1.9
-1.8
-1.7
-1.7
-1.7
-1.7
-1.7
-1.8
-1.8
-2.0
-2.0
-2.1
-2.1
-2.1
-2.1
-2.1
-2.0
-2.0
-1.9
-1.8
-1.7
-1.6
-1.5
-1.5
-1.5
-1.5
-1.5
-1.6
-1.6
-1.6
-1.5
-1.4
-1.3
-1.3
-1.2
-1.2
-1.1
-1.2
-1.2
-1.2
-1.2
-1.3
-1.3
-1.3
-1.3
-1.3
-1.2
-1.2
-1.2
-1.1
-1.0
-1.0
-0.9
-0.9
-1.0
-1.2
-1.3
-1.4
-1.4
-1.5
-1.5
-1.6
-1.7
-1.7
-1.7
-1.7
-1.6
-1.5
-1.4
-1.1
-0.9
-0.6
-0.2
0.0
0.3
0.5
0.7
0.8
1.0
1.2
1.5
1.7
1.8
1.9
1.9
2.0
2.0
2.0
1.9
1.8
1.7
1.6
1.5
1.5
1.4
1.4
1.5
1.6
1.6
1.7
1.7
1.8
1.8
1.9
1.8
1.8
1.7
1.6
1.5
1.5
1.4
1.3
1.2
1.2
1.1
1.1
1.1
1.0
1.0
0.9
0.9
0.8
0.8
0.7
0.6
0.6
0.5
0.5
0.5
0.5
0.5
0.4
0.3
0.2
0.3
0.4
0.6
0.7
0.8
1.0
1.3
1.6
1.8
2.0
2.1
2.2
2.3
2.4
2.6
2.7
2.7
2.8
2.8
2.7
2.7
2.6
2.4
2.3
2.2
2.1
2.0
2.0
1.9
1.9
1.9
1.9
1.9
2.0
2.0
1.9
1.8
1.6
1.5
1.4
1.3
1.3
1.3
1.3
1.4
1.4
1.5
1.6
1.6
1.5
1.5
1.3
1.3
1.2
1.2
1.1
1.1
1.1
1.0
1.0
0.9
0.9
0.8
0.7
0.7
0.6
0.6
0.6
0.6
0.6
0.7
0.8
0.8
0.9
0.9
0.8
0.8
0.8
0.7
0.6
0.5
0.5
0.5
0.4
0.4
0.4
0.5
0.5
0.6
0.5
0.5
0.6
0.6
0.8
0.8
1.0
1.0
1.1
1.2
1.2
1.2
1.1
1.0
0.9
0.8
0.7
0.7
0.6
0.6
0.6
0.6
0.5
0.5
0.4
0.5
0.5
0.6
0.6
0.7
0.8
0.9
1.0
1.0
1.1
1.1
1.1
1.1
1.1
1.0
1.0
1.0
1.0
1.1
1.2
1.3
1.5
1.9
2.3
2.7
3.2
3.9
4.7
5.7
6.9
8.1
9.5
11.1
12.8
14.7
16.6
18.5
20.5
22.5
24.5
26.5
28.4
30.3
32.0
33.6
35.0
36.3
37.5
38.5
39.5
40.2
40.8
41.3
41.7
41.9
41.8
41.5
41.0
40.3
39.3
38.2
36.9
35.5
34.0
32.4
30.9
29.3
27.8
26.3
24.8
23.4
22.0
20.6
19.2
17.8
16.6
15.4
14.4
13.5
12.7
12.0
11.4
10.9
10.5
10.0
9.6
9.1
8.6
8.1
7.6
7.2
6.8
6.4
6.2
5.9
5.6
5.4
5.2
5.0
4.9
4.8
4.6
4.4
4.2
4.1
4.0
3.8
3.6
3.4
3.2
3.0
2.9
2.7
2.5
2.3
2.1
1.9
1.9
1.8
1.7
1.6
1.5
1.4
1.4
1.3
1.2
1.0
0.9
0.7
0.5
0.3
0.1
0.0
-0.1
-0.2
-0.3
-0.3
-0.3
-0.2
-0.2
-0.2
-0.2
-0.2
-0.3
-0.4
-0.4
-0.5
-0.6
-0.7
-0.8
-0.8
-0.9
-1.0
-1.1
-1.1
-1.2
-1.2
-1.3
-1.4
-1.4
-1.5
-1.6
-1.6
-1.5
-1.5
-1.6
-1.6
-1.6
-1.6
-1.7
-1.7
-1.8
-1.9
-2.0
-2.0
-2.1
-2.1
-2.2
-2.2
-2.2
-2.3
-2.3
-2.4
-2.5
-2.5
-2.5
-2.6
-2.6
-2.6
-2.6
-2.7
-2.6
-2.5
-2.5
-2.5
-2.6
-2.6
-2.7
-2.7
-2.8
-2.8
-2.9
-3.0
-3.0
-3.0
-2.9
-2.8
-2.8
-2.9
-2.8
-2.7
-2.7
-2.8
-2.9
-3.0
-3.0
-3.1
-3.2
-3.3
-3.3
-3.3
-3.3
-3.3
-3.3
-3.3
-3.3
-3.3
-3.3
-3.2
-3.2
-3.2
-3.2
-3.3
-3.3
-3.4
-3.5
-3.6
-3.7
-3.7
-3.7
-3.8
-3.8
-3.8
-3.8
-3.8
-3.8
-3.8
-3.9
-3.9
-3.9
-4.0
-4.0
-4.0
-3.9
-3.9
-3.9
-3.9
-3.9
-3.8
-3.7
-3.7
-3.7
-3.7
-3.8
-3.9
-3.9
-4.0
-4.1
-4.2
-4.3
-4.4
-4.5
-4.5
-4.5
-4.4
-4.3
-4.3
-4.3
-4.2
-4.2
-4.1
-4.1
-4.1
-4.2
-4.2
-4.2
-4.2
-4.3
-4.4
-4.4
-4.4
-4.4
-4.4
-4.3
-4.3
-4.2
-4.1
-4.1
-4.1
-4.0
-4.0
-4.0
-4.0
-3.9
-3.9
-3.8
-3.7
-3.6
-3.5
-3.5
-3.5
-3.5
-3.5
-3.5
-3.5
-3.5
-3.5
-3.5
-3.5
-3.6
-3.6
-3.6
-3.5
-3.5
-3.5
-3.5
-3.5
-3.5
-3.6
-3.7
-3.7
-3.7
-3.7
-3.7
-3.6
-3.6
-3.5
-3.4
-3.3
-3.2
-3.2
-3.1
-3.1
-3.1
-3.1
-3.0
-3.0
-3.1
-3.2
-3.2
-3.3
-3.4
-3.4
-3.4
-3.3
-3.3
-3.2
-3.1
-3.0
-2.9
-2.9
-2.9
-3.0
-3.0
-3.1
-3.2
-3.3
-3.3
-3.4
-3.4
-3.5
-3.5
-3.6
-3.7
-3.8
-3.9
-4.0
-4.0
-4.0
-3.9
-3.8
-3.7
-3.5
-3.4
-3.2
-3.2
-3.1
-3.1
-3.1
-3.1
-3.1
-3.1
-3.1
-3.2
-3.2
-3.2
-3.2
-3.2
-3.3
-3.3
-3.3
-3.2
-3.2
-3.1
-3.1
-3.1
-3.0
-3.0
-3.0
-3.0
-3.0
-3.0
-3.1
-3.1
-3.2
-3.2
-3.2
-3.2
-3.1
-3.1
-3.1
-3.1
-3.1
-3.2
-3.2
-3.2
-3.3
-3.3
-3.3
-3.3
-3.2
-3.2
-3.2
-3.2
-3.2
-3.2
-3.3
-3.4
-3.5
-3.5
-3.5
-3.5
-3.5
-3.5
-3.3
-3.2
-3.1
-3.1
-3.0
-3.0
-3.0
-3.0
-3.0
-3.1
-3.2
-3.3
-3.3
-3.4
-3.4
-3.4
-3.5
-3.4
-3.4
-3.3
-3.2
-3.1
-3.1
-3.0
-2.9
-2.9
-2.9
-2.9
-3.0
-3.0
-3.0
-3.0
-3.0
-3.0
-3.0
-3.0
-3.0
-3.0
-3.0
-3.0
-3.0
-3.0
-3.0
-3.0
-3.0
-3.0
-3.0
-3.0
-3.0
-3.0
-3.0
-3.0
-3.0
-3.0
-3.0
-3.0
-3.0
-3.1
-3.1
-3.2
-3.2
-3.2
-3.3
-3.3
-3.3
-3.3
-3.3
-3.3
-3.2
-3.2
-3.1
-3.0
-2.9
-2.8
-2.7
-2.6
-2.5
-2.5
-2.4
-2.4
-2.4
-2.3
-2.2
-2.2
-2.2
-2.2
-2.2
-2.1
-2.0
-1.9
-1.7
-1.5
-1.2
-0.8
-0.2
0.4
1.1
1.9
2.9
4.0
5.2
6.4
7.7
9.2
10.7
12.3
13.9
15.4
16.9
18.4
19.8
21.2
22.5
23.7
24.7
25.5
26.2
26.7
27.1
27.4
27.6
27.6
27.5
27.3
27.0
26.7
26.2
25.5
24.8
23.9
23.0
22.1
21.1
20.2
19.2
18.3
17.4
16.6
15.7
14.8
14.0
13.1
12.3
11.4
10.5
9.7
9.0
8.3
7.7
7.2
6.8
6.4
6.2
6.0
5.7
5.4
5.1
4.8
4.6
4.3
3.9
3.6
3.2
3.0
2.8
2.7
2.5
2.4
2.3
2.2
2.2
2.2
2.0
1.9
1.8
1.6
1.5
1.3
1.2
1.1
1.0
0.8
0.7
0.6
0.5
0.4
0.3
0.2
0.2
0.1
0.0
0.0
0.0
0.0
-0.1
-0.3
-0.4
-0.5
-0.7
-0.8
-0.8
-0.9
-1.0
-1.0
-1.0
-1.0
-1.0
-1.0
-1.1
-1.1
-1.2
-1.2
-1.3
-1.4
-1.6
-1.7
-1.8
-2.0
-2.0
-2.1
-2.1
-2.1
-2.0
-2.0
-1.9
-1.8
-1.8
-1.7
-1.7
-1.7
-1.7
-1.7
-1.8
-1.9
-2.1
-2.2
-2.3
-2.5
-2.6
-2.8
-2.9
-2.9
-3.0
-3.0
-3.0
-3.0
-2.9
-2.9
-2.8
-2.7
-2.7
-2.7
-2.7
-2.7
-2.7
-2.8
-2.8
-2.9
-3.0
-3.0
-3.2
-3.3
-3.4
-3.5
-3.5
-3.5
-3.6
-3.5
-3.5
-3.5
-3.4
-3.2
-3.2
-3.1
-3.0
-2.9
-2.9
-2.9
-2.9
-3.0
-3.1
-3.2
-3.4
-3.6
-3.7
-3.8
-3.9
-3.9
-4.0
-4.0
-4.0
-4.0
-4.0
-4.0
-4.0
-4.0
-3.9
-3.9
-3.8
-3.8
-3.8
-3.7
-3.7
-3.7
-3.7
-3.7
-3.8
-3.8
-3.8
-3.9
-3.9
-4.0
-4.0
-4.0
-4.1
-4.1
-4.1
-4.0
-3.9
-3.8
-3.7
-3.7
-3.6
-3.6
-3.5
-3.6
-3.7
-3.8
-3.8
-3.8
-3.9
-4.0
-4.1
-4.1
-4.1
-4.1
-4.1
-4.1
-4.1
-4.1
-4.1
-4.0
-4.0
-4.0
-4.0
-4.0
-4.0
-4.0
-4.1
-4.1
-4.1
-4.1
-4.0
-3.9
-3.9
-3.9
-3.8
-3.8
-3.9
-3.9
-3.9
-4.0
-4.0
-4.0
-4.0
-4.0
-4.0
-3.9
-3.8
-3.8
-3.8
-3.9
-3.9
-3.9
-3.9
-3.8
-3.8
-3.9
-4.0
-4.1
-4.1
-4.1
-4.1
-4.1
-4.0
-4.0
-4.0
-3.9
-3.9
-3.8
-3.8
-3.8
-3.7
-3.7
-3.6
-3.5
-3.5
-3.5
-3.5
-3.5
-3.5
-3.6
-3.6
-3.6
-3.5
-3.5
-3.4
-3.5
-3.5
-3.5
-3.5
-3.5
-3.6
-3.6
-3.7
-3.6
-3.6
-3.6
-3.6
-3.6
-3.6
-3.7
-3.7
-3.6
-3.6
-3.6
-3.5
-3.5
-3.4
-3.4
-3.4
-3.4
-3.4
-3.4
-3.3
-3.2
-3.0
-2.9
-2.8
-2.8
-2.8
-2.9
-3.0
-3.1
-3.3
-3.4
-3.5
-3.4
-3.4
-3.4
-3.3
-3.2
-3.2
-3.1
-3.2
-3.2
-3.2
-3.3
-3.3
-3.2
-3.1
-3.0
-3.0
-3.0
-2.9
-2.9
-2.9
-3.0
-3.0
-3.1
-3.1
-3.2
-3.1
-3.1
-3.0
-2.9
-2.8
-2.7
-2.7
-2.7
-2.7
-2.7
-2.7
-2.7
-2.8
-2.9
-3.0
-3.0
-3.1
-3.2
-3.2
-3.1
-3.1
-3.0
-2.9
-2.8
-2.7
-2.7
-2.7
-2.7
-2.8
-2.8
-2.8
-2.8
-2.8
-2.8
-2.7
-2.6
-2.6
-2.5
-2.5
-2.5
-2.6
-2.6
-2.6
-2.6
-2.6
-2.6
-2.5
-2.5
-2.5
-2.5
-2.6
-2.6
-2.7
-2.7
-2.7
-2.7
-2.7
-2.6
-2.5
-2.4
-2.4
-2.4
-2.4
-2.4
-2.5
-2.6
-2.7
-2.8
-2.8
-2.8
-2.8
-2.8
-2.7
-2.6
-2.4
-2.3
-2.2
-2.1
-2.0
-1.9
-1.8
-1.8
-1.7
-1.7
-1.7
-1.7
-1.6
-1.6
-1.5
-1.5
-1.5
-1.5
-1.5
-1.5
-1.6
-1.6
-1.6
-1.7
-1.7
-1.8
-1.7
-1.7
-1.7
-1.8
-1.9
-1.9
-1.9
-2.0
-1.9
-1.9
-1.8
-1.7
-1.6
-1.5
-1.4
-1.4
-1.4
-1.4
-1.5
-1.5
-1.6
-1.7
-1.7
-1.7
-1.7
-1.6
-1.6
-1.6
-1.6
-1.5
-1.4
-1.4
-1.3
-1.3
-1.3
-1.3
-1.3
-1.3
-1.3
-1.2
-1.2
-1.3
-1.3
-1.4
-1.4
-1.4
-1.5
-1.6
-1.7
-1.8
-1.9
-1.9
-1.8
-1.8
-1.7
-1.6
-1.5
-1.4
-1.4
-1.4
-1.4
-1.4
-1.3
-1.3
-1.2
-1.2
-1.2
-1.2
-1.2
-1.2
-1.3
-1.3
-1.3
-1.4
-1.4
-1.4
-1.3
-1.2
-1.1
-1.0
-1.0
-1.0
-1.1
-1.1
-1.1
-1.2
-1.2
-1.2
-1.2
-1.2
-1.1
-1.1
-1.1
-1.1
-1.2
-1.2
-1.2
-1.2
-1.1
-1.1
-1.1
-1.1
-1.1
-1.1
-1.1
-1.0
-1.0
-0.9
-0.9
-0.9
-0.9
-0.9
-0.9
-1.0
-1.1
-1.1
-1.1
-1.1
-1.1
-1.0
-1.0
-1.1
-1.1
-1.1
-1.1
-1.1
-1.1
-1.1
-1.0
-0.9
-0.8
-0.8
-0.7
-0.7
-0.7
-0.8
-0.8
-1.0
-1.0
-1.1
-1.1
-1.0
-1.0
-1.0
-1.0
-1.1
-1.1
-1.2
-1.2
-1.3
-1.3
-1.2
-1.2
-1.1
-1.0
-0.9
-0.8
-0.8
-0.8
-0.8
-0.9
-1.0
-1.1
-1.1
-1.1
-1.1
-1.1
-1.0
-1.0
-0.9
-0.8
-0.7
-0.6
-0.6
-0.7
-0.6
-0.6
-0.6
-0.6
-0.7
-0.8
-0.8
-0.8
-0.7
-0.7
-0.7
-0.7
-0.6
-0.6
-0.6
-0.7
-0.6
-0.6
-0.5
-0.5
-0.4
-0.3
-0.2
0.0
0.1
0.3
0.4
0.7
1.1
1.7
2.4
3.2
4.3
5.6
7.0
8.6
10.3
12.1
14.1
16.1
18.1
20.2
22.3
24.4
26.5
28.6
30.6
32.4
34.1
35.7
37.2
38.5
39.7
40.7
41.7
42.5
43.3
43.9
44.5
44.8
44.9
44.8
44.5
43.9
43.2
42.4
41.5
40.4
39.3
38.0
36.7
35.4
34.0
32.5
30.9
29.3
27.7
26.2
24.7
23.3
22.1
21.0
20.1
19.2
18.5
17.8
17.1
16.5
15.8
15.1
14.4
13.6
12.8
12.0
11.2
10.4
9.8
9.4
9.0
8.8
8.6
8.5
8.3
8.1
7.9
7.6
7.3
7.0
6.7
6.4
6.2
6.0
5.8
5.6
5.4
5.1
4.8
4.5
4.2
4.0
3.8
3.6
3.5
3.5
3.5
3.5
3.5
3.5
3.4
3.3
3.2
3.0
2.8
2.6
2.4
2.2
2.0
1.8
1.7
1.6
1.5
1.3
1.1
1.0
0.9
0.7
0.6
0.5
0.5
0.4
0.4
0.4
0.4
0.3
0.3
0.2
0.1
0.0
0.0
-0.1
-0.2
-0.3
-0.3
-0.4
-0.4
-0.4
-0.5
-0.7
-0.8
-1.0
-1.1
-1.2
-1.3
-1.4
-1.5
-1.5
-1.5
-1.4
-1.3
-1.3
-1.3
-1.3
-1.4
-1.5
-1.6
-1.7
-1.8
-2.0
-2.2
-2.3
-2.4
-2.4
-2.5
-2.5
-2.5
-2.4
-2.3
-2.2
-2.2
-2.1
-2.1
-2.1
-2.2
-2.3
-2.4
-2.4
-2.4
-2.5
-2.5
-2.6
-2.6
-2.7
-2.6
-2.6
-2.6
-2.7
-2.7
-2.7
-2.8
-2.9
-2.9
-3.0
-3.1
-3.2
-3.3
-3.3
-3.3
-3.4
-3.3
-3.3
-3.3
-3.4
-3.5
-3.5
-3.6
-3.7
-3.8
-3.8
-3.9
-3.9
-3.9
-4.1
-4.3
-4.6
-4.9
-5.1
-5.1
-5.1
-5.1
-5.0
-5.0
-4.8
-4.6
-4.4
-4.4
-4.5
-4.6
-4.6
-4.6
-4.6
-4.6
-4.6
-4.6
-4.7
-4.8
-4.9
-5.0
-5.1
-5.2
-5.3
-5.3
-5.4
-5.5
-5.6
-5.7
-5.8
-5.8
-5.8
-5.8
-5.8
-5.8
-5.8
-5.8
-5.9
-6.0
-6.0
-6.1
-6.2
-6.3
-6.3
-6.3
-6.2
-6.2
-6.1
-6.1
-6.0
-6.0
-6.0
-6.0
-6.0
-6.0
-6.0
-6.0
-6.0
-5.9
-5.9
-5.9
-5.9
-5.8
-5.7
-5.7
-5.7
-5.6
-5.6
-5.6
-5.7
-5.7
-5.7
-5.7
-5.7
-5.7
-5.7
-5.7
-5.7
-5.6
-5.6
-5.6
-5.6
-5.6
-5.6
-5.6
-5.6
-5.6
-5.5
-5.5
-5.5
-5.5
-5.5
-5.5
-5.5
-5.5
-5.5
-5.5
-5.5
-5.5
-5.5
-5.5
-5.6
-5.6
-5.6
-5.5
-5.5
-5.4
-5.3
-5.2
-5.1
-5.1
-5.1
-5.2
-5.2
-5.2
-5.2
-5.1
-5.1
-5.0
-5.0
-5.0
-5.0
-5.1
-5.2
-5.2
-5.3
-5.3
-5.4
-5.5
-5.5
-5.5
-5.5
-5.5
-5.5
-5.5
-5.5
-5.4
-5.4
-5.3
-5.2
-5.2
-5.2
-5.2
-5.1
-5.0
-5.0
-5.0
-5.0
-5.1
-5.1
-5.1
-5.0
-5.0
-5.0
-5.0
-4.9
-4.8
-4.6
-4.5
-4.3
-4.3
-4.2
-4.1
-4.0
-3.9
-3.9
-4.0
-4.0
-4.0
-4.0
-4.1
-4.2
-4.2
-4.3
-4.3
-4.3
-4.3
-4.3
-4.3
-4.3
-4.2
-4.2
-4.2
-4.2
-4.2
-4.2
-4.2
-4.1
-4.1
-4.0
-4.0
-4.0
-4.0
-3.9
-3.9
-4.0
-4.0
-4.0
-4.0
-4.0
-4.0
-4.0
-4.0
-4.0
-3.9
-3.9
-3.9
-4.0
-4.1
-4.1
-4.1
-4.1
-4.1
-4.0
-3.9
-3.8
-3.8
-3.7
-3.7
-3.7
-3.7
-3.8
-3.9
-3.9
-3.8
-3.7
-3.7
-3.6
-3.5
-3.4
-3.4
-3.4
-3.4
-3.4
-3.3
-3.3
-3.3
-3.3
-3.4
-3.4
-3.4
-3.4
-3.5
-3.5
-3.4
-3.4
-3.3
-3.2
-3.2
-3.2
-3.2
-3.2
-3.3
-3.4
-3.4
-3.5
-3.6
-3.7
-3.7
-3.8
-3.7
-3.6
-3.5
-3.4
-3.3
-3.2
-3.0
-2.9
-2.8
-2.8
-2.9
-3.1
-3.3
-3.4
-3.4
-3.4
-3.3
-3.3
-3.2
-3.0
-2.7
-2.5
-2.4
-2.3
-2.2
-2.2
-2.0
-1.9
-1.8
-1.6
-1.6
-1.5
-1.5
-1.5
-1.5
-1.6
-1.7
-1.8
-1.9
-2.0
-2.1
-2.1
-2.1
-2.1
-2.1
-2.1
-2.1
-2.1
-2.0
-1.9
-1.9
-1.9
-1.9
-2.0
-2.0
-2.1
-2.1
-2.1
-2.1
-2.1
-2.1
-2.1
-2.1
-2.1
-2.2
-2.3
-2.3
-2.3
-2.4
-2.5
-2.5
-2.4
-2.3
-2.2
-2.2
-2.2
-2.3
-2.3
-2.2
-2.2
-2.1
-2.1
-2.0
-1.9
-1.8
-1.7
-1.6
-1.6
-1.7
-1.8
-1.8
-1.8
-1.9
-2.0
-2.0
-2.0
-2.0
-2.0
-2.0
-2.0
-1.9
-1.9
-1.9
-1.8
-1.8
-1.7
-1.7
-1.7
-1.8
-1.9
-2.0
-2.1
-2.2
-2.2
-2.2
-2.2
-2.2
-2.1
-2.0
-1.9
-1.8
-1.8
-1.8
-1.8
-1.8
-1.8
-1.7
-1.8
-1.8
-1.8
-1.8
-1.8
-1.9
-2.0
-2.1
-2.1
-2.2
-2.2
-2.2
-2.1
-2.1
-2.0
-2.0
-2.0
-1.9
-1.9
-1.9
-1.9
-1.9
-1.8
-1.8
-1.8
-1.7
-1.7
-1.6
-1.6
-1.6
-1.5
-1.5
-1.5
-1.5
-1.4
-1.5
-1.5
-1.5
-1.6
-1.7
-1.7
-1.7
-1.7
-1.7
-1.7
-1.7
-1.6
-1.6
-1.5
-1.5
-1.5
-1.5
-1.5
-1.5
-1.6
-1.7
-1.7
-1.8
-1.8
-1.8
-1.7
-1.6
-1.5
-1.4
-1.2
-1.1
-1.0
-0.9
-0.9
-0.9
-1.0
-1.1
-1.3
-1.6
-1.8
-2.1
-2.2
-2.3
-2.3
-2.2
-2.0
-1.8
-1.6
-1.3
-1.1
-1.0
-0.9
-0.8
-0.8
-0.7
-0.7
-0.6
-0.6
-0.5
-0.4
-0.4
-0.4
-0.5
-0.5
-0.6
-0.7
-0.8
-0.9
-0.9
-1.0
-1.0
-1.0
-0.9
-0.8
-0.6
-0.6
-0.5
-0.5
-0.5
-0.5
-0.6
-0.6
-0.7
-0.8
-0.8
-0.8
-0.8
-0.7
-0.7
-0.6
-0.6
-0.6
-0.6
-0.5
-0.5
-0.5
-0.4
-0.4
-0.4
-0.4
-0.4
-0.5
-0.6
-0.7
-0.7
-0.8
-0.8
-0.8
-0.7
-0.7
-0.7
-0.8
-0.8
-0.9
-1.0
-1.1
-1.2
-1.2
-1.1
-1.1
-1.0
-0.9
-0.8
-0.7
-0.7
-0.7
-0.7
-0.7
-0.8
-0.8
-0.9
-0.9
-0.9
-0.8
-0.8
-0.8
-0.8
-0.8
-0.7
-0.6
-0.5
-0.5
-0.5
-0.4
-0.4
-0.5
-0.5
-0.5
-0.6
-0.7
-0.8
-0.8
-0.8
-0.9
-0.8
-0.8
-0.8
-0.7
-0.7
-0.6
-0.6
-0.5
-0.5
-0.4
-0.4
-0.4
-0.4
-0.4
-0.5
-0.5
-0.6
-0.6
-0.6
-0.7
-0.7
-0.7
-0.6
-0.5
-0.4
-0.4
-0.4
-0.3
-0.3
-0.3
-0.3
-0.4
-0.4
-0.5
-0.5
-0.5
-0.5
-0.5
-0.5
-0.5
-0.5
-0.5
-0.4
-0.4
-0.4
-0.4
-0.4
-0.4
-0.4
-0.4
-0.4
-0.5
-0.6
-0.7
-0.8
-0.8
-0.9
-0.9
-0.9
-0.8
-0.8
-0.6
-0.5
-0.4
-0.3
-0.2
-0.2
-0.3
-0.3
-0.4
-0.5
-0.5
-0.6
-0.6
-0.6
-0.6
-0.6
-0.6
-0.6
-0.6
-0.6
-0.6
-0.5
-0.5
-0.5
-0.5
-0.5
-0.5
-0.5
-0.5
-0.6
-0.7
-0.8
-0.8
-0.8
-0.8
-0.8
-0.9
-1.0
-1.0
-0.9
-0.8
-0.7
-0.6
-0.5
-0.4
-0.3
-0.3
-0.2
-0.3
-0.4
-0.5
-0.6
-0.8
-0.8
-0.8
-0.8
-0.8
-0.7
-0.6
-0.5
-0.5
-0.4
-0.5
-0.6
-0.7
-0.8
-0.8
-0.9
-0.9
-0.9
-0.9
-0.8
-0.8
-0.7
-0.6
-0.6
-0.6
-0.6
-0.6
-0.6
-0.6
-0.6
-0.6
-0.6
-0.5
-0.5
-0.4
-0.3
-0.3
-0.3
-0.3
-0.4
-0.5
-0.5
-0.5
-0.5
-0.6
-0.5
-0.4
-0.3
-0.2
-0.1
0.0
0.0
0.1
0.3
0.5
0.8
1.1
1.6
2.1
2.7
3.4
4.2
5.0
5.8
6.7
7.6
8.5
9.4
10.4
11.3
12.3
13.2
14.2
15.0
15.8
16.5
17.2
17.7
18.2
18.5
18.8
19.1
19.2
19.3
19.3
19.3
19.1
18.8
18.4
18.0
17.4
16.8
16.2
15.5
14.8
14.0
13.3
12.5
11.8
11.1
10.4
9.8
9.3
8.9
8.5
8.1
7.7
7.3
6.9
6.5
6.1
5.6
5.2
4.9
4.6
4.4
4.2
4.0
3.8
3.7
3.6
3.5
3.4
3.3
3.2
3.1
3.0
2.9
2.8
2.7
2.5
2.4
2.2
2.0
1.9
1.7
1.6
1.5
1.4
1.4
1.3
1.4
1.3
1.3
1.2
1.2
1.2
1.2
1.1
1.1
1.1
1.1
1.1
1.1
1.0
1.0
0.9
0.8
0.7
0.6
0.6
0.5
0.5
0.5
0.5
0.4
0.4
0.4
0.4
0.4
0.4
0.4
0.4
0.3
0.3
0.2
0.1
0.0
0.0
0.0
0.0
-0.1
-0.1
-0.1
-0.1
-0.1
-0.1
-0.1
-0.1
-0.2
-0.2
-0.2
-0.2
-0.2
-0.2
-0.2
-0.2
-0.1
-0.1
-0.1
0.0
0.0
0.0
0.0
0.0
0.0
0.0
-0.1
-0.2
-0.3
-0.3
-0.4
-0.4
-0.5
-0.6
-0.6
-0.6
-0.6
-0.7
-0.7
-0.7
-0.6
-0.6
-0.5
-0.4
-0.4
-0.3
-0.2
-0.2
-0.1
-0.2
-0.2
-0.3
-0.4
-0.5
-0.5
-0.5
-0.6
-0.6
-0.6
-0.6
-0.6
-0.6
-0.7
-0.7
-0.8
-0.9
-1.0
-1.0
-1.1
-1.1
-1.2
-1.2
-1.2
-1.2
-1.1
-1.1
-1.1
-1.1
-1.1
-1.1
-1.1
-1.1
-1.0
-1.0
-0.9
-0.8
-0.7
-0.6
-0.6
-0.5
-0.6
-0.6
-0.7
-0.8
-1.0
-1.0
-1.0
-1.0
-1.0
-1.0
-1.0
-1.0
-0.9
-0.9
-0.8
-0.9
-0.9
-0.9
-0.8
-0.8
-0.8
-0.8
-1.0
-1.1
-1.2
-1.3
-1.4
-1.6
-1.7
-1.7
-1.8
-1.7
-1.6
-1.5
-1.4
-1.3
-1.2
-1.2
-1.2
-1.1
-1.1
-1.2
-1.2
-1.3
-1.4
-1.4
-1.4
-1.4
-1.4
-1.4
-1.4
-1.4
-1.3
-1.3
-1.3
-1.2
-1.2
-1.2
-1.2
-1.2
-1.3
-1.3
-1.4
-1.6
-1.7
-1.7
-1.8
-1.8
-1.8
-1.7
-1.6
-1.5
-1.4
-1.4
-1.4
-1.4
-1.5
-1.5
-1.5
-1.6
-1.7
-1.8
-1.8
-1.8
-1.9
-1.9
-2.0
-2.1
-2.1
-2.2
-2.2
-2.2
-2.2
-2.2
-2.2
-2.2
-2.2
-2.2
-2.2
-2.3
-2.3
-2.3
-2.2
-2.2
-2.2
-2.1
-2.0
-2.0
-1.9
-1.8
-1.7
-1.6
-1.5
-1.4
-1.3
-1.3
-1.3
-1.3
-1.5
-1.6
-1.8
-1.9
-2.0
-2.0
-2.0
-1.9
-1.8
-1.6
-1.3
-0.9
-0.4
0.1
0.7
1.5
2.4
3.4
4.6
5.8
7.1
8.5
10.1
11.7
13.3
15.0
16.7
18.5
20.2
21.9
23.6
25.3
26.9
28.7
30.4
32.1
33.9
35.6
37.2
38.9
40.4
41.9
43.2
44.4
45.5
46.6
47.5
48.4
49.2
49.8
50.3
50.7
51.1
51.3
51.4
51.4
51.3
51.3
51.1
50.8
50.4
49.9
49.4
48.7
47.8
46.8
45.7
44.5
43.2
41.8
40.3
38.7
37.1
35.4
33.8
32.1
30.6
29.1
27.7
26.4
25.2
24.0
22.8
21.6
20.4
19.3
18.2
17.2
16.2
15.2
14.3
13.5
12.9
12.3
11.9
11.5
11.1
10.9
10.7
10.5
10.3
10.0
9.6
9.2
8.8
8.3
7.9
7.5
7.1
6.7
6.4
6.2
6.0
5.9
5.7
5.5
5.3
5.0
4.8
4.5
4.1
3.9
3.7
3.5
3.2
3.0
2.8
2.6
2.5
2.3
2.1
2.0
1.8
1.7
1.6
1.5
1.4
1.2
1.0
0.9
0.8
0.6
0.6
0.5
0.3
0.2
0.0
-0.1
-0.4
-0.6
-0.8
-0.9
-1.1
-1.2
-1.3
-1.4
-1.4
-1.3
-1.4
-1.4
-1.4
-1.4
-1.4
-1.5
-1.6
-1.6
-1.7
-1.9
-2.0
-2.1
-2.2
-2.3
-2.4
-2.6
-2.7
-2.8
-2.9
-3.1
-3.3
-3.4
-3.5
-3.6
-3.7
-3.7
-3.7
-3.7
-3.6
-3.7
-3.7
-3.7
-3.8
-3.9
-3.9
-4.0
-4.1
-4.1
-4.2
-4.3
-4.4
-4.4
-4.5
-4.5
-4.6
-4.5
-4.5
-4.5
-4.5
-4.5
-4.5
-4.6
-4.7
-4.7
-4.8
-4.8
-4.9
-4.8
-4.9
-4.9
-4.9
-5.0
-5.1
-5.2
-5.3
-5.4
-5.5
-5.5
-5.5
-5.4
-5.4
-5.3
-5.2
-5.2
-5.1
-5.2
-5.3
-5.3
-5.4
-5.5
-5.5
-5.6
-5.7
-5.7
-5.7
-5.8
-5.8
-5.9
-5.9
-5.9
-6.0
-6.0
-6.1
-6.1
-6.1
-6.1
-6.1
-6.1
-6.1
-6.1
-6.1
-6.1
-6.1
-6.1
-6.2
-6.1
-6.0
-5.9
-5.8
-5.7
-5.7
-5.6
-5.6
-5.6
-5.6
-5.7
-5.7
-5.7
-5.7
-5.6
-5.6
-5.6
-5.6
-5.6
-5.6
-5.7
-5.7
-5.8
-5.8
-5.9
-5.9
-5.9
-5.9
-5.8
-5.7
-5.7
-5.7
-5.7
-5.7
-5.8
-5.8
-6.0
-6.1
-6.2
-6.3
-6.4
-6.4
-6.4
-6.4
-6.3
-6.3
-6.2
-6.1
-6.1
-6.1
-6.1
-6.2
-6.3
-6.4
-6.4
-6.5
-6.6
-6.7
-6.7
-6.8
-6.7
-6.6
-6.5
-6.5
-6.4
-6.4
-6.3
-6.3
-6.2
-6.3
-6.3
-6.4
-6.4
-6.4
-6.4
-6.5
-6.5
-6.5
-6.6
-6.6
-6.6
-6.6
-6.7
-6.7
-6.7
-6.7
-6.7
-6.6
-6.5
-6.5
-6.4
-6.4
-6.4
-6.4
-6.5
-6.7
-6.9
-6.9
-7.0
-7.0
-7.0
-6.9
-6.7
-6.6
-6.5
-6.3
-6.2
-6.2
-6.2
-6.2
-6.1
-6.1
-6.1
-6.1
-6.1
-6.1
-6.2
-6.3
-6.3
-6.4
-6.4
-6.4
-6.4
-6.4
-6.3
-6.1
-6.0
-5.9
-5.9
-5.9
-5.9
-5.9
-5.9
-6.0
-6.1
-6.1
-6.1
-6.2
-6.2
-6.2
-6.1
-6.1
-6.0
-5.9
-5.8
-5.7
-5.6
-5.6
-5.5
-5.4
-5.4
-5.4
-5.4
-5.5
-5.5
-5.6
-5.6
-5.7
-5.7
-5.7
-5.7
-5.7
-5.6
-5.6
-5.6
-5.7
-5.7
-5.8
-5.8
-5.9
-5.9
-5.9
-5.9
-5.9
-5.8
-5.9
-5.9
-5.9
-5.8
-5.8
-5.8
-5.8
-5.8
-5.8
-5.7
-5.6
-5.6
-5.5
-5.4
-5.4
-5.4
-5.3
-5.3
-5.3
-5.2
-5.3
-5.3
-5.5
-5.6
-5.6
-5.6
-5.6
-5.6
-5.6
-5.6
-5.6
-5.6
-5.6
-5.6
-5.6
-5.7
-5.7
-5.8
-5.8
-5.8
-5.7
-5.7
-5.6
-5.6
-5.5
-5.5
-5.5
-5.4
-5.3
-5.2
-5.1
-5.1
-5.1
-5.1
-5.1
-5.2
-5.3
-5.4
-5.5
-5.5
-5.5
-5.5
-5.4
-5.2
-5.0
-4.9
-4.7
-4.6
-4.5
-4.5
-4.5
-4.6
-4.7
-4.8
-4.9
-5.0
-5.0
-5.1
-5.0
-5.0
-4.9
-4.8
-4.7
-4.7
-4.6
-4.5
-4.3
-4.2
-4.2
-4.2
-4.2
-4.2
-4.3
-4.4
-4.5
-4.5
-4.6
-4.6
-4.7
-4.7
-4.7
-4.6
-4.6
-4.6
-4.5
-4.4
-4.3
-4.2
-4.0
-3.9
-3.9
-3.8
-3.9
-3.9
-4.0
-4.0
-4.1
-4.2
-4.3
-4.3
-4.3
-4.3
-4.3
-4.3
-4.3
-4.3
-4.3
-4.2
-4.2
-4.3
-4.3
-4.3
-4.3
-4.3
-4.3
-4.3
-4.3
-4.2
-4.2
-4.2
-4.2
-4.2
-4.2
-4.3
-4.2
-4.2
-4.1
-4.1
-4.0
-4.0
-3.9
-3.9
-3.8
-3.8
-3.7
-3.7
-3.8
-3.8
-3.9
-4.0
-3.9
-3.9
-3.8
-3.9
-3.9
-3.9
-3.8
-3.8
-3.8
-3.9
-3.9
-4.0
-4.0
-4.0
-4.0
-4.0
-4.1
-4.1
-4.2
-4.3
-4.4
-4.5
-4.5
-4.5
-4.4
-4.4
-4.3
-4.1
-4.0
-3.8
-3.7
-3.5
-3.4
-3.2
-3.1
-3.0
-2.9
-2.8
-2.8
-2.8
-2.9
-3.1
-3.3
-3.6
-3.8
-4.0
-4.1
-4.2
-4.2
-4.1
-4.0
-3.9
-3.7
-3.6
-3.5
-3.5
-3.5
-3.4
-3.5
-3.5
-3.5
-3.5
-3.6
-3.6
-3.6
-3.7
-3.6
-3.6
-3.5
-3.5
-3.5
-3.4
-3.3
-3.3
-3.2
-3.2
-3.2
-3.2
-3.2
-3.2
-3.2
-3.3
-3.3
-3.5
-3.6
-3.7
-3.7
-3.7
-3.7
-3.6
-3.5
-3.3
-3.2
-3.0
-2.8
-2.7
-2.7
-2.6
-2.7
-2.8
-2.9
-3.0
-3.1
-3.2
-3.3
-3.3
-3.3
-3.3
-3.3
-3.2
-3.2
-3.1
-3.1
-3.2
-3.2
-3.2
-3.2
-3.3
-3.3
-3.3
-3.2
-3.2
-3.2
-3.1
-3.1
-3.2
-3.2
-3.3
-3.4
-3.4
-3.5
-3.5
-3.4
-3.3
-3.1
-3.0
-2.9
-2.9
-2.9
-2.9
-2.9
-3.0
-3.0
-3.0
-3.0
-3.0
-3.0
-3.0
-3.0
-2.9
-2.9
-2.8
-2.8
-2.8
-2.7
-2.7
-2.6
-2.5
-2.5
-2.4
-2.4
-2.3
-2.2
-2.2
-2.2
-2.3
-2.4
-2.4
-2.4
-2.4
-2.4
-2.3
-2.3
-2.2
-2.2
-2.2
-2.2
-2.1
-2.2
-2.2
-2.3
-2.3
-2.2
-2.2
-2.2
-2.2
-2.2
-2.2
-2.2
-2.3
-2.4
-2.5
-2.5
-2.5
-2.6
-2.6
-2.5
-2.4
-2.4
-2.3
-2.2
-2.2
-2.1
-2.1
-2.1
-2.1
-2.1
-2.2
-2.2
-2.2
-2.2
-2.3
-2.3
-2.3
-2.3
-2.3
-2.3
-2.2
-2.2
-2.2
-2.2
-2.2
-2.2
-2.2
-2.2
-2.2
-2.2
-2.2
-2.0
-2.0
-1.9
-1.8
-1.6
-1.6
-1.5
-1.5
-1.4
-1.4
-1.4
-1.4
-1.4
-1.4
-1.3
-1.1
-0.9
-0.6
-0.2
0.2
0.8
1.7
2.6
3.7
4.9
6.1
7.3
8.6
9.9
11.2
12.4
13.6
14.8
15.9
17.0
18.1
19.1
20.0
20.8
21.6
22.3
23.0
23.6
24.1
24.5
24.9
25.2
25.4
25.5
25.5
25.5
25.3
25.0
24.7
24.3
23.8
23.2
22.6
21.8
21.0
20.2
19.2
18.3
17.3
16.4
15.4
14.4
13.5
12.6
11.8
11.0
10.3
9.7
9.1
8.6
8.1
7.6
7.1
6.6
6.1
5.6
5.1
4.7
4.3
3.8
3.4
3.0
2.7
2.4
2.2
2.0
1.9
1.8
1.8
1.7
1.6
1.5
1.4
1.1
0.9
0.6
0.4
0.2
0.0
0.0
0.0
-0.1
-0.1
-0.1
-0.1
-0.2
-0.3
-0.4
-0.5
-0.6
-0.7
-0.8
-0.8
-0.9
-1.0
-1.2
-1.3
-1.4
-1.4
-1.5
-1.5
-1.5
-1.5
-1.4
-1.3
-1.3
-1.3
-1.3
-1.4
-1.5
-1.6
-1.7
-1.7
-1.9
-1.9
-2.0
-2.0
-2.1
-2.1
-2.3
-2.4
-2.5
-2.6
-2.7
-2.7
-2.8
-2.8
-2.7
-2.6
-2.5
-2.4
-2.4
-2.4
-2.4
-2.5
-2.6
-2.6
-2.7
-2.9
-3.0
-3.1
-3.2
-3.3
-3.4
-3.4
-3.4
-3.4
-3.4
-3.3
-3.3
-3.2
-3.2
-3.1
-3.1
-3.1
-3.2
-3.3
-3.3
-3.4
-3.4
-3.5
-3.5
-3.5
-3.5
-3.5
-3.5
-3.5
-3.5
-3.5
-3.6
-3.6
-3.5
-3.5
-3.5
-3.4
-3.3
-3.3
-3.3
-3.4
-3.5
-3.5
-3.6
-3.7
-3.7
-3.8
-3.8
-3.7
-3.6
-3.5
-3.4
-3.3
-3.2
-3.1
-3.1
-3.0
-3.0
-3.1
-3.2
-3.3
-3.4
-3.5
-3.6
-3.7
-3.7
-3.7
-3.6
-3.5
-3.4
-3.3
-3.2
-3.2
-3.2
-3.2
-3.4
-3.5
-3.6
-3.7
-3.7
-3.6
-3.6
-3.5
-3.4
-3.3
-3.3
-3.3
-3.3
-3.4
-3.5
-3.6
-3.7
-3.8
-3.8
-3.9
-3.9
-3.8
-3.8
-3.8
-3.8
-3.8
-3.8
-3.7
-3.7
-3.7
-3.8
-3.7
-3.7
-3.7
-3.8
-3.8
-3.9
-3.9
-3.9
-4.0
-4.0
-4.0
-4.0
-3.9
-3.8
-3.7
-3.6
-3.6
-3.6
-3.7
-3.8
-3.8
-3.8
-3.9
-4.0
-4.1
-4.0
-4.0
-4.0
-4.0
-4.0
-4.0
-3.9
-3.9
-3.8
-3.7
-3.7
-3.6
-3.6
-3.5
-3.5
-3.5
-3.5
-3.5
-3.5
-3.5
-3.4
-3.3
-3.3
-3.3
-3.3
-3.4
-3.4
-3.5
-3.6
-3.6
-3.6
-3.6
-3.5
-3.4
-3.3
-3.2
-3.1
-3.2
-3.2
-3.3
-3.4
-3.5
-3.6
-3.7
-3.7
-3.7
-3.8
-3.8
-3.8
-3.8
-3.8
-3.8
-3.9
-3.8
-3.8
-3.7
-3.5
-3.4
-3.2
-3.0
-2.9
-2.7
-2.7
-2.7
-2.8
-2.8
-2.8
-2.8
-2.7
-2.7
-2.6
-2.4
-2.3
-2.2
-2.2
-2.3
-2.4
-2.5
-2.6
-2.7
-2.8
-2.8
-2.8
-2.9
-2.9
-2.9
-2.8
-2.8
-2.8
-2.8
-2.8
-2.8
-2.9
-2.9
-2.9
-2.9
-3.0
-3.0
-3.0
-3.0
-3.0
-3.0
-3.0
-3.1
-3.1
-3.2
-3.2
-3.2
-3.2
-3.3
-3.2
-3.2
-3.2
-3.1
-3.1
-3.1
-3.1
-3.2
-3.2
-3.2
-3.2
-3.2
-3.3
-3.3
-3.3
-3.3
-3.4
-3.4
-3.4
-3.4
-3.3
-3.2
-3.2
-3.1
-3.0
-2.9
-2.9
-2.9
-2.8
-2.8
-2.8
-2.8
-2.8
-2.8
-2.8
-2.8
-2.8
-2.8
-2.8
-2.9
-2.9
-3.0
-3.0
-3.1
-3.2
-3.4
-3.5
-3.5
-3.6
-3.7
-3.8
-3.8
-3.7
-3.7
-3.6
-3.6
-3.5
-3.5
-3.4
-3.4
-3.3
-3.4
-3.4
-3.4
-3.4
-3.4
-3.4
-3.4
-3.4
-3.3
-3.4
-3.3
-3.3
-3.2
-3.0
-2.8
-2.6
-2.5
-2.4
-2.2
-2.0
-2.0
-2.0
-2.1
-2.2
-2.4
-2.5
-2.6
-2.8
-2.9
-2.9
-2.9
-2.9
-2.8
-2.8
-2.8
-2.7
-2.7
-2.7
-2.7
-2.7
-2.7
-2.7
-2.7
-2.6
-2.6
-2.5
-2.5
-2.5
-2.6
-2.6
-2.6
-2.6
-2.4
-2.3
-2.1
-1.9
-1.7
-1.5
-1.4
-1.3
-1.3
-1.3
-1.4
-1.5
-1.6
-1.8
-1.9
-1.9
-1.9
-1.9
-1.9
-1.9
-1.9
-1.9
-1.9
-1.9
-2.0
-2.0
-2.0
-2.1
-2.2
-2.3
-2.4
-2.4
-2.5
-2.6
-2.5
-2.5
-2.4
-2.2
-2.1
-2.0
-1.9
-1.8
-1.8
-1.8
-1.8
-1.8
-1.9
-1.9
-1.9
-1.9
-1.9
-1.9
-1.9
-2.0
-2.0
-1.9
-1.9
-1.9
-1.9
-1.9
-1.9
-1.8
-1.8
-1.8
-1.8
-1.8
-1.7
-1.6
-1.6
-1.5
-1.5
-1.4
-1.4
-1.5
-1.6
-1.7
-1.8
-2.0
-2.1
-2.2
-2.3
-2.3
-2.2
-2.1
-2.0
-1.7
-1.5
-1.4
-1.3
-1.2
-1.2
-1.2
-1.2
-1.3
-1.3
-1.4
-1.4
-1.4
-1.5
-1.5
-1.6
-1.6
-1.7
-1.7
-1.8
-1.8
-1.8
-1.8
-1.8
-1.7
-1.7
-1.6
-1.6
-1.5
-1.5
-1.5
-1.5
-1.6
-1.6
-1.7
-1.7
-1.8
-1.8
-1.7
-1.7
-1.6
-1.6
-1.6
-1.5
-1.5
-1.6
-1.6
-1.7
-1.7
-1.8
-1.8
-1.8
-1.7
-1.7
-1.6
-1.6
-1.6
-1.6
-1.6
-1.6
-1.7
-1.7
-1.8
-1.8
-1.8
-1.8
-1.7
-1.7
-1.7
-1.5
-1.4
-1.3
-1.2
-1.1
-1.0
-0.8
-0.6
-0.6
-0.5
-0.5
-0.4
-0.4
-0.3
-0.2
-0.1
0.0
0.3
0.8
1.3
2.1
3.0
4.1
5.4
6.8
8.3
10.0
11.8
13.7
15.5
17.2
18.9
20.6
22.3
24.1
25.8
27.4
29.1
30.8
32.4
34.1
35.7
37.2
38.6
39.9
41.0
42.2
43.2
44.2
45.1
45.9
46.6
47.2
47.7
48.1
48.4
48.6
48.7
48.8
48.8
48.7
48.5
48.4
48.2
47.9
47.4
46.9
46.2
45.5
44.7
43.7
42.8
41.7
40.5
39.3
38.0
36.7
35.3
33.8
32.2
30.6
29.0
27.5
26.1
24.8
23.6
22.4
21.4
20.5
19.6
18.7
17.9
17.1
16.3
15.5
14.8
14.1
13.6
13.0
12.5
12.1
11.6
11.2
10.7
10.3
9.8
9.3
8.9
8.6
8.3
8.0
7.7
7.5
7.2
7.0
6.9
6.7
6.5
6.4
6.1
5.9
5.7
5.5
5.3
5.1
4.8
4.5
4.2
3.9
3.6
3.4
3.2
3.0
2.8
2.6
2.4
2.3
2.2
2.1
2.0
1.9
1.9
1.8
1.7
1.7
1.6
1.4
1.2
1.1
0.9
0.8
0.6
0.5
0.4
0.3
0.3
0.2
0.1
0.0
-0.1
-0.2
-0.3
-0.4
-0.6
-0.6
-0.7
-0.8
-0.8
-0.8
-0.8
-0.9
-1.0
-1.1
-1.2
-1.3
-1.4
-1.5
-1.6
-1.7
-1.8
-1.9
-2.0
-2.0
-2.1
-2.2
-2.3
-2.3
-2.4
-2.5
-2.6
-2.6
-2.7
-2.7
-2.7
-2.8
-2.8
-2.9
-3.0
-3.0
-3.2
-3.3
-3.5
-3.7
-3.8
-3.8
-3.8
-3.7
-3.7
-3.6
-3.6
-3.5
-3.5
-3.4
-3.4
-3.4
-3.5
-3.5
-3.6
-3.7
-3.7
-3.8
-3.9
-4.0
-4.1
-4.2
-4.3
-4.4
-4.5
-4.6
-4.7
-4.7
-4.7
-4.6
-4.5
-4.4
-4.2
-4.0
-3.8
-3.7
-3.6
-3.6
-3.5
-3.5
-3.5
-3.5
-3.5
-3.4
-3.4
-3.4
-3.4
-3.4
-3.4
-3.4
-3.5
-3.6
-3.7
-3.7
-3.7
-3.7
-3.7
-3.7
-3.7
-3.7
-3.7
-3.7
-3.7
-3.8
-3.8
-3.8
-3.8
-3.9
-4.0
-4.0
-4.0
-4.1
-4.1
-4.2
-4.3
-4.4
-4.4
-4.5
-4.6
-4.7
-4.8
-4.8
-4.8
-4.7
-4.7
-4.6
-4.5
-4.5
-4.6
-4.6
-4.6
-4.7
-4.8
-4.8
-4.9
-4.9
-5.0
-4.9
-4.9
-4.9
-4.9
-4.9
-4.9
-5.0
-4.9
-4.9
-4.9
-4.9
-4.9
-4.9
-4.8
-4.8
-4.8
-4.8
-4.9
-4.9
-4.9
-5.0
-5.1
-5.2
-5.3
-5.3
-5.4
-5.4
-5.5
-5.5
-5.5
-5.4
-5.3
-5.3
-5.3
-5.2
-5.2
-5.2
-5.2
-5.3
-5.3
-5.4
-5.4
-5.5
-5.5
-5.6
-5.6
-5.7
-5.6
-5.6
-5.5
-5.4
-5.3
-5.2
-5.1
-5.1
-5.0
-5.0
-5.1
-5.2
-5.2
-5.2
-5.3
-5.4
-5.5
-5.6
-5.6
-5.6
-5.8
-5.9
-6.1
-6.4
-6.7
-6.9
-7.0
-6.9
-6.8
-6.7
-6.5
-6.2
-6.0
-5.8
-5.5
-5.4
-5.4
-5.5
-5.6
-5.6
-5.5
-5.4
-5.4
-5.4
-5.5
-5.4
-5.3
-5.2
-5.1
-5.0
-5.0
-5.1
-5.3
-5.5
-5.8
-6.1
-6.4
-6.6
-6.8
-6.9
-6.9
-6.9
-6.8
-6.7
-6.6
-6.6
-6.6
-6.6
-6.6
-6.6
-6.6
-6.5
-6.5
-6.5
-6.5
-6.4
-6.4
-6.4
-6.4
-6.3
-6.3
-6.2
-6.2
-6.1
-5.9
-5.9
-5.8
-5.8
-5.8
-5.7
-5.8
-5.8
-5.7
-5.7
-5.6
-5.6
-5.5
-5.5
-5.4
-5.5
-5.6
-5.7
-5.8
-5.9
-6.0
-6.0
-6.0
-5.9
-5.8
-5.7
-5.6
-5.5
-5.5
-5.5
-5.6
-5.7
-5.9
-6.0
-6.1
-6.2
-6.2
-6.2
-6.2
-6.2
-6.1
-6.0
-6.0
-5.9
-5.9
-5.8
-5.8
-5.7
-5.6
-5.5
-5.5
-5.5
-5.4
-5.4
-5.5
-5.5
-5.6
-5.6
-5.6
-5.6
-5.5
-5.4
-5.3
-5.2
-5.1
-5.0
-4.9
-4.8
-4.7
-4.6
-4.5
-4.4
-4.4
-4.3
-4.3
-4.3
-4.3
-4.3
-4.4
-4.4
-4.4
-4.4
-4.4
-4.4
-4.3
