-4.0
-3.8
-3.6
-3.4
-3.2
-2.9
-2.8
-2.7
-2.7
-2.8
-2.9
-3.1
-3.2
-3.4
-3.6
-3.7
-3.8
-3.8
-3.7
-3.7
-3.6
-3.4
-3.3
-3.1
-3.0
-3.0
-3.0
-3.0
-3.0
-3.1
-3.2
-3.5
-3.7
-3.9
-3.9
-3.9
-3.9
-3.9
-3.8
-3.6
-3.5
-3.3
-3.2
-3.1
-3.1
-3.1
-3.1
-3.2
-3.2
-3.2
-3.2
-3.2
-3.3
-3.3
-3.3
-3.3
-3.3
-3.3
-3.2
-3.2
-3.2
-3.2
-3.2
-3.1
-3.1
-3.2
-3.2
-3.2
-3.2
-3.1
-3.1
-3.1
-3.1
-3.1
-3.1
-3.1
-3.1
-3.1
-3.1
-3.2
-3.2
-3.2
-3.2
-3.1
-3.0
-2.9
-2.8
-2.6
-2.5
-2.5
-2.5
-2.5
-2.6
-2.7
-2.8
-2.8
-2.9
-2.8
-2.7
-2.6
-2.5
-2.3
-2.2
-2.2
-2.2
-2.3
-2.3
-2.4
-2.4
-2.5
-2.5
-2.5
-2.5
-2.6
-2.7
-2.7
-2.7
-2.7
-2.8
-2.8
-2.8
-2.7
-2.6
-2.6
-2.5
-2.5
-2.5
-2.5
-2.6
-2.5
-2.5
-2.5
-2.5
-2.5
-2.5
-2.5
-2.5
-2.5
-2.4
-2.4
-2.4
-2.3
-2.3
-2.3
-2.3
-2.3
-2.3
-2.4
-2.4
-2.4
-2.4
-2.4
-2.3
-2.2
-2.1
-2.1
-2.2
-2.2
-2.3
-2.4
-2.5
-2.5
-2.5
-2.5
-2.5
-2.5
-2.4
-2.3
-2.3
-2.3
-2.3
-2.3
-2.3
-2.3
-2.3
-2.3
-2.3
-2.4
-2.4
-2.5
-2.5
-2.5
-2.5
-2.5
-2.5
-2.6
-2.7
-2.6
-2.6
-2.6
-2.6
-2.5
-2.5
-2.4
-2.3
-2.2
-2.2
-2.2
-2.2
-2.3
-2.3
-2.4
-2.5
-2.5
-2.6
-2.7
-2.7
-2.7
-2.6
-2.5
-2.5
-2.4
-2.3
-2.4
-2.4
-2.3
-2.3
-2.3
-2.3
-2.3
-2.3
-2.2
-2.1
-2.1
-2.1
-2.0
-2.0
-2.1
-2.1
-2.2
-2.2
-2.2
-2.2
-2.3
-2.2
-2.1
-2.0
-1.8
-1.7
-1.6
-1.5
-1.5
-1.5
-1.5
-1.6
-1.7
-1.7
-1.8
-1.8
-1.8
-1.8
-1.8
-1.8
-1.7
-1.7
-1.6
-1.7
-1.6
-1.6
-1.6
-1.6
-1.6
-1.5
-1.5
-1.5
-1.4
-1.2
-1.1
-1.0
-1.0
-0.9
-0.8
-0.8
-0.8
-0.8
-0.8
-0.8
-0.8
-0.8
-0.8
-0.9
-0.9
-1.0
-1.0
-1.0
-1.1
-1.1
-1.0
-1.0
-1.0
-1.0
-0.9
-0.9
-0.9
-0.9
-1.0
-1.0
-1.1
-1.1
-1.2
-1.2
-1.1
-1.1
-1.0
-1.0
-0.9
-0.8
-0.7
-0.6
-0.5
-0.5
-0.5
-0.5
-0.6
-0.7
-0.8
-1.0
-1.1
-1.1
-1.1
-1.0
-1.0
-0.9
-0.8
-0.7
-0.7
-0.6
-0.7
-0.7
-0.7
-0.7
-0.7
-0.8
-0.8
-0.9
-1.1
-1.2
-1.2
-1.3
-1.3
-1.3
-1.2
-1.1
-0.9
-0.8
-0.7
-0.6
-0.7
-0.7
-0.8
-0.8
-0.9
-0.9
-1.0
-1.0
-1.0
-1.1
-1.1
-1.1
-1.2
-1.3
-1.4
-1.4
-1.4
-1.3
-1.1
-1.0
-0.9
-0.8
-0.7
-0.7
-0.6
-0.6
-0.6
-0.6
-0.5
-0.4
-0.2
0.0
0.1
0.2
0.3
0.3
0.2
0.0
-0.1
-0.3
-0.4
-0.6
-0.7
-0.7
-0.7
-0.7
-0.7
-0.7
-0.8
-0.8
-0.8
-0.8
-0.8
-0.8
-0.7
-0.6
-0.5
-0.4
-0.2
-0.2
-0.2
-0.2
-0.2
-0.2
-0.3
-0.3
-0.4
-0.4
-0.4
-0.3
-0.2
-0.1
0.0
0.1
0.1
0.2
0.2
0.1
0.0
0.0
-0.1
-0.2
-0.4
-0.5
-0.6
-0.7
-0.7
-0.7
-0.7
-0.6
-0.6
-0.4
-0.3
-0.2
-0.2
-0.2
-0.3
-0.4
-0.5
-0.6
-0.7
-0.7
-0.8
-0.8
-0.8
-0.8
-0.7
-0.6
-0.5
-0.4
-0.3
-0.3
-0.2
-0.1
0.0
0.0
0.0
0.1
0.1
0.1
0.1
0.1
0.1
0.1
0.1
0.1
0.1
0.1
0.2
0.2
0.2
0.2
0.1
0.1
0.0
0.0
0.0
0.0
0.0
0.0
0.0
0.0
0.0
-0.1
-0.1
-0.2
-0.2
-0.2
-0.2
-0.2
-0.2
-0.1
-0.1
-0.1
-0.1
-0.2
-0.2
-0.3
-0.4
-0.4
-0.4
-0.4
-0.4
-0.3
-0.3
-0.3
-0.2
-0.2
-0.2
-0.1
-0.1
0.0
0.0
0.1
0.1
0.1
0.1
0.1
0.0
0.0
-0.1
-0.2
-0.2
-0.2
-0.2
-0.2
-0.1
0.0
0.1
0.2
0.3
0.3
0.3
0.3
0.3
0.3
0.2
0.1
0.0
0.0
0.1
0.2
0.3
0.4
0.5
0.6
0.8
0.9
1.0
0.9
0.8
0.7
0.6
0.4
0.3
0.2
0.2
0.1
0.1
0.2
0.3
0.3
0.4
0.4
0.4
0.4
0.4
0.4
0.4
0.3
0.2
0.2
0.1
0.0
0.0
0.0
0.0
0.1
0.2
0.2
0.3
0.3
0.4
0.4
0.4
0.4
0.4
0.3
0.3
0.4
0.4
0.5
0.5
0.5
0.6
0.7
0.7
0.8
0.8
0.7
0.6
0.6
0.6
0.6
0.7
0.7
0.8
0.8
0.8
0.8
0.9
0.9
0.8
0.7
0.7
0.6
0.6
0.5
0.5
0.4
0.2
0.1
0.1
0.1
0.2
0.2
0.3
0.3
0.4
0.4
0.4
0.3
0.2
0.1
0.0
0.0
0.0
0.0
0.0
0.0
0.1
0.3
0.4
0.5
0.5
0.5
0.5
0.5
0.5
0.5
0.4
0.3
0.2
0.1
0.1
0.1
0.1
0.2
0.3
0.5
0.6
0.8
1.0
1.1
1.1
1.2
1.1
1.0
1.0
1.0
0.9
0.8
0.7
0.7
0.7
0.8
0.8
0.9
1.1
1.3
1.6
1.9
2.2
2.7
3.1
3.7
4.4
5.2
6.0
6.8
7.6
8.5
9.3
10.2
11.1
12.1
13.3
14.6
15.9
17.2
18.6
20.0
21.3
22.6
23.8
24.9
26.0
27.0
28.0
29.0
30.0
30.8
31.4
32.0
32.6
33.1
33.7
34.2
34.7
35.2
35.7
36.3
36.8
37.3
37.7
38.1
38.5
38.8
39.1
39.4
39.6
39.8
39.8
39.9
39.8
39.6
39.4
39.2
38.8
38.4
37.9
37.4
36.8
36.0
35.2
34.3
33.3
32.3
31.2
30.1
28.9
27.8
26.7
25.8
24.8
24.0
23.2
22.4
21.7
21.0
20.3
19.5
18.6
17.7
16.9
16.2
15.5
15.0
14.4
13.9
13.5
13.0
12.4
11.9
11.3
10.6
10.1
9.6
9.2
8.9
8.6
8.3
8.1
7.9
7.7
7.5
7.2
6.9
6.7
6.5
6.4
6.2
6.1
5.9
5.7
5.5
5.4
5.3
5.1
5.0
4.8
4.6
4.5
4.3
4.1
3.9
3.7
3.6
3.5
3.5
3.4
3.3
3.2
3.1
3.0
2.9
2.9
2.8
2.7
2.6
2.5
2.4
2.4
2.3
2.1
1.8
1.6
1.4
1.2
1.0
0.7
0.5
0.4
0.3
0.2
0.2
0.1
0.1
0.2
0.2
0.2
0.1
0.0
0.0
-0.1
-0.3
-0.5
-0.7
-0.8
-0.9
-1.0
-1.1
-1.1
-1.1
-1.1
-1.1
-1.1
-1.1
-1.1
-1.2
-1.3
-1.4
-1.5
-1.7
-1.7
-1.8
-1.9
-1.9
-1.8
-1.8
-1.8
-1.9
-2.0
-2.1
-2.2
-2.3
-2.4
-2.4
-2.5
-2.5
-2.5
-2.5
-2.6
-2.7
-2.8
-2.9
-3.1
-3.2
-3.3
-3.4
-3.4
-3.3
-3.3
-3.2
-3.2
-3.1
-3.1
-3.1
-3.2
-3.3
-3.4
-3.4
-3.4
-3.3
-3.2
-3.2
-3.1
-3.0
-2.9
-3.0
-3.0
-3.0
-3.0
-3.1
-3.3
-3.3
-3.3
-3.3
-3.2
-3.2
-3.1
-3.0
-2.9
-2.8
-2.7
-2.7
-2.7
-2.8
-3.0
-3.2
-3.4
-3.7
-4.0
-4.3
-4.5
-4.7
-4.8
-4.8
-4.6
-4.4
-4.2
-4.0
-3.8
-3.7
-3.5
-3.5
-3.6
-3.7
-3.8
-4.0
-4.0
-4.1
-4.1
-4.2
-4.2
-4.2
-4.2
-4.1
-4.1
-4.1
-4.0
-4.0
-4.0
-4.0
-3.9
-3.9
-3.8
-3.8
-3.8
-3.8
-3.8
-3.8
-3.8
-3.8
-3.8
-3.8
-3.8
-3.8
-3.8
-3.8
-3.8
-3.8
-3.8
-3.9
-4.0
-4.1
-4.1
-4.2
-4.1
-4.1
-4.1
-4.0
-3.9
-3.8
-3.7
-3.6
-3.6
-3.6
-3.6
-3.7
-3.8
-3.9
-4.0
-4.2
-4.3
-4.4
-4.5
-4.5
-4.5
-4.5
-4.4
-4.3
-4.2
-4.1
-4.0
-3.9
-3.8
-3.8
-3.8
-3.8
-3.9
-4.0
-4.1
-4.1
-4.1
-4.0
-4.0
-3.9
-3.8
-3.7
-3.7
-3.7
-3.8
-3.9
-4.0
-4.1
-4.1
-4.1
-4.2
-4.2
-4.1
-4.1
-4.1
-4.1
-4.2
-4.2
-4.3
-4.3
-4.4
-4.4
-4.4
-4.4
-4.3
-4.1
-4.0
-3.9
-3.9
-3.8
-3.7
-3.7
-3.7
-3.7
-3.7
-3.8
-3.8
-3.8
-3.9
-4.0
-4.0
-4.0
-3.9
-3.9
-3.8
-3.8
-3.8
-3.7
-3.7
-3.7
-3.7
-3.8
-3.8
-3.8
-3.8
-3.8
-3.8
-3.9
-3.9
-4.0
-4.0
-4.1
-4.1
-4.0
-3.8
-3.6
-3.5
-3.3
-3.1
-3.0
-2.9
-2.9
-3.0
-3.1
-3.1
-3.2
-3.3
-3.4
-3.4
-3.6
-3.7
-3.8
-3.9
-4.0
-4.0
-4.1
-4.1
-4.0
-4.0
-3.8
-3.8
-3.7
-3.6
-3.5
-3.5
-3.5
-3.5
-3.5
-3.5
-3.5
-3.4
-3.3
-3.3
-3.2
-3.2
-3.1
-3.1
-3.2
-3.2
-3.3
-3.3
-3.3
-3.3
-3.3
-3.3
-3.2
-3.2
-3.3
-3.4
-3.4
-3.5
-3.6
-3.7
-3.7
-3.7
-3.7
-3.7
-3.7
-3.6
-3.6
-3.6
-3.5
-3.5
-3.4
-3.3
-3.2
-3.1
-3.1
-3.0
-3.0
-3.0
-3.1
-3.2
-3.2
-3.2
-3.2
-3.2
-3.1
-3.1
-3.0
-3.0
-3.0
-3.0
-3.0
-3.1
-3.1
-3.2
-3.2
-3.3
-3.3
-3.2
-3.2
-3.2
-3.1
-3.1
-3.1
-3.1
-3.2
-3.2
-3.2
-3.2
-3.1
-3.1
-3.1
-3.0
-2.9
-2.9
-2.9
-2.9
-3.0
-3.1
-3.2
-3.3
-3.4
-3.5
-3.6
-3.6
-3.6
-3.6
-3.5
-3.4
-3.3
-3.1
-2.9
-2.8
-2.7
-2.6
-2.6
-2.6
-2.7
-2.8
-2.9
-3.0
-3.0
-3.0
-3.0
-3.0
-2.9
-2.9
-2.8
-2.7
-2.7
-2.7
-2.8
-2.9
-3.0
-3.0
-3.1
-3.1
-3.1
-3.0
-3.0
-2.9
-2.9
-2.8
-2.8
-2.7
-2.7
-2.6
-2.6
-2.5
-2.5
-2.4
-2.3
-2.3
-2.3
-2.3
-2.3
-2.3
-2.3
-2.2
-2.2
-2.2
-2.2
-2.1
-2.0
-2.0
-2.0
-2.0
-2.1
-2.1
-2.2
-2.2
-2.3
-2.3
-2.3
-2.3
-2.2
-2.2
-2.2
-2.1
-2.1
-2.1
-2.1
-2.1
-2.1
-2.2
-2.2
-2.2
-2.2
-2.2
-2.1
-2.1
-2.0
-2.0
-1.9
-1.9
-1.9
-1.9
-2.0
-2.0
-2.0
-2.0
-2.0
-2.0
-1.9
-1.8
-1.9
-2.0
-2.0
-2.1
-2.1
-2.2
-2.3
-2.3
-2.2
-2.1
-1.9
-1.7
-1.5
-1.4
-1.3
-1.2
-1.1
-1.1
-1.0
-1.0
-0.9
-0.9
-0.8
-0.6
-0.4
-0.2
0.0
0.2
0.6
1.0
1.5
2.0
2.6
3.4
4.2
5.1
6.2
7.3
8.5
9.8
11.1
12.6
14.0
15.4
16.8
18.1
19.5
20.8
22.0
23.2
24.3
25.4
26.6
27.8
28.9
30.0
31.1
32.1
33.1
34.0
34.9
35.6
36.4
37.0
37.6
38.1
38.5
38.8
39.0
39.1
38.9
38.7
38.4
38.1
37.7
37.3
36.8
36.2
35.6
34.9
34.0
33.1
32.2
31.2
30.3
29.3
28.3
27.3
26.2
25.1
24.0
23.0
21.9
20.8
19.7
18.7
17.8
17.0
16.3
15.6
14.9
14.2
13.6
13.0
12.4
11.9
11.2
10.6
9.9
9.3
8.7
8.2
7.7
7.3
6.9
6.6
6.3
6.0
5.8
5.4
5.1
4.9
4.7
4.5
4.2
4.0
3.8
3.6
3.4
3.1
2.8
2.4
2.1
1.9
1.7
1.5
1.3
1.2
1.2
1.1
1.0
0.9
0.8
0.6
0.5
0.4
0.3
0.1
0.1
0.1
0.1
0.1
0.1
0.2
0.2
0.2
0.3
0.3
0.3
0.2
0.2
0.1
-0.1
-0.3
-0.6
-0.8
-1.0
-1.2
-1.3
-1.5
-1.6
-1.6
-1.7
-1.7
-1.8
-1.8
-2.0
-2.1
-2.2
-2.4
-2.5
-2.6
-2.8
-3.0
-3.2
-3.5
-3.6
-3.7
-3.8
-3.8
-3.8
-3.7
-3.6
-3.4
-3.3
-3.2
-3.2
-3.2
-3.2
-3.2
-3.2
-3.3
-3.4
-3.5
-3.6
-3.7
-3.8
-4.0
-4.1
-4.2
-4.2
-4.2
-4.2
-4.1
-4.0
-4.0
-3.9
-3.9
-3.9
-4.0
-4.1
-4.4
-4.5
-4.6
-4.7
-4.7
-4.7
-4.7
-4.6
-4.5
-4.4
-4.2
-4.1
-4.0
-3.8
-3.7
-3.6
-3.5
-3.5
-3.4
-3.4
-3.4
-3.3
-3.2
-3.2
-3.1
-2.9
-2.8
-2.8
-2.8
-2.8
-2.8
-3.0
-3.1
-3.2
-3.2
-3.3
-3.4
-3.5
-3.5
-3.5
-3.5
-3.6
-3.7
-3.8
-4.0
-4.1
-4.3
-4.4
-4.6
-4.8
-5.0
-5.1
-5.2
-5.2
-5.2
-5.2
-5.2
-5.1
-5.1
-5.0
-5.0
-5.0
-4.9
-4.9
-4.9
-4.9
-4.9
-4.9
-4.8
-4.7
-4.6
-4.5
-4.4
-4.3
-4.2
-4.1
-4.0
-4.0
-4.0
-4.0
-4.0
-4.0
-4.0
-4.0
-4.0
-3.9
-3.9
-3.8
-3.8
-3.7
-3.6
-3.6
-3.5
-3.4
-3.3
-3.2
-3.1
-3.1
-3.1
-3.2
-3.4
-3.5
-3.6
-3.7
-3.8
-3.9
-3.9
-3.9
-3.9
-3.9
-3.9
-4.0
-4.1
-4.2
-4.2
-4.3
-4.3
-4.3
-4.4
-4.4
-4.5
-4.5
-4.5
-4.4
-4.4
-4.4
-4.3
-4.2
-4.0
-3.9
-3.7
-3.6
-3.5
-3.5
-3.4
-3.4
-3.4
-3.4
-3.4
-3.5
-3.5
-3.5
-3.4
-3.4
-3.3
-3.2
-3.2
-3.1
-3.1
-3.0
-3.1
-3.2
-3.4
-3.6
-3.7
-3.9
-4.0
-4.1
-4.2
-4.3
-4.3
-4.2
-4.2
-4.2
-4.2
-4.2
-4.2
-4.2
-4.3
-4.3
-4.4
-4.4
-4.4
-4.4
-4.4
-4.5
-4.5
-4.6
-4.6
-4.7
-4.8
-4.8
-4.8
-4.8
-4.7
-4.6
-4.5
-4.4
-4.3
-4.3
-4.3
-4.3
-4.3
-4.3
-4.3
-4.3
-4.3
-4.3
-4.2
-4.1
-4.0
-3.9
-3.8
-3.7
-3.7
-3.7
-3.7
-3.7
-3.7
-3.8
-3.9
-3.9
-3.9
-4.0
-4.0
-4.0
-4.1
-4.2
-4.2
-4.2
-4.2
-4.1
-4.1
-4.1
-4.2
-4.1
-4.1
-4.0
-4.1
-4.1
-4.2
-4.2
-4.3
-4.4
-4.4
-4.4
-4.3
-4.3
-4.1
-4.0
-3.9
-3.7
-3.5
-3.3
-3.2
-3.2
-3.2
-3.2
-3.2
-3.2
-3.3
-3.3
-3.4
-3.5
-3.6
-3.7
-3.7
-3.7
-3.8
-3.8
-3.7
-3.7
-3.5
-3.4
-3.2
-3.1
-3.0
-2.9
-2.9
-2.8
-2.9
-2.9
-2.8
-2.8
-2.8
-2.9
-2.9
-2.9
-3.0
-3.0
-3.0
-3.0
-3.1
-3.1
-3.1
-3.0
-3.0
-2.9
-2.9
-2.9
-2.8
-2.7
-2.7
-2.7
-2.7
-2.7
-2.8
-2.8
-2.8
-2.8
-2.9
-2.9
-2.9
-2.9
-2.8
-2.8
-2.7
-2.7
-2.6
-2.5
-2.4
-2.3
-2.2
-2.1
-2.0
-1.9
-1.8
-1.7
-1.6
-1.3
-0.9
-0.4
0.1
0.8
1.7
2.6
3.7
4.9
6.1
7.5
8.9
10.4
11.9
13.4
14.9
16.5
18.0
19.6
21.2
22.8
24.4
26.0
27.6
29.2
30.8
32.3
33.7
35.0
36.3
37.5
38.6
39.6
40.5
41.3
42.2
42.9
43.6
44.3
44.9
45.5
46.1
46.4
46.6
46.7
46.6
46.3
45.8
45.1
44.3
43.5
42.7
41.9
41.2
40.4
39.7
39.1
38.5
37.8
37.2
36.4
35.6
34.7
33.8
32.8
31.8
30.8
29.7
28.7
27.7
26.7
25.6
24.6
23.6
22.8
22.1
21.5
20.9
20.5
20.1
19.9
19.8
19.7
19.7
19.8
20.0
20.3
20.7
21.2
21.7
22.3
23.1
23.9
24.7
25.6
26.4
27.3
28.1
28.9
29.7
30.4
31.1
31.7
32.2
32.6
32.9
33.0
33.1
33.1
33.0
32.9
32.6
32.2
31.7
31.1
30.6
29.9
29.1
28.1
27.1
26.1
25.1
24.1
23.0
22.0
20.9
19.9
18.9
17.8
16.7
15.5
14.4
13.3
12.2
11.3
10.4
9.5
8.7
8.0
7.4
6.8
6.2
5.7
5.2
4.7
4.2
3.7
3.2
2.7
2.2
1.8
1.3
1.0
0.7
0.5
0.3
0.1
0.0
-0.1
-0.3
-0.6
-0.8
-1.0
-1.2
-1.3
-1.5
-1.7
-2.0
-2.2
-2.4
-2.7
-2.9
-3.1
-3.3
-3.5
-3.7
-3.8
-4.0
-4.0
-4.1
-4.2
-4.4
-4.5
-4.6
-4.8
-4.9
-5.1
-5.3
-5.5
-5.6
-5.8
-5.8
-5.8
-5.8
-5.8
-5.8
-5.8
-5.8
-5.8
-6.0
-6.1
-6.2
-6.3
-6.4
-6.4
-6.5
-6.4
-6.4
-6.3
-6.3
-6.3
-6.4
-6.4
-6.5
-6.6
-6.7
-6.8
-6.9
-7.1
-7.1
-7.0
-7.0
-6.9
-6.9
-6.8
-6.7
-6.6
-6.6
-6.6
-6.7
-6.8
-7.0
-7.1
-7.3
-7.4
-7.5
-7.6
-7.6
-7.7
-7.8
-7.8
-7.8
-7.8
-7.9
-7.9
-7.9
-7.7
-7.5
-7.4
-7.1
-6.8
-6.3
-5.7
-5.1
-4.4
-3.6
-2.8
-2.0
-1.2
-0.3
0.5
1.5
2.5
3.6
4.9
6.2
7.6
9.1
10.7
12.2
13.8
15.2
16.6
17.9
19.2
20.4
21.6
22.7
23.7
24.7
25.7
26.6
27.4
28.3
29.2
30.1
30.9
31.6
32.3
32.9
33.5
34.0
34.4
34.9
35.2
35.5
35.6
35.7
35.6
35.4
35.1
34.5
33.9
33.2
32.4
31.5
30.5
29.4
28.3
27.1
26.0
24.8
23.7
22.6
21.5
20.3
19.2
18.1
16.9
15.7
14.5
13.3
12.2
11.2
10.3
9.4
8.5
7.7
7.0
6.3
5.5
4.8
4.1
3.5
2.9
2.3
1.8
1.3
0.9
0.4
0.0
-0.4
-0.9
-1.3
-1.7
-2.0
-2.3
-2.5
-2.6
-2.7
-2.8
-2.8
-2.9
-3.0
-3.0
-3.2
-3.4
-3.6
-3.8
-4.0
-4.2
-4.4
-4.5
-4.6
-4.8
-4.9
-5.0
-5.1
-5.3
-5.5
-5.6
-5.8
-5.9
-6.0
-6.2
-6.3
-6.4
-6.5
-6.6
-6.6
-6.7
-6.8
-6.9
-7.0
-7.1
-7.1
-7.2
-7.3
-7.3
-7.3
-7.3
-7.3
-7.4
-7.4
-7.5
-7.6
-7.8
-7.9
-8.1
-8.2
-8.3
-8.4
-8.5
-8.6
-8.6
-8.7
-8.7
-8.8
-8.9
-9.0
-9.1
-9.1
-9.1
-9.1
-9.1
-9.1
-9.0
-9.0
-8.9
-8.9
-9.0
-9.1
-9.2
-9.3
-9.4
-9.5
-9.7
-9.7
-9.8
-9.8
-9.8
-9.8
-9.7
-9.7
-9.6
-9.5
-9.4
-9.4
-9.5
-9.6
-9.7
-9.8
-9.9
-10.0
-10.0
-10.1
-10.1
-10.1
-10.1
-10.1
-10.1
-10.0
-10.0
-9.9
-9.8
-9.8
-9.8
-9.8
-9.8
-9.8
-9.9
-10.0
-10.0
-10.0
-10.0
-9.9
-9.9
-9.9
-9.9
-9.9
-9.9
-10.0
-10.1
-10.1
-10.1
-10.1
-10.1
-10.2
-10.2
-10.3
-10.3
-10.3
-10.3
-10.4
-10.4
-10.3
-10.3
-10.2
-10.2
-10.1
-10.1
-10.1
-10.1
-10.1
-10.1
-10.1
-10.1
-10.2
-10.2
-10.1
-10.1
-10.0
-10.0
-10.0
-10.0
-9.9
-9.9
-9.9
-10.0
-10.0
-10.0
-10.0
-9.9
-9.9
-10.0
-10.0
-10.0
-9.9
-9.8
-9.8
-9.8
-9.9
-10.0
-10.0
-10.1
-10.1
-10.1
-10.2
-10.1
-10.1
-10.1
-10.1
-10.2
-10.2
-10.3
-10.3
-10.4
-10.4
-10.4
-10.4
-10.4
-10.3
-10.2
-10.1
-10.1
-10.2
-10.2
-10.3
-10.3
-10.2
-10.2
-10.2
-10.2
-10.2
-10.2
-10.1
-10.1
-10.1
-10.2
-10.2
-10.1
-10.1
-9.9
-9.8
-9.7
-9.6
-9.5
-9.4
-9.4
-9.4
-9.4
-9.4
-9.5
-9.5
-9.5
-9.5
-9.5
-9.5
-9.5
-9.5
-9.5
-9.5
-9.4
-9.4
-9.3
-9.2
-9.1
-9.1
-9.1
-9.1
-9.0
-8.9
-8.8
-8.5
-8.1
-7.6
-7.0
-6.3
-5.5
-4.6
-3.7
-2.6
-1.5
-0.3
1.0
2.4
3.9
5.5
7.2
9.0
10.9
12.7
14.5
16.3
18.1
19.8
21.4
22.8
24.2
25.6
26.9
28.2
29.4
30.6
31.8
32.9
34.0
35.1
36.0
36.9
37.6
38.3
38.9
39.5
40.0
40.4
40.9
41.2
41.5
41.7
41.9
42.1
42.2
42.1
42.0
41.9
41.8
41.7
41.5
41.3
41.0
40.7
40.3
39.9
39.5
38.9
38.2
37.5
36.8
36.0
35.1
34.2
33.2
32.2
31.1
30.0
28.8
27.6
26.3
25.0
23.6
22.3
21.0
19.7
18.5
17.3
16.2
15.2
14.3
13.4
12.5
11.6
10.9
10.1
9.4
8.6
8.0
7.3
6.7
6.3
5.8
5.3
4.9
4.5
4.2
3.9
3.5
3.2
2.8
2.5
2.2
2.0
1.7
1.4
1.1
0.8
0.6
0.4
0.2
0.1
0.0
0.0
-0.1
-0.2
-0.3
-0.4
-0.6
-0.7
-0.9
-1.1
-1.3
-1.5
-1.7
-1.8
-1.9
-1.9
-1.9
-2.0
-2.0
-2.1
-2.2
-2.5
-2.7
-3.1
-3.4
-3.7
-4.0
-4.2
-4.5
-4.7
-4.9
-5.1
-5.2
-5.3
-5.4
-5.5
-5.5
-5.6
-5.6
-5.5
-5.6
-5.6
-5.7
-5.8
-6.0
-6.1
-6.2
-6.2
-6.3
-6.4
-6.5
-6.6
-6.7
-6.7
-6.8
-6.9
-6.9
-6.9
-6.9
-6.9
-6.9
-6.9
-6.9
-6.9
-7.0
-7.1
-7.3
-7.5
-7.6
-7.7
-7.9
-8.0
-8.1
-8.1
-8.1
-8.1
-8.1
-8.2
-8.3
-8.4
-8.5
-8.6
-8.7
-8.8
-8.8
-8.9
-8.9
-8.9
-8.9
-9.0
-9.0
-9.0
-9.0
-9.0
-9.0
-9.0
-9.0
-9.0
-9.0
-8.9
-8.9
-9.0
-9.0
-9.0
-9.0
-9.1
-9.1
-9.1
-9.1
-9.1
-9.1
-9.1
-9.1
-9.2
-9.3
-9.4
-9.5
-9.6
-9.8
-9.9
-10.0
-10.2
-10.2
-10.3
-10.3
-10.3
-10.3
-10.4
-10.4
-10.4
-10.5
-10.4
-10.4
-10.3
-10.3
-10.2
-10.2
-10.1
-10.0
-9.9
-9.9
-10.0
-9.9
-9.9
-9.9
-9.9
-9.9
-9.9
-9.9
-9.9
-9.9
-9.8
-9.8
-9.8
-9.8
-9.9
-9.9
-9.9
-9.9
-10.0
-10.0
-10.0
-10.0
-10.0
-9.9
-9.9
-9.9
-9.9
-10.0
-10.0
-10.1
-10.2
-10.2
-10.2
-10.2
-10.2
-10.2
-10.1
-10.1
-10.1
-10.1
-10.2
-10.2
-10.3
-10.3
-10.3
-10.3
-10.3
-10.2
-10.1
-10.1
-10.0
-10.0
-9.9
-9.9
-9.8
-9.8
-9.8
-9.9
-9.9
-9.9
-9.9
-9.9
-9.9
-9.8
-9.8
-9.8
-9.8
-9.7
-9.7
-9.7
-9.7
-9.8
-9.8
-9.8
-9.8
-9.7
-9.7
-9.6
-9.5
-9.3
-9.3
-9.2
-9.1
-9.1
-9.2
-9.3
-9.5
-9.6
-9.7
-9.8
-9.9
-9.9
-10.0
-10.1
-10.1
-10.2
-10.2
-10.2
-10.3
-10.3
-10.4
-10.3
-10.3
-10.1
-10.0
-9.9
-9.8
-9.6
-9.5
-9.4
-9.3
-9.2
-9.1
-9.0
-8.9
-8.8
-8.9
-8.9
-8.9
-8.9
-8.9
-8.9
-8.8
-8.8
-8.7
-8.6
-8.5
-8.5
-8.5
-8.5
-8.6
-8.7
-8.9
-9.0
-9.1
-9.2
-9.4
-9.5
-9.6
-9.7
-9.8
-9.7
-9.7
-9.6
-9.4
-9.2
-9.1
-8.9
-8.8
-8.8
-8.7
-8.7
-8.8
-8.8
-8.8
-8.8
-8.8
-8.8
-8.8
-8.8
-8.8
-8.9
-9.0
-9.1
-9.2
-9.2
-9.2
-9.2
-9.2
-9.1
-9.1
-9.0
-8.9
-8.8
-8.8
-8.8
-8.9
-8.9
-8.9
-8.9
-8.9
-9.0
-9.0
-9.1
-9.1
-9.1
-9.1
-9.1
-9.1
-9.0
-9.0
-8.9
-8.8
-8.8
-8.8
-8.8
-8.8
-8.7
-8.7
-8.8
-8.8
-8.7
-8.7
-8.7
-8.6
-8.6
-8.6
-8.6
-8.6
-8.7
-8.7
-8.6
-8.6
-8.5
-8.5
-8.4
-8.3
-8.2
-8.1
-8.1
-8.1
-8.1
-8.1
-8.1
-8.1
-8.1
-8.0
-7.9
-7.9
-7.8
-7.6
-7.6
-7.5
-7.4
-7.4
-7.4
-7.4
-7.5
-7.5
-7.6
-7.6
-7.7
-7.8
-8.0
-8.0
-8.1
-8.0
-8.0
-7.9
-7.8
-7.7
-7.6
-7.5
-7.5
-7.4
-7.4
-7.4
-7.4
-7.4
-7.4
-7.3
-7.4
-7.4
-7.4
-7.4
-7.4
-7.3
-7.3
-7.2
-7.1
-7.0
-6.9
-6.8
-6.8
-6.8
-6.8
-6.9
-7.1
-7.2
-7.2
-7.2
-7.2
-7.2
-7.1
-7.0
-6.8
-6.7
-6.6
-6.6
-6.6
-6.6
-6.7
-6.7
-6.8
-6.9
-6.9
-6.9
-6.8
-6.8
-6.7
-6.6
-6.5
-6.4
-6.4
-6.3
-6.2
-6.2
-6.2
-6.2
-6.3
-6.3
-6.4
-6.4
-6.5
-6.6
-6.8
-6.9
-6.9
-6.9
-6.8
-6.8
-6.7
-6.5
-6.4
-6.3
-6.2
-6.2
-6.2
-6.2
-6.2
-6.3
-6.4
-6.4
-6.5
-6.6
-6.7
-6.7
-6.7
-6.7
-6.6
-6.5
-6.4
-6.2
-6.1
-6.0
-5.9
-5.8
-5.8
-5.8
-5.8
-5.8
-5.8
-5.9
-5.9
-6.0
-6.0
-6.0
-6.0
-6.0
-6.0
-6.0
-5.9
-5.8
-5.8
-5.7
-5.7
-5.7
-5.7
-5.7
-5.7
-5.8
-5.8
-5.8
-5.7
-5.8
-5.8
-5.8
-5.7
-5.6
-5.6
-5.5
-5.4
-5.3
-5.3
-5.3
-5.3
-5.3
-5.2
-5.3
-5.2
-5.3
-5.3
-5.2
-5.2
-5.2
-5.3
-5.4
-5.4
-5.5
-5.5
-5.5
-5.6
-5.6
-5.6
-5.7
-5.7
-5.8
-5.9
-6.0
-6.0
-6.1
-6.0
-6.0
-5.9
-5.8
-5.7
-5.6
-5.5
-5.4
-5.4
-5.4
-5.4
-5.5
-5.5
-5.4
-5.4
-5.3
-5.3
-5.3
-5.3
-5.2
-5.2
-5.2
-5.2
-5.2
-5.2
-5.1
-5.0
-5.0
-4.9
-4.9
-4.8
-4.7
-4.6
-4.6
-4.5
-4.5
-4.6
-4.7
-4.8
-5.0
-5.3
-5.5
-5.7
-5.8
-5.9
-5.9
-5.9
-5.8
-5.7
-5.6
-5.6
-5.6
-5.6
-5.7
-5.8
-5.8
-5.9
-5.9
-5.9
-5.9
-5.8
-5.8
-5.7
-5.7
-5.6
-5.6
-5.6
-5.7
-5.8
-5.8
-5.8
-5.9
-5.9
-5.9
-5.8
-5.8
-5.7
-5.6
-5.6
-5.6
-5.5
-5.5
-5.5
-5.4
-5.3
-5.3
-5.1
-5.0
-4.9
-4.8
-4.8
-4.7
-4.7
-4.6
-4.6
-4.6
-4.6
-4.6
-4.6
-4.5
-4.5
-4.5
-4.5
-4.5
-4.5
-4.4
-4.4
-4.4
-4.5
-4.5
-4.5
-4.5
-4.6
-4.6
-4.7
-4.7
-4.7
-4.7
-4.7
-4.7
-4.8
-4.7
-4.6
-4.5
-4.5
-4.4
-4.3
-4.2
-4.1
-4.0
-4.0
-4.0
-4.0
-4.1
-4.1
-4.2
-4.2
-4.2
-4.2
-4.2
-4.2
-4.2
-4.1
-4.0
-4.0
-4.0
-4.0
-4.0
-4.1
-4.1
-4.2
-4.2
-4.2
-4.2
-4.2
-4.1
-4.1
-4.0
-3.9
-3.7
-3.6
-3.5
-3.5
-3.5
-3.4
-3.4
-3.3
-3.3
-3.3
-3.3
-3.3
-3.4
-3.4
-3.4
-3.4
-3.5
-3.5
-3.5
-3.6
-3.7
-3.8
-3.9
-4.0
-4.1
-4.2
-4.3
-4.2
-4.1
-4.1
-4.0
-3.9
-3.8
-3.8
-3.8
-3.7
-3.7
-3.8
-3.8
-3.9
-3.9
-4.0
-4.0
-4.1
-4.1
-4.2
-4.2
-4.1
-4.0
-3.9
-3.8
-3.7
-3.6
-3.5
-3.4
-3.3
-3.2
-3.1
-3.0
-3.0
-2.9
-2.9
-2.9
-2.9
-2.8
-2.7
-2.4
-2.2
-1.8
-1.4
-0.9
-0.3
0.3
1.0
1.8
2.7
3.7
4.8
5.9
7.2
8.6
10.0
11.3
12.8
14.3
15.9
17.4
18.9
20.4
21.7
23.1
24.4
25.7
27.0
28.2
29.5
30.9
32.2
33.4
34.6
35.7
36.8
37.8
38.7
39.6
40.4
41.1
41.7
42.2
42.7
42.9
43.0
43.0
42.9
42.7
42.4
42.1
41.8
41.4
40.9
40.5
39.9
39.4
38.8
38.1
37.4
36.6
35.8
34.8
33.7
32.6
31.5
30.3
29.1
27.9
26.7
25.4
24.3
23.1
22.1
21.0
19.9
18.8
17.8
16.8
15.9
15.0
14.1
13.4
12.7
12.1
11.5
11.0
10.5
10.1
9.7
9.3
8.9
8.5
8.1
7.7
7.3
7.0
6.6
6.3
6.0
5.7
5.4
5.1
4.9
4.7
4.6
4.4
4.3
4.1
3.9
3.7
3.4
3.1
2.8
2.5
2.2
1.9
1.7
1.6
1.5
1.5
1.5
1.5
1.5
1.5
1.5
1.5
1.4
1.3
1.2
1.1
1.0
0.8
0.7
0.6
0.5
0.4
0.3
0.1
0.0
-0.2
-0.4
-0.5
-0.6
-0.8
-0.9
-1.1
-1.1
-1.2
-1.2
-1.3
-1.4
-1.5
-1.7
-1.7
-1.8
-1.8
-1.9
-2.0
-2.0
-2.0
-2.2
-2.3
-2.4
-2.6
-2.8
-3.1
-3.3
-3.5
-3.6
-3.7
-3.8
-3.8
-3.8
-3.7
-3.7
-3.6
-3.6
-3.5
-3.5
-3.5
-3.6
-3.7
-3.8
-3.9
-4.0
-4.1
-4.2
-4.3
-4.3
-4.3
-4.3
-4.2
-4.1
-4.0
-4.0
-3.9
-3.9
-4.0
-4.0
-4.1
-4.2
-4.3
-4.4
-4.4
-4.5
-4.5
-4.6
-4.7
-4.8
-4.8
-4.8
-4.8
-4.7
-4.7
-4.7
-4.8
-4.8
-4.8
-4.9
-4.9
-5.1
-5.2
-5.3
-5.3
-5.4
-5.4
-5.4
-5.3
-5.3
-5.3
-5.2
-5.2
-5.2
-5.2
-5.3
-5.4
-5.5
-5.6
-5.7
-5.8
-5.9
-6.0
-6.0
-5.9
-5.9
-5.8
-5.8
-5.6
-5.6
-5.5
-5.5
-5.5
-5.5
-5.4
-5.5
-5.5
-5.5
-5.5
-5.5
-5.6
-5.6
-5.6
-5.7
-5.8
-5.8
-5.9
-6.0
-6.0
-6.0
-6.0
-5.9
-5.9
-5.8
-5.7
-5.6
-5.6
-5.6
-5.7
-5.8
-5.9
-5.9
-5.9
-5.9
-5.9
-5.8
-5.8
-5.9
-6.0
-6.1
-6.1
-6.2
-6.2
-6.2
-6.1
-6.0
-5.9
-5.8
-5.6
-5.6
-5.5
-5.5
-5.5
-5.5
-5.4
-5.4
-5.5
-5.5
-5.6
-5.7
-5.8
-5.8
-5.9
-5.9
-5.9
-5.8
-5.7
-5.6
-5.5
-5.5
-5.5
-5.5
-5.6
-5.6
-5.7
-5.7
-5.7
-5.7
-5.7
-5.7
-5.8
-5.8
-5.9
-5.9
-6.0
-6.0
-5.9
-5.8
-5.7
-5.6
-5.6
-5.5
-5.4
-5.4
-5.4
-5.5
-5.6
-5.6
-5.6
-5.6
-5.6
-5.6
-5.6
-5.6
-5.6
-5.5
-5.5
-5.5
-5.4
-5.4
-5.4
-5.4
-5.4
-5.3
-5.3
-5.3
-5.4
-5.3
-5.2
-5.1
-5.0
-5.0
-4.9
-4.9
-4.8
-4.8
-4.8
-4.9
-4.9
-4.9
-4.9
-4.9
-4.9
-4.8
-4.8
-4.7
-4.6
-4.6
-4.5
-4.4
-4.4
-4.3
-4.3
-4.4
-4.5
-4.6
-4.8
-5.0
-5.2
-5.4
-5.6
-5.8
-5.9
-5.8
-5.7
-5.6
-5.5
-5.3
-5.1
-4.9
-4.8
-4.8
-4.8
-4.7
-4.8
-4.8
-4.9
-4.9
-4.9
-4.9
-4.8
-4.7
-4.6
-4.5
-4.5
-4.5
-4.5
-4.5
-4.6
-4.7
-4.8
-4.8
-4.8
-4.8
-4.6
-4.5
-4.4
-4.3
-4.1
-4.0
-3.9
-3.8
-3.8
-3.7
-3.6
-3.6
-3.6
-3.6
-3.6
-3.6
-3.6
-3.7
-3.8
-3.8
-3.8
-3.8
-3.8
-3.8
-3.7
-3.8
-3.8
-3.8
-3.8
-3.9
-4.0
-4.0
-4.1
-4.1
-4.1
-4.1
-4.0
-4.0
-4.0
-3.9
-3.8
-3.8
-3.8
-3.7
-3.7
-3.6
-3.6
-3.6
-3.5
-3.5
-3.5
-3.5
-3.5
-3.5
-3.6
-3.7
-3.7
-3.8
-3.9
-4.0
-4.0
-4.0
-4.0
-4.0
-4.1
-4.1
-4.0
-4.0
-3.9
-3.8
-3.8
-3.7
-3.7
-3.7
-3.7
-3.8
-3.8
-3.8
-3.8
-3.8
-3.7
-3.7
-3.6
-3.5
-3.5
-3.5
-3.6
-3.7
-3.7
-3.8
-3.8
-3.8
-3.8
-3.7
-3.6
-3.5
-3.4
-3.4
-3.4
-3.4
-3.4
-3.4
-3.5
-3.5
-3.5
-3.6
-3.5
-3.5
-3.4
-3.4
-3.4
-3.3
-3.3
-3.3
-3.4
-3.4
-3.5
-3.5
-3.6
-3.6
-3.6
-3.5
-3.4
-3.4
-3.3
-3.2
-3.2
-3.1
-3.1
-3.0
-3.0
-3.0
-2.9
-2.9
-2.8
-2.8
-2.8
-2.9
-2.9
-2.9
-3.0
-3.1
-3.2
-3.2
-3.2
-3.2
-3.2
-3.1
-3.0
-2.9
-2.7
-2.7
-2.6
-2.7
-2.8
-2.8
-2.9
-2.9
-3.0
-3.1
-3.2
-3.3
-3.3
-3.4
-3.4
-3.5
-3.5
-3.4
-3.3
-3.2
-3.2
-3.2
-3.1
-3.0
-2.9
-2.9
-2.8
-2.7
-2.7
-2.6
-2.5
-2.5
-2.4
-2.4
-2.3
-2.2
-2.1
-1.9
-1.6
-1.2
-0.7
-0.2
0.4
1.2
2.0
3.0
3.9
5.0
6.2
7.4
8.8
10.2
11.6
13.1
14.6
16.2
17.7
19.2
20.6
22.1
23.5
24.9
26.2
27.6
28.8
30.1
31.3
32.6
33.7
34.7
35.6
36.4
37.1
37.8
38.2
38.6
38.8
39.0
39.1
39.1
39.0
38.9
38.7
38.3
37.9
37.4
36.9
36.2
35.5
34.7
33.9
33.0
32.1
31.1
29.9
28.8
27.6
26.3
24.9
23.6
22.3
21.1
20.0
18.9
17.9
16.8
15.9
15.0
14.1
13.3
12.4
11.6
10.8
10.2
9.5
9.0
8.4
7.9
7.4
6.9
6.6
6.3
5.9
5.5
5.2
4.9
4.6
4.3
4.0
3.7
3.4
3.1
2.9
2.6
2.3
2.1
1.9
1.7
1.5
1.3
1.2
1.1
1.0
0.9
0.9
0.8
0.6
0.5
0.3
0.1
0.0
0.0
-0.1
-0.2
-0.2
-0.2
-0.3
-0.3
-0.3
-0.4
-0.6
-0.7
-0.9
-1.0
-1.2
-1.3
-1.4
-1.6
-1.7
-1.8
-1.9
-2.1
-2.2
-2.3
-2.4
-2.5
-2.5
-2.6
-2.6
-2.7
-2.7
-2.8
-2.9
-3.0
-3.1
-3.2
-3.3
-3.4
-3.5
-3.5
-3.4
-3.4
-3.3
-3.3
-3.2
-3.3
-3.3
-3.4
-3.5
-3.6
-3.8
-3.9
-4.0
-4.1
-4.3
-4.3
-4.4
-4.4
-4.4
-4.4
-4.4
-4.4
-4.5
-4.5
-4.6
-4.8
-5.0
-5.1
-5.1
-5.1
-5.1
-5.1
-5.0
-4.8
-4.6
-4.5
-4.5
-4.4
-4.4
-4.4
-4.5
-4.6
-4.7
-4.9
-5.1
-5.2
-5.4
-5.5
-5.5
-5.5
-5.5
-5.4
-5.3
-5.2
-5.1
-5.1
-5.1
-5.1
-5.1
-5.1
-5.2
-5.2
-5.3
-5.3
-5.4
-5.5
-5.7
-5.8
-5.9
-6.0
-6.1
-6.1
-6.1
-6.0
-5.9
-5.8
-5.7
-5.7
-5.8
-5.9
-6.0
-6.2
-6.3
-6.3
-6.3
-6.3
-6.3
-6.2
-6.1
-6.0
-5.9
-5.8
-5.8
-5.9
-5.9
-5.9
-5.9
-5.8
-5.8
-5.7
-5.6
-5.5
-5.4
-5.4
-5.3
-5.3
-5.4
-5.5
-5.5
-5.6
-5.7
-5.8
-6.0
-6.1
-6.2
-6.3
-6.2
-6.2
-6.1
-5.9
-5.8
-5.6
-5.5
-5.4
-5.4
-5.5
-5.6
-5.6
-5.6
-5.7
-5.7
-5.7
-5.6
-5.6
-5.7
-5.7
-5.8
-5.9
-6.0
-6.1
-6.1
-6.1
-6.1
-6.0
-6.0
-5.9
-5.9
-5.9
-5.8
-5.8
-5.8
-5.7
-5.7
-5.6
-5.6
-5.5
-5.5
-5.6
-5.6
-5.7
-5.7
-5.8
-6.0
-6.0
-6.1
-6.1
-6.1
-6.0
-6.0
-5.9
-5.8
-5.8
-5.7
-5.6
-5.5
-5.6
-5.6
-5.6
-5.6
-5.6
-5.6
-5.6
-5.6
-5.6
-5.7
-5.7
-5.8
-5.9
-6.0
-6.2
-6.4
-6.5
-6.6
-6.6
-6.6
-6.5
-6.3
-6.2
-6.0
-5.9
-5.8
-5.7
-5.7
-5.8
-5.8
-5.9
-5.9
-5.9
-5.9
-5.9
-5.9
-5.9
-5.9
-5.9
-5.9
-5.9
-5.9
-5.9
-5.8
-5.8
-5.7
-5.6
-5.6
-5.7
-5.7
-5.7
-5.8
-6.0
-6.1
-6.1
-6.1
-6.1
-6.1
-6.0
-5.9
-5.8
-5.7
-5.6
-5.5
-5.4
-5.4
-5.3
-5.3
-5.3
-5.2
-5.2
-5.1
-5.1
-5.1
-5.1
-5.0
-5.0
-5.0
-5.0
-5.1
-5.1
-5.1
-5.1
-5.0
-5.0
-4.9
-4.9
-4.9
-4.9
-4.8
-4.8
-4.8
-4.9
-4.8
-4.8
-4.7
-4.7
-4.6
-4.6
-4.6
-4.6
-4.5
-4.5
-4.4
-4.4
-4.5
-4.5
-4.5
-4.5
-4.5
-4.6
-4.7
-4.7
-4.6
-4.6
-4.7
-4.7
-4.7
-4.7
-4.7
-4.7
-4.7
-4.6
-4.6
-4.5
-4.3
-4.1
-4.0
-3.8
-3.7
-3.5
-3.5
-3.4
-3.3
-3.3
-3.2
-3.2
-3.0
-2.9
-2.6
-2.4
-2.0
-1.5
-1.0
-0.3
0.3
1.1
2.0
3.0
4.1
5.3
6.6
7.9
9.3
10.8
12.3
13.9
15.5
17.1
18.6
20.2
21.7
23.2
24.7
26.2
27.7
29.1
30.4
31.8
33.1
34.3
35.5
36.5
37.4
38.2
38.9
39.6
40.1
40.5
40.9
41.2
41.4
41.6
41.7
41.8
41.8
41.8
41.8
41.7
41.5
41.3
41.0
40.7
40.3
39.9
39.5
39.0
38.6
38.1
37.7
37.2
36.6
36.0
35.4
34.7
34.0
33.4
32.6
31.8
31.0
30.2
29.3
28.4
27.5
26.5
25.6
24.6
23.7
22.7
21.7
20.6
19.6
18.7
17.8
16.9
16.1
15.3
14.7
14.2
13.6
13.0
12.3
11.6
10.9
10.3
9.7
9.2
8.7
8.3
7.9
7.6
7.3
6.9
6.6
6.2
5.9
5.6
5.3
5.1
4.9
4.7
4.6
4.5
4.4
4.4
4.4
4.4
4.5
4.7
5.1
5.7
6.3
7.2
8.1
9.2
10.5
11.8
13.2
14.6
16.0
17.5
18.8
20.2
21.4
22.7
24.0
25.2
26.3
27.4
28.5
29.5
30.5
31.5
32.3
33.2
33.9
34.6
35.2
35.8
36.2
36.6
36.9
37.1
37.2
37.2
37.2
37.0
36.8
36.5
36.2
35.8
35.2
34.5
33.7
32.9
31.9
30.9
29.8
28.6
27.4
26.2
24.9
23.5
22.2
20.9
19.6
18.2
16.8
15.6
14.3
13.2
12.1
11.1
10.1
9.3
8.5
7.8
7.1
6.5
6.0
5.4
4.8
4.2
3.7
3.1
2.7
2.2
1.7
1.3
1.0
0.6
0.3
0.0
-0.2
-0.4
-0.8
-1.1
-1.4
-1.7
-1.9
-2.1
-2.3
-2.5
-2.8
-3.0
-3.2
-3.4
-3.6
-3.8
-4.0
-4.1
-4.2
-4.3
-4.4
-4.5
-4.5
-4.6
-4.7
-4.7
-4.8
-4.9
-5.0
-5.1
-5.3
-5.5
-5.6
-5.8
-5.9
-6.1
-6.2
-6.3
-6.3
-6.4
-6.4
-6.5
-6.6
-6.8
-6.9
-7.1
-7.3
-7.5
-7.7
-7.8
-8.0
-8.1
-8.2
-8.3
-8.3
-8.3
-8.3
-8.3
-8.3
-8.3
-8.4
-8.5
-8.6
-8.7
-8.8
-9.0
-9.1
-9.2
-9.4
-9.5
-9.7
-9.8
-10.0
-10.1
-10.1
-10.0
-10.0
-9.8
-9.7
-9.5
-9.3
-9.3
-9.3
-9.3
-9.4
-9.5
-9.6
-9.8
-9.9
-10.0
-10.0
-10.1
-10.1
-10.2
-10.2
-10.2
-10.2
-10.2
-10.2
-10.3
-10.3
-10.3
-10.3
-10.2
-10.2
-10.2
-10.2
-10.2
-10.2
-10.3
-10.3
-10.4
-10.5
-10.6
-10.6
-10.6
-10.6
-10.7
-10.8
-10.8
-10.9
-10.9
-11.0
-11.0
-11.0
-10.9
-10.8
-10.6
-10.6
-10.5
-10.5
-10.6
-10.6
-10.7
-10.8
-10.8
-10.9
-10.9
-11.0
-11.1
-11.2
-11.2
-11.3
-11.3
-11.3
-11.3
-11.3
-11.3
-11.2
-11.1
-11.1
-11.0
-11.0
-10.9
-10.8
-10.8
-10.8
-10.8
-10.8
-10.8
-10.8
-10.8
-10.8
-10.9
-10.9
-10.9
-10.9
-10.9
-11.0
-11.0
-11.0
-11.0
-10.9
-10.7
-10.6
-10.5
-10.4
-10.3
-10.2
-10.2
-10.3
-10.5
-10.7
-10.8
-11.0
-11.0
-11.1
-11.0
-11.0
-11.0
-11.0
-11.0
-11.0
-11.0
-11.1
-11.2
-11.3
-11.3
-11.3
-11.2
-11.2
-11.2
-11.1
-11.1
-11.0
-11.0
-11.0
-11.0
-11.0
-11.0
-10.9
-10.9
-10.8
-10.7
-10.6
-10.6
-10.5
-10.5
-10.5
-10.5
-10.5
-10.5
-10.4
-10.4
-10.3
-10.3
-10.2
-10.0
-9.8
-9.7
-9.6
-9.5
-9.5
-9.5
-9.6
-9.8
-10.1
-10.3
-10.5
-10.7
-10.8
-10.9
-10.9
-10.8
-10.7
-10.5
-10.4
-10.3
-10.2
-10.1
-10.0
-10.0
-9.9
-9.9
-9.8
-9.8
-9.8
-9.8
-9.7
-9.7
-9.7
-9.7
-9.7
-9.7
-9.7
-9.7
-9.7
-9.7
-9.8
-9.8
-9.9
-9.9
-10.0
-9.9
-9.9
-9.9
-9.8
-9.7
-9.7
-9.6
-9.5
-9.5
-9.6
-9.6
-9.6
-9.7
-9.7
-9.7
-9.6
-9.5
-9.4
-9.3
-9.2
-9.1
-9.0
-8.9
-8.9
-8.9
-8.9
-8.9
-8.9
-9.0
-9.1
-9.1
-9.1
-9.2
-9.1
-9.1
-9.0
-8.9
-8.8
-8.8
-8.7
-8.6
-8.6
-8.6
-8.7
-8.8
-8.9
-8.9
-8.9
-8.8
-8.8
-8.7
-8.7
-8.6
-8.6
-8.5
-8.6
-8.6
-8.7
-8.8
-8.8
-8.8
-8.7
-8.7
-8.6
-8.6
-8.6
-8.6
-8.6
-8.6
-8.6
-8.7
-8.8
-8.8
-8.9
-8.9
-9.0
-9.0
-8.9
-8.8
-8.7
-8.6
-8.4
-8.3
-8.1
-8.0
-7.9
-7.8
-7.8
-7.7
-7.6
-7.6
-7.6
-7.6
-7.6
-7.6
-7.7
-7.8
-7.8
-7.9
-7.9
-7.9
-7.9
-8.0
-8.0
-8.0
-8.0
-8.0
-7.9
-7.9
-7.8
-7.7
-7.7
-7.7
-7.6
-7.5
-7.5
-7.5
-7.6
-7.6
-7.5
-7.5
-7.5
-7.5
-7.5
-7.4
-7.4
-7.3
-7.3
-7.2
-7.1
-7.1
-7.1
-7.1
-7.1
-7.1
-7.1
-7.2
-7.2
-7.2
-7.2
-7.1
-6.9
-6.8
-6.5
-6.3
-6.1
-6.0
-5.9
-5.7
-5.6
-5.5
-5.4
-5.1
-4.9
-4.5
-4.0
-3.4
-2.7
-1.9
-1.0
-0.1
0.8
1.9
3.1
4.3
5.6
6.9
8.2
9.5
10.8
12.0
13.3
14.6
15.8
17.1
18.4
19.8
21.1
22.5
23.8
25.2
26.3
27.4
28.4
29.3
30.2
30.9
31.6
32.2
32.7
33.1
33.4
33.8
34.1
34.3
34.5
34.5
34.6
34.7
34.8
34.8
34.7
34.5
34.4
34.2
34.0
33.7
33.4
33.1
32.7
32.3
31.8
31.3
30.8
30.1
29.4
28.7
27.9
27.2
26.5
25.7
24.9
24.2
23.4
22.7
21.9
21.2
20.4
19.7
18.8
18.0
17.2
16.4
15.7
14.9
14.1
13.3
12.5
11.7
11.0
10.1
9.3
8.5
7.8
7.1
6.5
5.8
5.1
4.6
4.1
3.7
3.3
3.0
2.7
2.4
2.1
1.9
1.7
1.4
1.2
1.0
0.7
0.5
0.2
0.0
-0.1
-0.2
-0.4
-0.5
-0.6
-0.6
-0.6
-0.6
-0.5
-0.3
0.0
0.3
0.7
1.3
2.0
2.9
4.0
5.1
6.4
7.7
9.1
10.6
12.2
13.7
15.2
16.7
18.1
19.5
20.7
22.0
23.1
24.2
25.1
25.9
26.6
27.2
27.8
28.4
29.0
29.5
30.1
30.6
31.2
31.7
32.1
32.4
32.5
32.5
32.4
32.2
32.0
31.8
31.5
31.1
30.6
30.1
29.6
29.0
28.3
27.4
26.4
25.4
24.2
23.0
21.8
20.4
19.0
17.6
16.2
15.0
13.7
12.4
11.3
10.1
9.1
8.1
7.2
6.3
5.5
4.8
4.1
3.5
3.0
2.5
2.0
1.5
1.1
0.6
0.2
-0.1
-0.5
-0.9
-1.3
-1.6
-1.9
-2.2
-2.4
-2.6
-2.7
-2.9
-3.1
-3.2
-3.4
-3.6
-3.8
-3.9
-4.1
-4.4
-4.7
-4.9
-5.0
-5.2
-5.4
-5.6
-5.7
-5.7
-5.8
-5.9
-5.9
-6.0
-6.0
-6.1
-6.2
-6.4
-6.6
-6.9
-7.1
-7.2
-7.3
-7.4
-7.4
-7.5
-7.5
-7.5
-7.6
-7.6
-7.6
-7.7
-7.8
-7.8
-7.9
-7.9
-8.0
-8.1
-8.1
-8.2
-8.3
-8.4
-8.5
-8.6
-8.6
-8.7
-8.8
-9.0
-9.0
-9.1
-9.1
-9.1
-9.2
-9.2
-9.1
-9.1
-9.1
-9.1
-9.2
-9.2
-9.3
-9.3
-9.5
-9.6
-9.7
-9.8
-9.9
-10.0
-10.1
-10.2
-10.2
-10.2
-10.1
-10.1
-10.1
-10.1
-10.1
-10.1
-10.2
-10.2
-10.3
-10.4
-10.5
-10.6
-10.6
-10.7
-10.8
-10.8
-10.8
-10.8
-10.8
-10.8
-10.8
-10.8
-10.8
-10.8
-10.8
-10.8
-10.7
-10.7
-10.7
-10.8
-10.9
-11.0
-11.0
-11.1
-11.1
-11.2
-11.2
-11.2
-11.1
-11.1
-11.1
-11.2
-11.2
-11.3
-11.4
-11.4
-11.4
-11.5
-11.5
-11.5
-11.5
-11.5
-11.4
-11.5
-11.5
-11.6
-11.5
-11.5
-11.5
-11.3
-11.2
-11.0
-10.9
-10.8
-10.7
-10.6
-10.7
-10.7
-10.8
-10.8
-10.8
-10.8
-10.8
-10.8
-10.8
-10.8
-10.8
-10.8
-10.9
-10.9
-10.9
-10.9
-10.8
-10.7
-10.7
-10.6
-10.5
-10.4
-10.4
-10.3
-10.3
-10.3
-10.3
-10.3
-10.3
-10.3
-10.5
-10.6
-10.8
-11.1
-11.3
-11.5
-11.6
-11.7
-11.7
-11.6
-11.5
-11.3
-11.2
-11.1
-11.1
-11.1
-11.0
-11.1
-11.1
-11.1
-11.1
-11.0
-11.0
-10.9
-10.8
-10.8
-10.7
-10.6
-10.6
-10.5
-10.5
-10.4
-10.4
-10.4
-10.4
-10.4
-10.3
-10.3
-10.2
-10.2
-10.2
-10.1
-10.1
-10.0
-10.0
-9.9
-10.0
-10.0
-10.1
-10.1
-10.1
-10.1
-10.1
-10.0
-9.9
-9.8
-9.8
-9.7
-9.7
-9.7
-9.8
-9.8
-9.9
-9.9
-9.9
-10.0
-10.0
-10.0
-9.9
-9.9
-9.9
-10.0
-10.1
-10.2
-10.2
-10.1
-10.1
-10.0
-10.0
-9.9
-9.7
-9.5
-9.4
-9.4
-9.4
-9.5
-9.5
-9.6
-9.7
-9.7
-9.8
-9.8
-9.7
-9.7
-9.6
-9.5
-9.4
-9.3
-9.3
-9.4
-9.4
-9.5
-9.5
-9.4
-9.3
-9.3
-9.3
-9.1
-9.0
-8.9
-9.0
-9.1
-9.2
-9.2
-9.3
-9.4
-9.4
-9.4
-9.3
-9.2
-9.1
-9.0
-9.0
-9.0
-8.9
-8.9
-8.8
-8.8
-8.8
-8.8
-8.8
-8.8
-8.9
-8.9
-8.8
-8.8
-8.7
-8.6
-8.6
-8.5
-8.4
-8.3
-8.3
-8.3
-8.3
-8.2
-8.2
-8.1
-8.1
-8.1
-8.1
-8.1
-8.1
-8.1
-8.2
-8.2
-8.3
-8.3
-8.3
-8.3
-8.3
-8.3
-8.3
-8.3
-8.3
-8.2
-8.2
-8.1
-8.0
-8.0
-8.0
-8.0
-8.1
-8.1
-8.1
-8.1
-8.0
-8.0
-7.9
-7.7
-7.6
-7.4
-7.2
-7.1
-7.1
-7.0
-7.0
-7.0
-7.0
-7.0
-7.0
-7.0
-7.0
-7.0
-7.0
-7.0
-7.0
-6.9
-6.9
-6.9
-7.0
-7.0
-7.1
-7.3
-7.4
-7.5
-7.6
-7.6
-7.6
-7.6
-7.5
-7.4
-7.2
-7.0
-6.9
-6.8
-6.8
-6.7
-6.6
-6.6
-6.6
-6.5
-6.5
-6.5
-6.4
-6.4
-6.3
-6.3
-6.3
-6.3
-6.2
-6.2
-6.2
-6.2
-6.2
-6.2
-6.3
-6.3
-6.2
-6.1
-6.0
-6.0
-5.9
-5.9
-5.9
-5.8
-5.8
-5.9
-6.1
-6.2
-6.4
-6.5
-6.6
-6.7
-6.8
-6.8
-6.9
-6.9
-6.8
-6.8
-6.7
-6.6
-6.6
-6.5
-6.5
-6.4
-6.2
-6.1
-6.0
-5.9
-5.8
-5.7
-5.6
-5.5
-5.5
-5.4
-5.3
-5.4
-5.4
-5.3
-5.3
-5.3
-5.3
-5.3
-5.2
-5.2
-5.2
-5.2
-5.2
-5.2
-5.2
-5.3
-5.4
-5.5
-5.6
-5.6
-5.7
-5.7
-5.8
-5.9
-5.9
-5.9
-5.9
-5.9
-5.9
-5.9
-5.9
-6.0
-6.0
-6.1
-6.2
-6.2
-6.2
-6.1
-6.1
-6.0
-5.8
-5.7
-5.6
-5.6
-5.7
-5.8
-5.8
-5.8
-5.8
-5.8
-5.8
-5.7
-5.6
-5.5
-5.4
-5.4
-5.5
-5.5
-5.6
-5.5
-5.4
-5.4
-5.3
-5.2
-5.1
-4.9
-4.7
-4.5
-4.4
-4.3
-4.2
-4.1
-4.1
-4.0
-4.0
-4.0
-4.0
-3.9
-3.9
-3.8
-3.7
-3.7
-3.7
-3.7
-3.7
-3.6
-3.4
-3.1
-2.8
-2.2
-1.5
-0.5
0.5
1.7
2.9
4.1
5.5
6.9
8.3
9.6
10.9
12.3
13.6
15.0
16.5
18.1
19.6
21.3
22.9
24.5
26.1
27.7
29.2
30.6
31.8
32.9
33.9
34.8
35.5
36.1
36.6
37.1
37.4
37.5
37.7
37.7
37.7
37.7
37.5
37.2
36.8
36.4
35.9
35.4
34.7
33.9
33.1
32.2
31.1
29.9
28.7
27.3
25.9
24.6
23.2
22.0
20.8
19.7
18.7
17.8
17.1
16.5
15.9
15.5
15.1
14.9
14.8
14.8
14.8
14.7
14.7
14.9
15.0
15.1
15.1
15.1
15.0
14.9
14.6
14.3
13.8
13.2
12.6
12.0
11.3
10.7
10.1
9.5
8.9
8.3
7.7
7.1
6.5
5.9
5.4
4.9
4.5
4.2
3.9
3.6
3.3
2.9
2.5
2.1
1.7
1.4
1.0
0.7
0.5
0.4
0.2
0.1
0.0
-0.1
-0.2
-0.4
-0.5
-0.7
-0.8
-0.9
-1.1
-1.3
-1.5
-1.6
-1.8
-2.0
-2.1
-2.1
-2.2
-2.3
-2.3
-2.4
-2.4
-2.5
-2.7
-2.8
-2.9
-3.0
-3.1
-3.1
-3.1
-3.1
-3.2
-3.2
-3.2
-3.2
-3.3
-3.4
-3.5
-3.7
-3.8
-4.0
-4.1
-4.1
-4.2
-4.2
-4.1
-4.2
-4.2
-4.3
-4.4
-4.5
-4.7
-4.9
-5.0
-5.1
-5.2
-5.2
-5.1
-5.0
-4.9
-4.8
-4.8
-4.8
-4.8
-4.9
-5.0
-5.2
-5.4
-5.5
-5.6
-5.7
-5.8
-5.9
-6.0
-6.1
-6.1
-6.1
-6.1
-6.1
-6.0
-6.0
-5.9
-5.8
-5.8
-5.8
-5.8
-5.7
-5.7
-5.6
-5.6
-5.6
-5.5
-5.5
-5.4
-5.4
-5.4
-5.4
-5.4
-5.5
-5.5
-5.5
-5.5
-5.6
-5.7
-5.7
-5.7
-5.5
-5.5
-5.4
-5.3
-5.3
-5.3
-5.4
-5.6
-5.9
-6.1
-6.3
-6.4
-6.5
-6.5
-6.4
-6.3
-6.2
-6.1
-6.1
-6.2
-6.2
-6.3
-6.3
-6.3
-6.3
-6.2
-6.1
-6.1
-6.0
-6.1
-6.1
-6.2
-6.3
-6.2
-6.1
-6.1
-6.0
-5.9
-5.8
-5.7
-5.6
-5.6
-5.6
-5.6
-5.7
-5.6
-5.6
-5.6
-5.6
-5.6
-5.6
-5.5
-5.6
-5.6
-5.6
-5.7
-5.7
-5.7
-5.6
-5.6
-5.6
-5.6
-5.6
-5.6
-5.6
-5.6
-5.6
-5.6
-5.5
-5.5
-5.4
-5.4
-5.4
-5.4
-5.4
-5.4
-5.3
-5.3
-5.4
-5.4
-5.4
-5.4
-5.4
-5.5
-5.5
-5.5
-5.5
-5.5
-5.5
-5.5
-5.5
-5.5
-5.5
-5.6
-5.7
-5.7
-5.8
-5.8
-5.8
-5.8
-5.7
-5.6
-5.5
-5.4
-5.3
-5.3
-5.2
-5.2
-5.2
-5.3
-5.4
-5.5
-5.6
-5.6
-5.6
-5.6
-5.5
-5.5
-5.4
-5.4
-5.3
-5.2
-5.3
-5.3
-5.4
-5.5
-5.5
-5.6
-5.6
-5.6
-5.6
-5.6
-5.6
-5.5
-5.5
-5.3
-5.2
-5.2
-5.2
-5.2
-5.2
-5.2
-5.3
-5.3
-5.3
-5.2
-5.2
-5.2
-5.1
-5.0
-5.0
-4.9
-4.8
-4.8
-4.9
-4.9
-4.9
-5.0
-5.0
-5.0
-5.0
-5.0
-5.0
-5.0
-5.0
-5.0
-5.0
-5.0
-5.1
-5.0
-4.9
-4.9
-4.8
-4.8
-4.7
-4.6
-4.6
-4.6
-4.6
-4.7
-4.7
-4.7
-4.8
-4.9
-4.9
-5.0
-5.0
-4.9
-4.9
-4.9
-4.8
-4.8
-4.7
-4.7
-4.6
-4.6
-4.6
-4.6
-4.5
-4.5
-4.4
-4.4
-4.4
-4.5
-4.6
-4.7
-4.7
-4.8
-4.8
-4.9
-4.8
-4.8
-4.7
-4.7
-4.6
-4.6
-4.5
-4.5
-4.5
-4.5
-4.5
-4.4
-4.4
-4.5
-4.5
-4.5
-4.5
-4.5
-4.5
-4.4
-4.4
-4.4
-4.4
-4.4
-4.4
-4.4
-4.4
-4.4
-4.4
-4.3
-4.3
-4.2
-4.2
-4.1
-4.1
-4.2
-4.2
-4.2
-4.2
-4.2
-4.2
-4.1
-4.1
-4.0
-3.9
-3.9
-3.9
-3.9
-3.9
-3.9
-3.9
-3.9
-3.9
-3.9
-3.9
-3.9
-3.9
-3.8
-3.8
-3.9
-4.0
-4.1
-4.2
-4.2
-4.2
-4.2
-4.2
-4.1
-4.1
-4.0
-3.8
-3.7
-3.7
-3.7
-3.7
-3.7
-3.8
-3.9
-4.0
-4.1
-4.1
-4.1
-4.1
-4.1
-4.1
-4.0
-3.9
-3.8
-3.7
-3.6
-3.5
-3.4
-3.4
-3.4
-3.4
-3.5
-3.5
-3.5
-3.5
-3.5
-3.6
-3.7
-3.7
-3.9
-4.0
-4.0
-4.1
-4.2
-4.2
-4.2
-4.1
-4.1
-4.0
-4.0
-4.0
-3.9
-3.9
-3.9
-3.9
-3.9
-3.8
-3.8
-3.7
-3.6
-3.4
-3.3
-3.2
-3.0
-2.9
-2.8
-2.7
-2.7
-2.7
-2.7
-2.7
-2.8
-2.8
-2.9
-2.9
-2.9
-2.9
-2.9
-2.9
-2.8
-2.8
-2.8
-2.7
-2.7
-2.7
-2.7
-2.8
-2.7
-2.7
-2.7
-2.7
-2.8
-2.8
-2.9
-2.9
-3.0
-3.0
-3.0
-3.0
-3.0
-2.9
-2.9
-2.9
-2.9
-3.0
-3.1
-3.2
-3.2
-3.2
-3.2
-3.2
-3.1
-3.0
-2.9
-2.9
-2.9
-2.9
-2.9
-3.0
-3.0
-3.0
-3.1
-3.1
-3.1
-3.1
-3.1
-3.1
-3.2
-3.2
-3.2
-3.2
-3.2
-3.2
-3.2
-3.2
-3.2
-3.1
-3.0
-2.9
-2.9
-2.8
-2.7
-2.5
-2.4
-2.3
-2.3
-2.4
-2.4
-2.5
-2.5
-2.6
-2.7
-2.7
-2.8
-2.8
-2.7
-2.7
-2.6
-2.5
-2.4
-2.2
-2.2
-2.2
-2.1
-2.2
-2.2
-2.3
-2.4
-2.4
-2.5
-2.5
-2.5
-2.4
-2.4
-2.3
-2.3
-2.3
-2.2
-2.2
-2.2
-2.1
-2.1
-2.1
-2.0
-2.0
-2.0
-2.0
-2.0
-2.0
-2.1
-2.1
-2.2
-2.3
-2.3
-2.2
-2.1
-2.0
-1.9
-1.8
-1.7
-1.6
-1.5
-1.5
-1.5
-1.6
-1.6
-1.7
-1.8
-1.8
-2.0
-2.1
-2.1
-2.1
-2.1
-2.1
-2.0
-2.0
-1.8
-1.8
-1.7
-1.7
-1.6
-1.6
-1.6
-1.6
-1.6
-1.7
-1.7
-1.6
-1.7
-1.6
-1.6
-1.5
-1.5
-1.4
-1.3
-1.2
-1.1
-1.0
-0.8
-0.6
-0.3
0.0
0.4
0.9
1.4
2.0
2.8
3.6
4.5
5.5
6.6
7.8
9.0
10.4
11.8
13.3
14.8
16.4
18.0
19.8
21.5
23.1
24.8
26.6
28.3
29.9
31.4
32.9
34.3
35.6
36.8
38.0
39.1
40.1
41.1
42.0
42.9
43.8
44.7
45.4
46.0
46.6
47.1
47.5
47.9
48.2
48.4
48.7
48.9
49.2
49.4
49.5
49.7
49.8
49.8
49.8
49.8
49.7
49.7
49.5
49.5
49.5
49.5
49.5
49.5
49.5
49.5
49.4
49.3
49.2
49.0
48.8
48.6
48.4
48.2
48.0
47.9
47.8
47.8
47.8
47.7
47.7
47.7
47.6
47.5
47.4
47.3
47.2
47.0
46.8
46.5
46.3
46.0
45.7
45.2
44.9
44.5
44.2
43.9
43.6
43.3
42.9
42.6
42.2
41.9
41.5
41.1
40.8
40.6
40.4
40.1
39.8
39.4
39.0
38.7
38.4
38.0
37.6
37.2
36.9
36.6
36.3
36.1
35.8
35.4
35.1
34.7
34.5
34.2
34.0
33.7
33.5
33.2
32.9
32.6
32.3
32.1
31.8
31.5
31.2
31.0
30.7
30.4
30.2
30.0
29.8
29.6
29.4
29.2
29.1
29.0
28.8
28.7
28.5
28.3
28.1
27.8
27.6
27.4
27.2
27.0
26.9
26.7
26.5
26.3
26.1
25.9
25.7
25.5
25.3
25.2
25.0
24.9
24.7
24.6
24.4
24.3
24.1
23.9
23.7
23.4
23.2
23.0
22.7
22.6
22.3
22.2
22.0
21.9
21.8
21.7
21.4
21.2
21.0
20.7
20.5
20.2
19.9
19.7
19.5
19.4
19.3
19.2
19.2
19.2
19.2
19.1
19.0
18.9
18.8
18.7
18.6
18.4
18.2
18.0
17.9
17.7
17.6
17.4
17.2
17.0
16.9
16.8
16.6
16.5
16.3
16.1
16.0
15.9
15.7
15.6
15.5
15.4
15.2
15.1
14.9
14.7
14.6
14.4
14.2
14.0
13.9
13.7
13.6
13.5
13.3
13.3
13.2
13.1
13.1
13.1
13.0
13.0
12.9
12.8
12.7
12.6
12.5
12.3
12.2
12.0
11.8
11.6
11.4
11.1
10.9
10.7
10.4
10.1
9.9
9.8
9.8
9.8
9.7
9.6
9.5
9.5
9.4
9.2
9.1
8.9
8.7
8.6
8.5
8.4
8.4
8.3
8.2
8.1
8.0
7.8
7.7
7.6
7.5
7.3
7.1
7.0
7.0
6.9
6.8
6.7
6.5
6.4
6.3
6.2
6.1
6.0
6.0
5.9
5.9
5.9
5.9
5.9
5.8
5.8
5.7
5.6
5.5
5.5
5.5
5.5
5.4
5.4
5.3
5.3
5.2
5.1
5.0
4.8
4.7
4.6
4.5
4.4
4.3
4.2
4.1
4.0
4.0
3.9
3.8
3.8
3.7
3.7
3.6
3.6
3.5
3.4
3.2
3.1
3.0
3.0
2.9
2.8
2.8
2.7
2.7
2.7
2.7
2.7
2.6
2.5
2.5
2.4
2.4
2.3
2.3
2.2
2.2
2.2
2.2
2.2
2.2
2.2
2.1
2.1
2.0
1.9
1.8
1.8
1.7
1.6
1.5
1.4
1.3
1.2
1.1
1.0
0.8
0.7
0.6
0.5
0.4
0.3
0.3
0.2
0.2
0.2
0.1
0.1
0.1
0.1
0.0
0.0
0.0
-0.1
-0.1
-0.1
-0.2
-0.2
-0.3
-0.4
-0.4
-0.4
-0.4
-0.4
-0.5
-0.6
-0.7
-0.7
-0.8
-0.8
-0.8
-0.9
-0.9
-0.9
-0.9
-0.9
-1.0
-1.0
-1.1
-1.1
-1.2
-1.2
-1.3
-1.3
-1.4
-1.5
-1.6
-1.7
-1.8
-1.9
-1.9
-2.0
-2.0
-2.0
-2.0
-1.9
-1.9
-1.9
-1.8
-1.8
-1.8
-1.9
-2.0
-2.1
-2.2
-2.4
-2.6
-2.8
-2.9
-3.1
-3.1
-3.2
-3.2
-3.2
-3.2
-3.2
-3.1
-3.1
-3.1
-3.1
-3.2
-3.2
-3.3
-3.3
-3.4
-3.4
-3.4
-3.4
-3.3
-3.3
-3.2
-3.1
-3.0
-3.0
-3.0
-3.0
-3.1
-3.2
-3.3
-3.3
-3.4
-3.4
-3.4
-3.5
-3.5
-3.5
-3.5
-3.5
-3.5
-3.5
-3.6
-3.6
-3.6
-3.7
-3.7
-3.8
-3.9
-3.9
-4.0
-4.1
-4.1
-4.2
-4.3
-4.4
-4.4
-4.5
-4.5
-4.6
-4.6
-4.6
-4.7
-4.7
-4.7
-4.7
-4.7
-4.8
-4.8
-4.9
-5.0
-5.1
-5.1
-5.2
-5.2
-5.2
-5.2
-5.2
-5.2
-5.1
-5.1
-5.1
-5.0
-5.0
-5.0
-5.0
-5.0
-4.9
-4.9
-4.9
-4.9
-4.8
-4.8
-4.8
-4.9
-4.9
-5.0
-5.0
-5.1
-5.1
-5.2
-5.3
-5.3
-5.4
-5.4
-5.4
-5.5
-5.5
-5.6
-5.7
-5.7
-5.8
-5.8
-5.9
-5.9
-5.9
-5.9
-5.8
-5.8
-5.7
-5.7
-5.7
-5.7
-5.7
-5.7
-5.9
-5.9
-6.0
-6.0
-6.0
-5.9
-6.0
-6.0
-6.1
-6.1
-6.1
-6.2
-6.2
-6.2
-6.2
-6.2
-6.1
-6.1
-6.1
-6.0
-6.0
-5.9
-6.0
-6.0
-6.0
-6.0
-6.0
-6.0
-6.1
-6.2
-6.2
-6.2
-6.3
-6.3
-6.3
-6.3
-6.2
-6.2
-6.2
-6.2
-6.2
-6.2
-6.2
-6.3
-6.3
-6.3
-6.4
-6.4
-6.5
-6.5
-6.5
-6.5
-6.5
-6.5
-6.5
-6.5
-6.5
-6.5
-6.5
-6.6
-6.6
-6.6
-6.5
-6.4
-6.3
-6.1
-6.1
-6.0
-5.9
-5.8
-5.8
-5.8
-5.8
-5.9
-5.9
-5.9
-5.9
-5.9
-5.9
-5.9
-5.9
-5.9
-5.9
-5.9
-5.9
-5.8
-5.8
-5.8
-5.8
-5.8
-5.8
-5.8
-5.8
-5.8
-5.6
-5.6
-5.5
-5.4
-5.4
-5.3
-5.4
-5.4
-5.5
-5.5
-5.6
-5.6
-5.6
-5.6
-5.6
-5.7
-5.7
-5.6
-5.6
-5.6
-5.6
-5.6
-5.6
-5.6
-5.6
-5.6
-5.6
-5.7
-5.8
-5.9
-6.0
-6.0
-6.1
-6.2
-6.3
-6.3
-6.4
-6.4
-6.5
-6.5
-6.5
-6.6
-6.6
-6.6
-6.7
-6.7
-6.7
-6.8
-6.8
-6.8
-6.9
-7.0
-7.0
-7.0
-7.0
-7.0
-7.0
-7.1
-7.2
-7.2
-7.2
-7.2
-7.3
-7.3
-7.3
-7.2
-7.1
-7.0
-7.0
-7.0
-7.0
-7.0
-7.0
-7.1
-7.1
-7.1
-7.1
-7.1
-7.0
-6.9
-6.8
-6.8
-6.7
-6.6
-6.5
-6.5
-6.5
-6.6
-6.7
-6.8
-6.9
-7.0
-7.0
-7.2
-7.3
-7.3
-7.4
-7.4
-7.4
-7.4
-7.5
-7.6
-7.6
-7.7
-7.7
-7.6
-7.6
-7.6
-7.6
-7.5
-7.6
-7.6
-7.6
-7.7
-7.8
-7.9
-7.9
-7.9
-7.9
-7.8
-7.8
-7.8
-7.8
-7.8
-7.8
-7.8
-7.8
-7.8
-7.9
-7.9
-7.9
-7.9
-7.9
-7.9
-7.9
-7.9
-7.8
-7.8
-7.8
-7.7
-7.7
-7.7
-7.6
-7.5
-7.5
-7.5
-7.4
-7.4
-7.5
-7.6
-7.7
-7.8
-7.9
-7.9
-7.9
-7.9
-7.9
-7.9
-7.8
-7.7
-7.7
-7.8
-7.8
-7.8
-7.9
-7.9
-7.9
-7.9
-7.8
-7.8
-7.8
-7.7
-7.6
-7.6
-7.5
-7.5
-7.5
-7.4
-7.4
-7.4
-7.4
-7.3
-7.3
-7.2
-7.2
-7.1
-7.1
-7.0
-7.0
-7.0
-6.9
-6.9
-6.9
-6.9
-6.8
-6.8
-6.7
-6.7
-6.7
-6.8
-6.8
-6.8
-6.8
-6.8
-6.8
-6.8
-6.8
-6.8
-6.9
-7.0
-7.0
-7.1
-7.2
-7.2
-7.2
-7.2
-7.1
-7.0
-6.8
-6.7
-6.6
-6.5
-6.5
-6.5
-6.5
-6.5
-6.6
-6.6
-6.7
-6.8
-6.8
-6.8
-6.9
-6.9
-7.0
-7.0
-7.0
-7.0
-7.1
-7.0
-7.0
-7.0
-7.0
-7.0
-7.0
-7.0
-6.9
-6.9
-6.9
-6.9
-7.0
-7.0
-7.1
-7.1
-7.3
-7.4
-7.4
-7.4
-7.3
-7.2
-7.2
-7.1
-7.0
-6.9
-6.9
-6.9
-6.9
-6.9
-6.9
-6.9
-6.9
-6.8
-6.8
-6.7
-6.6
-6.6
-6.5
-6.6
-6.6
-6.6
-6.7
-6.7
-6.7
-6.7
-6.8
-6.8
-6.8
-6.8
-6.8
-6.7
-6.7
-6.7
-6.7
-6.7
-6.7
-6.7
-6.7
-6.7
-6.8
-6.8
-6.8
-6.7
-6.7
-6.7
-6.7
-6.7
-6.7
-6.7
-6.7
-6.7
-6.7
-6.7
-6.7
-6.7
-6.7
-6.6
-6.6
-6.6
-6.6
-6.6
-6.6
-6.6
-6.7
-6.6
-6.6
-6.6
-6.5
-6.5
-6.4
-6.4
-6.4
-6.3
-6.3
-6.2
-6.2
-6.2
-6.2
-6.1
-6.1
-6.0
-6.0
-6.0
-6.0
-5.9
-5.9
-5.9
-6.0
-6.0
-6.0
-6.0
-6.0
-6.0
-6.0
-5.9
-5.9
-5.9
-5.9
-6.0
-6.1
-6.2
-6.4
-6.5
-6.6
-6.7
-6.8
-6.8
-6.8
-6.7
-6.5
-6.3
-6.2
-6.1
-6.0
-5.9
-5.9
-5.9
-6.0
-6.1
-6.1
-6.2
-6.2
-6.2
-6.2
-6.2
-6.1
-6.1
-6.0
-6.0
-6.0
-6.0
-6.0
-6.0
-6.0
-6.0
-6.0
-6.0
-6.0
-5.8
-5.7
-5.6
-5.5
-5.4
-5.4
-5.4
-5.3
-5.3
-5.2
-5.2
-5.2
-5.2
-5.1
-5.1
-5.1
-5.1
-5.2
-5.2
-5.3
-5.4
-5.5
-5.6
-5.8
-6.0
-6.2
-6.3
-6.3
-6.3
-6.3
-6.2
-6.1
-6.0
-5.9
-5.8
-5.8
-5.9
-5.9
-6.0
-6.0
-6.1
-6.2
-6.2
-6.2
-6.2
-6.2
-6.2
-6.2
-6.1
-6.1
-6.1
-6.1
-6.1
-6.1
