1.9
2.0
2.1
2.2
2.3
2.4
2.5
2.5
2.6
2.6
2.5
2.5
2.5
2.4
2.4
2.3
2.3
2.4
2.5
2.6
2.7
2.8
2.8
2.8
2.9
2.9
2.9
2.8
2.8
2.7
2.6
2.5
2.5
2.5
2.4
2.3
2.3
2.3
2.2
2.2
2.1
2.0
1.8
1.7
1.6
1.5
1.5
1.4
1.4
1.5
1.5
1.6
1.6
1.5
1.5
1.5
1.5
1.5
1.5
1.5
1.6
1.7
1.9
2.0
2.2
2.2
2.2
2.2
2.2
2.2
2.1
2.1
2.1
2.2
2.2
2.3
2.5
2.6
2.7
2.7
2.8
2.8
2.7
2.7
2.6
2.6
2.6
2.5
2.5
2.4
2.3
2.3
2.3
2.2
2.1
2.0
1.9
1.8
1.7
1.6
1.5
1.5
1.5
1.5
1.5
1.5
1.6
1.6
1.5
1.5
1.4
1.4
1.4
1.4
1.4
1.4
1.4
1.5
1.5
1.6
1.6
1.6
1.6
1.6
1.7
1.7
1.7
1.7
1.7
1.8
1.8
1.9
2.1
2.2
2.4
2.5
2.6
2.8
2.9
2.9
3.0
3.0
3.0
3.0
3.0
2.9
2.8
2.6
2.5
2.4
2.3
2.2
2.2
2.1
2.1
2.1
2.2
2.2
2.1
2.0
1.9
1.8
1.7
1.6
1.6
1.6
1.7
1.7
1.8
1.9
2.0
2.0
1.9
1.9
1.9
1.8
1.8
1.7
1.7
1.7
1.7
1.7
1.7
1.7
1.7
1.6
1.6
1.5
1.5
1.5
1.5
1.5
1.5
1.6
1.7
1.7
1.8
2.0
2.1
2.2
2.3
2.3
2.4
2.4
2.5
2.5
2.4
2.4
2.3
2.2
2.0
1.9
1.7
1.5
1.4
1.3
1.2
1.2
1.2
1.2
1.1
1.2
1.2
1.1
1.0
1.0
1.0
1.0
1.1
1.1
1.1
1.1
1.1
1.2
1.2
1.3
1.3
1.3
1.3
1.3
1.3
1.4
1.4
1.4
1.4
1.5
1.5
1.5
1.5
1.6
1.6
1.6
1.6
1.6
1.6
1.6
1.6
1.6
1.6
1.6
1.7
1.7
1.7
1.8
1.8
1.9
1.9
1.9
1.9
1.8
1.7
1.7
1.5
1.4
1.4
1.3
1.2
1.1
0.9
0.8
0.8
0.7
0.6
0.6
0.5
0.5
0.4
0.4
0.3
0.2
0.1
0.0
0.0
0.0
0.0
0.1
0.2
0.3
0.5
0.6
0.8
0.9
0.9
0.9
0.9
0.9
0.9
0.9
0.9
1.0
1.2
1.3
1.4
1.4
1.4
1.4
1.3
1.2
1.0
1.0
0.9
1.0
1.0
1.0
1.1
1.1
1.1
1.0
0.9
0.8
0.6
0.4
0.3
0.1
0.0
0.0
0.0
-0.1
-0.2
-0.3
-0.3
-0.3
-0.3
-0.2
-0.1
0.0
0.0
0.0
0.1
0.1
0.1
0.0
0.0
0.0
0.0
-0.1
-0.1
-0.1
-0.1
-0.1
0.0
0.0
0.0
0.0
0.0
0.0
0.0
0.1
0.1
0.2
0.3
0.3
0.4
0.5
0.5
0.5
0.5
0.5
0.5
0.4
0.3
0.3
0.3
0.3
0.3
0.2
0.2
0.2
0.1
0.0
-0.1
-0.3
-0.4
-0.5
-0.6
-0.6
-0.6
-0.5
-0.5
-0.4
-0.4
-0.4
-0.4
-0.4
-0.4
-0.4
-0.5
-0.5
-0.4
-0.3
-0.3
-0.4
-0.4
-0.4
-0.4
-0.4
-0.5
-0.5
-0.5
-0.5
-0.4
-0.4
-0.3
-0.2
-0.1
0.0
0.0
0.0
0.0
0.0
0.0
0.0
0.0
0.1
0.2
0.3
0.4
0.5
0.6
0.5
0.5
0.5
0.4
0.4
0.3
0.2
0.2
0.1
0.1
0.1
0.0
0.0
0.0
-0.1
-0.3
-0.4
-0.5
-0.6
-0.7
-0.9
-1.0
-1.0
-1.0
-1.0
-0.9
-0.9
-0.9
-0.8
-0.8
-0.8
-0.7
-0.7
-0.6
-0.6
-0.6
-0.6
-0.5
-0.5
-0.5
-0.6
-0.5
-0.4
-0.4
-0.3
-0.2
-0.1
0.0
0.1
0.2
0.3
0.5
0.6
0.6
0.6
0.6
0.5
0.4
0.3
0.2
0.1
0.0
-0.1
-0.1
-0.2
-0.3
-0.4
-0.4
-0.5
-0.6
-0.6
-0.7
-0.8
-0.8
-0.7
-0.7
-0.7
-0.7
-0.8
-0.8
-0.8
-0.8
-0.9
-1.0
-1.0
-1.0
-1.0
-1.0
-1.0
-1.0
-1.0
-1.0
-0.9
-0.8
-0.7
-0.6
-0.5
-0.4
-0.3
-0.2
-0.1
-0.1
0.0
0.0
0.0
0.0
0.1
0.1
0.0
0.0
0.0
-0.1
-0.2
-0.3
-0.3
-0.3
-0.3
-0.3
-0.3
-0.3
-0.3
-0.3
-0.3
-0.3
-0.4
-0.4
-0.3
-0.3
-0.4
-0.4
-0.4
-0.5
-0.5
-0.6
-0.7
-0.8
-0.9
-0.9
-1.0
-1.1
-1.1
-1.1
-1.1
-1.1
-1.0
-0.9
-0.8
-0.7
-0.5
-0.4
-0.3
-0.3
-0.2
-0.2
-0.2
-0.2
-0.2
-0.2
-0.1
-0.1
0.0
0.0
0.0
0.1
0.2
0.3
0.3
0.4
0.4
0.4
0.4
0.3
0.3
0.2
0.2
0.1
0.0
0.0
0.0
0.0
-0.1
-0.1
-0.2
-0.3
-0.3
-0.4
-0.5
-0.5
-0.6
-0.6
-0.7
-0.7
-0.6
-0.6
-0.6
-0.5
-0.5
-0.6
-0.6
-0.6
-0.6
-0.6
-0.6
-0.6
-0.6
-0.5
-0.5
-0.5
-0.5
-0.5
-0.5
-0.5
-0.5
-0.5
-0.5
-0.5
-0.4
-0.2
-0.1
0.0
0.0
0.1
0.2
0.4
0.5
0.6
0.7
0.8
0.8
0.8
0.7
0.6
0.4
0.2
0.0
-0.2
-0.4
-0.6
-0.7
-0.7
-0.6
-0.6
-0.6
-0.5
-0.5
-0.4
-0.4
-0.4
-0.4
-0.3
-0.3
-0.3
-0.3
-0.4
-0.4
-0.5
-0.6
-0.6
-0.7
-0.7
-0.7
-0.6
-0.6
-0.5
-0.4
-0.4
-0.4
-0.4
-0.4
-0.3
-0.3
-0.4
-0.3
-0.3
-0.4
-0.4
-0.4
-0.5
-0.5
-0.5
-0.4
-0.3
-0.2
0.0
0.0
0.2
0.4
0.5
0.5
0.5
0.5
0.5
0.4
0.3
0.1
0.0
-0.1
-0.1
-0.2
-0.2
-0.2
-0.3
-0.2
-0.3
-0.3
-0.3
-0.3
-0.4
-0.4
-0.4
-0.3
-0.3
-0.3
-0.3
-0.3
-0.4
-0.4
-0.4
-0.4
-0.5
-0.5
-0.4
-0.4
-0.3
-0.3
-0.3
-0.2
-0.2
-0.1
-0.1
-0.1
0.0
0.0
0.0
0.0
0.0
0.1
0.2
0.2
0.3
0.3
0.4
0.4
0.4
0.4
0.4
0.3
0.3
0.2
0.2
0.2
0.2
0.2
0.3
0.3
0.2
0.2
0.2
0.2
0.2
0.2
0.2
0.2
0.2
0.2
0.2
0.2
0.2
0.1
0.1
0.1
0.1
0.2
0.2
0.2
0.2
0.3
0.3
0.3
0.3
0.3
0.2
0.1
0.1
0.1
0.1
0.0
0.0
0.0
0.0
0.0
0.1
0.1
0.1
0.2
0.3
0.4
0.5
0.6
0.6
0.7
0.7
0.7
0.7
0.7
0.7
0.6
0.6
0.5
0.4
0.3
0.2
0.1
0.0
0.0
0.0
-0.1
-0.1
-0.1
-0.1
-0.1
-0.1
0.0
0.0
0.0
0.1
0.1
0.1
0.1
0.1
0.1
0.0
0.0
0.0
0.0
0.0
0.0
0.0
0.0
0.0
0.1
0.1
0.1
0.1
0.2
0.2
0.3
0.3
0.4
0.4
0.4
0.5
0.5
0.6
0.6
0.7
0.8
0.9
1.0
1.0
1.0
1.0
1.0
0.9
0.8
0.7
0.6
0.5
0.5
0.4
0.4
0.4
0.4
0.4
0.3
0.3
0.3
0.3
0.3
0.3
0.3
0.3
0.4
0.5
0.6
0.5
0.5
0.4
0.4
0.2
0.1
0.0
-0.1
-0.2
-0.2
-0.3
-0.3
-0.3
-0.3
-0.3
-0.3
-0.3
-0.2
-0.2
-0.1
0.0
0.1
0.2
0.3
0.4
0.5
0.6
0.7
0.8
0.8
0.9
0.9
0.9
0.9
0.9
0.9
0.8
0.8
0.8
0.8
0.8
0.9
0.9
1.0
1.0
1.0
1.1
1.1
1.2
1.2
1.1
1.1
1.1
1.0
0.8
0.6
0.4
0.3
0.2
0.2
0.2
0.1
0.2
0.3
0.3
0.4
0.4
0.5
0.4
0.4
0.4
0.4
0.4
0.4
0.4
0.4
0.3
0.3
0.3
0.4
0.4
0.3
0.4
0.4
0.5
0.6
0.6
0.7
0.7
0.7
0.7
0.8
0.8
0.8
0.8
0.8
0.9
1.0
1.1
1.1
1.3
1.4
1.5
1.6
1.6
1.5
1.5
1.3
1.2
1.0
0.8
0.7
0.5
0.4
0.4
0.3
0.3
0.3
0.4
0.4
0.4
0.5
0.5
0.6
0.7
0.7
0.7
0.7
0.7
0.7
0.6
0.6
0.5
0.5
0.5
0.5
0.6
0.6
0.6
0.7
0.7
0.8
0.9
1.0
1.1
1.2
1.3
1.4
1.6
1.7
1.7
1.8
1.8
1.8
1.8
1.8
1.8
1.8
1.7
1.7
1.7
1.6
1.5
1.4
1.3
1.3
1.3
1.3
1.4
1.5
1.6
1.7
1.8
2.0
2.1
2.1
2.2
2.3
2.4
2.4
2.4
2.3
2.3
2.3
2.3
2.4
2.4
2.5
2.6
2.8
2.9
3.0
3.0
3.0
2.9
2.8
2.8
2.7
2.6
2.5
2.4
2.4
2.4
2.4
2.4
2.5
2.6
2.8
2.9
3.0
3.2
3.3
3.4
3.4
3.4
3.4
3.4
3.4
3.4
3.4
3.4
3.4
3.4
3.4
3.3
3.2
3.1
3.0
3.0
2.9
2.7
2.6
2.5
2.4
2.3
2.2
2.0
1.9
1.7
1.6
1.5
1.4
1.2
1.2
1.1
1.0
1.0
1.1
1.1
1.1
1.1
1.2
1.2
1.2
1.1
1.0
1.1
1.1
1.2
1.2
1.3
1.4
1.6
1.7
1.8
1.9
2.0
2.0
2.1
2.1
2.2
2.3
2.4
2.4
2.4
2.4
2.5
2.5
2.5
2.5
2.5
2.5
2.5
2.5
2.5
2.4
2.3
2.2
2.1
2.0
1.9
1.7
1.7
1.6
1.5
1.4
1.3
1.2
1.2
1.1
0.9
0.8
0.7
0.6
0.5
0.5
0.4
0.4
0.4
0.4
0.4
0.4
0.4
0.4
0.3
0.3
0.2
0.2
0.2
0.1
0.1
0.1
0.1
0.1
0.2
0.3
0.3
0.4
0.5
0.7
0.9
1.1
1.2
1.4
1.6
1.8
1.9
2.0
2.2
2.2
2.3
2.4
2.5
2.6
2.7
2.8
2.9
2.9
2.9
2.8
2.7
2.6
2.4
2.1
1.8
1.5
1.1
0.8
0.6
0.3
0.1
0.0
-0.1
-0.2
-0.2
-0.2
-0.1
0.0
0.0
0.0
0.0
0.0
0.0
0.1
0.1
0.1
0.1
0.1
0.2
0.3
0.3
0.4
0.6
0.7
0.8
0.9
1.1
1.2
1.3
1.5
1.6
1.7
1.9
2.0
2.2
2.3
2.4
2.5
2.5
2.5
2.5
2.4
2.3
2.3
2.2
2.2
2.2
2.2
2.1
2.1
2.1
2.0
2.0
1.9
1.8
1.7
1.6
1.4
1.2
1.1
0.9
0.7
0.5
0.3
0.2
0.1
0.1
0.1
0.2
0.3
0.4
0.5
0.6
0.6
0.6
0.5
0.4
0.3
0.2
0.1
0.1
0.2
0.2
0.3
0.5
0.6
0.8
0.9
1.0
1.1
1.2
1.3
1.4
1.5
1.7
1.8
1.9
2.1
2.2
2.3
2.4
2.5
2.6
2.6
2.7
2.7
2.8
2.8
2.7
2.6
2.5
2.3
2.2
2.0
1.8
1.7
1.6
1.5
1.4
1.4
1.3
1.2
1.1
1.0
0.9
0.8
0.7
0.6
0.5
0.5
0.5
0.4
0.3
0.2
0.2
0.2
0.1
0.1
0.0
0.0
0.0
0.0
0.0
0.1
0.1
0.2
0.3
0.4
0.5
0.7
0.8
0.8
0.9
1.0
1.0
1.1
1.1
1.2
1.2
1.3
1.4
1.4
1.5
1.5
1.6
1.6
1.7
1.7
1.8
1.8
1.8
1.8
1.8
1.8
1.7
1.5
1.3
1.1
0.9
0.7
0.6
0.4
0.3
0.3
0.4
0.5
0.5
0.6
0.6
0.7
0.6
0.6
0.6
0.5
0.5
0.5
0.5
0.6
0.7
0.7
0.7
0.7
0.7
0.6
0.5
0.5
0.5
0.5
0.5
0.5
0.6
0.7
0.8
0.8
0.9
0.9
0.9
0.9
0.9
0.8
0.8
0.8
0.8
0.8
0.7
0.7
0.8
0.8
0.9
1.0
1.1
1.2
1.2
1.2
1.2
1.2
1.1
1.0
0.8
0.7
0.6
0.5
0.5
0.5
0.4
0.4
0.4
0.4
0.4
0.4
0.3
0.3
0.3
0.3
0.3
0.2
0.2
0.1
0.1
0.0
0.0
0.0
-0.1
-0.2
-0.3
-0.3
-0.4
-0.5
-0.5
-0.5
-0.4
-0.2
0.0
0.0
0.2
0.4
0.5
0.6
0.6
0.5
0.5
0.5
0.6
0.6
0.6
0.7
0.7
0.8
0.8
0.8
0.8
0.7
0.7
0.6
0.6
0.4
0.3
0.1
0.0
-0.2
-0.4
-0.6
-0.7
-0.7
-0.8
-0.8
-0.9
-0.9
-1.0
-1.0
-1.1
-1.1
-1.2
-1.3
-1.4
-1.4
-1.3
-1.3
-1.2
-1.2
-1.2
-1.2
-1.1
-1.0
-1.0
-0.9
-0.9
-0.8
-0.8
-0.7
-0.5
-0.4
-0.3
-0.2
-0.1
0.0
0.1
0.2
0.3
0.4
0.5
0.6
0.6
0.7
0.7
0.7
0.7
0.7
0.6
0.5
0.4
0.3
0.1
0.0
-0.1
-0.3
-0.5
-0.6
-0.8
-0.9
-0.9
-1.0
-1.0
-1.0
-0.9
-0.8
-0.8
-0.8
-0.8
-0.8
-0.8
-0.8
-0.8
-0.9
-0.9
-0.8
-0.9
-0.9
-0.9
-0.8
-0.8
-0.7
-0.7
-0.7
-0.7
-0.7
-0.6
-0.6
-0.6
-0.6
-0.6
-0.6
-0.6
-0.5
-0.5
-0.4
-0.3
-0.3
-0.2
-0.1
0.0
0.0
0.2
0.3
0.5
0.5
0.6
0.6
0.6
0.5
0.3
0.2
0.1
0.0
-0.2
-0.3
-0.4
-0.4
-0.5
-0.6
-0.6
-0.6
-0.6
-0.6
-0.6
-0.6
-0.6
-0.6
-0.6
-0.5
-0.5
-0.6
-0.6
-0.6
-0.6
-0.6
-0.6
-0.6
-0.6
-0.6
-0.5
-0.5
-0.4
-0.3
-0.2
-0.1
-0.1
0.0
0.0
0.1
0.2
0.2
0.3
0.3
0.3
0.3
0.4
0.5
0.5
0.6
0.7
0.7
0.8
0.8
0.8
0.8
0.8
0.8
0.8
0.8
0.8
0.9
0.9
1.0
0.9
0.8
0.7
0.6
0.5
0.4
0.3
0.3
0.2
0.3
0.3
0.4
0.5
0.5
0.5
0.5
0.6
0.6
0.6
0.6
0.5
0.5
0.5
0.5
0.5
0.5
0.5
0.4
0.4
0.4
0.4
0.4
0.3
0.3
0.3
0.3
0.3
0.3
0.3
0.3
0.2
0.1
0.0
0.0
0.0
0.0
0.0
0.0
0.0
0.0
0.0
0.0
-0.1
-0.1
-0.1
-0.2
-0.2
-0.3
-0.4
-0.4
-0.5
-0.6
-0.8
-0.9
-1.0
-1.1
-1.2
-1.2
-1.3
-1.4
-1.5
-1.6
-1.6
-1.7
-1.7
-1.7
-1.7
-1.7
-1.8
-1.7
-1.7
-1.7
-1.8
-1.8
-1.9
-1.9
-2.0
-2.0
-2.0
-2.1
-2.2
-2.2
-2.3
-2.4
-2.4
-2.4
-2.4
-2.3
-2.3
-2.2
-2.1
-2.1
-2.1
-2.1
-2.1
-2.1
-2.2
-2.2
-2.2
-2.2
-2.2
-2.3
-2.3
-2.3
-2.3
-2.2
-2.2
-2.1
-2.0
-1.8
-1.6
-1.5
-1.4
-1.3
-1.2
-1.1
-1.1
-1.1
-1.0
-0.9
-0.9
-0.8
-0.8
-0.7
-0.6
-0.6
-0.5
-0.5
-0.6
-0.6
-0.6
-0.7
-0.7
-0.8
-0.8
-0.8
-0.8
-0.7
-0.6
-0.5
-0.5
-0.4
-0.4
-0.4
-0.4
-0.4
-0.4
-0.5
-0.6
-0.7
-0.8
-0.9
-1.0
-1.2
-1.3
-1.3
-1.2
-1.2
-1.1
-1.1
-1.0
-0.9
-0.7
-0.6
-0.5
-0.4
-0.3
-0.2
-0.1
0.0
0.0
0.0
0.0
0.0
-0.1
-0.1
0.0
0.0
0.0
0.0
0.0
-0.1
-0.1
-0.2
-0.3
-0.4
-0.5
-0.6
-0.6
-0.6
-0.6
-0.6
-0.6
-0.6
-0.6
-0.6
-0.6
-0.6
-0.7
-0.8
-0.8
-0.9
-0.9
-0.9
-0.9
-0.9
-0.9
-0.9
-0.8
-0.8
-0.9
-0.9
-1.0
-1.0
-1.1
-1.1
-1.1
-1.1
-1.1
-1.1
-1.0
-0.9
-0.8
-0.8
-0.7
-0.7
-0.7
-0.7
-0.7
-0.8
-0.9
-0.9
-0.9
-0.8
-0.7
-0.6
-0.6
-0.6
-0.6
-0.6
-0.5
-0.6
-0.6
-0.7
-0.8
-0.8
-0.9
-1.0
-1.1
-1.2
-1.3
-1.4
-1.5
-1.6
-1.7
-1.7
-1.8
-1.9
-2.0
-2.0
-2.0
-2.0
-2.0
-1.9
-1.9
-1.8
-1.7
-1.7
-1.7
-1.7
-1.7
-1.7
-1.7
-1.6
-1.5
-1.4
-1.3
-1.1
-0.9
-0.7
-0.6
-0.5
-0.5
-0.5
-0.5
-0.6
-0.7
-0.8
-0.8
-0.9
-1.0
-1.1
-1.1
-1.1
-1.1
-1.2
-1.2
-1.3
-1.2
-1.2
-1.1
-1.0
-1.0
-0.9
-0.8
-0.8
-0.7
-0.7
-0.6
-0.6
-0.5
-0.5
-0.5
-0.5
-0.5
-0.5
-0.5
-0.4
-0.3
-0.3
-0.2
-0.1
0.0
0.0
0.0
0.0
-0.1
-0.2
-0.3
-0.4
-0.5
-0.6
-0.6
-0.7
-0.6
-0.6
-0.6
-0.5
-0.4
-0.3
-0.2
-0.1
-0.1
-0.2
-0.2
-0.4
-0.5
-0.5
-0.6
-0.7
-0.7
-0.7
-0.7
-0.7
-0.7
-0.6
-0.6
-0.5
-0.4
-0.3
-0.1
0.0
0.1
0.2
0.4
0.4
0.5
0.5
0.6
0.6
0.7
0.6
0.6
0.5
0.3
0.2
0.0
-0.1
-0.3
-0.4
-0.6
-0.7
-0.8
-0.8
-0.9
-0.9
-0.9
-0.9
-0.9
-0.8
-0.8
-0.7
-0.6
-0.6
-0.6
-0.6
-0.7
-0.7
-0.6
-0.6
-0.6
-0.5
-0.5
-0.4
-0.4
-0.4
-0.4
-0.4
-0.4
-0.5
-0.6
-0.6
-0.6
-0.7
-0.7
-0.7
-0.7
-0.7
-0.6
-0.6
-0.5
-0.5
-0.5
-0.6
-0.6
-0.6
-0.6
-0.6
-0.6
-0.5
-0.5
-0.6
-0.6
-0.6
-0.7
-0.8
-0.8
-0.9
-0.9
-0.9
-0.9
-0.9
-0.9
-0.8
-0.8
-0.8
-0.8
-0.8
-0.7
-0.6
-0.5
-0.5
-0.4
-0.3
-0.2
-0.2
-0.1
-0.1
0.0
0.0
0.0
-0.1
-0.1
-0.1
-0.2
-0.2
-0.2
-0.2
-0.2
-0.2
-0.2
-0.3
-0.4
-0.5
-0.6
-0.6
-0.8
-0.9
-0.9
-0.8
-0.7
-0.7
-0.6
-0.6
-0.5
-0.6
-0.6
-0.6
-0.6
-0.6
-0.7
-0.7
-0.7
-0.7
-0.8
-0.8
-0.9
-0.9
-0.9
-0.9
-0.9
-0.9
-0.9
-1.0
-1.1
-1.1
-1.2
-1.2
-1.3
-1.4
-1.4
-1.4
-1.3
-1.2
-1.2
-1.1
-1.1
-1.2
-1.2
-1.3
-1.3
-1.4
-1.4
-1.4
-1.3
-1.2
-1.1
-1.0
-0.9
-0.8
-0.8
-0.8
-0.9
-0.9
-1.0
-1.0
-1.1
-1.1
-1.1
-1.1
-1.1
-1.0
-1.0
-1.1
-1.1
-1.1
-1.0
-1.0
-0.9
-0.9
-0.8
-0.7
-0.6
-0.6
-0.6
-0.6
-0.6
-0.7
-0.7
-0.8
-0.8
-0.9
-1.0
-1.1
-1.1
-1.1
-1.2
-1.2
-1.3
-1.3
-1.3
-1.4
-1.4
-1.4
-1.4
-1.4
-1.3
-1.3
-1.2
-1.1
-1.0
-1.0
-0.9
-0.9
-0.9
-1.0
-1.1
-1.1
-1.2
-1.2
-1.3
-1.4
-1.5
-1.5
-1.6
-1.7
-1.7
-1.7
-1.7
-1.6
-1.5
-1.4
-1.3
-1.2
-1.1
-1.0
-1.0
-1.0
-1.1
-1.2
-1.3
-1.4
-1.5
-1.7
-1.8
-1.9
-1.9
-1.9
-1.9
-1.9
-1.8
-1.8
-1.7
-1.6
-1.5
-1.4
-1.3
-1.2
-1.2
-1.1
-1.1
-1.0
-0.9
-1.0
-1.0
-1.0
-1.0
-1.0
-1.0
-1.0
-1.0
-1.0
-1.0
-0.9
-0.8
-0.6
-0.5
-0.4
-0.3
-0.2
-0.1
0.0
0.0
0.0
0.0
0.0
0.0
0.0
0.0
0.1
0.2
0.3
0.4
0.5
0.5
0.6
0.6
0.6
0.5
0.5
0.4
0.3
0.2
0.2
0.1
0.1
0.1
0.1
0.1
0.1
0.2
0.2
0.2
0.2
0.3
0.4
0.4
0.4
0.4
0.5
0.5
0.5
0.4
0.4
0.4
0.3
0.2
0.2
0.2
0.2
0.2
0.2
0.3
0.4
0.4
0.5
0.6
0.8
0.9
1.0
1.0
1.0
1.1
1.1
1.1
1.1
0.9
0.8
0.7
0.6
0.5
0.4
0.3
0.3
0.2
0.1
0.1
0.1
0.0
0.0
0.0
0.0
0.0
0.0
0.0
0.1
0.1
0.0
0.0
0.0
0.0
-0.1
-0.1
-0.1
-0.1
-0.1
0.0
-0.1
-0.1
-0.1
-0.1
-0.2
-0.2
-0.2
-0.2
-0.1
-0.1
0.0
0.0
0.0
0.0
0.0
0.0
0.0
0.0
0.0
0.0
0.0
0.0
0.0
0.1
0.2
0.3
0.3
0.4
0.5
0.5
0.5
0.5
0.4
0.4
0.3
0.3
0.2
0.2
0.2
0.2
0.2
0.3
0.3
0.4
0.5
0.5
0.5
0.5
0.4
0.3
0.1
0.0
-0.2
-0.4
-0.7
-0.9
-1.1
-1.2
-1.2
-1.1
-1.0
-0.8
-0.7
-0.5
-0.3
-0.2
-0.1
0.0
0.0
0.0
0.0
0.1
0.2
0.2
0.3
0.3
0.3
0.3
0.3
0.3
0.2
0.1
0.1
0.1
0.1
0.1
0.1
0.0
0.0
0.0
0.0
0.0
0.1
0.0
0.0
0.1
0.1
0.2
0.2
0.1
0.0
0.0
0.0
0.0
0.0
0.0
0.0
0.0
0.0
-0.1
-0.1
-0.2
-0.2
-0.3
-0.4
-0.4
-0.3
-0.2
-0.1
0.0
0.0
0.1
0.2
0.3
0.4
0.4
0.4
0.4
0.4
0.3
0.3
0.3
0.3
0.2
0.2
0.1
0.1
0.1
0.2
0.2
0.3
0.3
0.4
0.5
0.6
0.6
0.6
0.6
0.5
0.5
0.4
0.4
0.4
0.4
0.4
0.4
0.3
0.3
0.3
0.2
0.1
0.0
0.0
0.0
0.0
0.0
0.0
0.0
0.0
0.0
0.0
0.0
0.0
0.0
0.0
0.0
0.0
-0.1
-0.1
-0.1
-0.1
0.0
0.0
0.0
0.0
0.0
0.0
0.0
0.0
0.0
0.0
0.1
0.2
0.2
0.3
0.3
0.3
0.3
0.3
0.2
0.1
0.1
0.1
0.0
0.0
0.0
0.0
0.0
0.0
0.1
0.2
0.2
0.3
0.3
0.4
0.5
0.5
0.4
0.4
0.3
0.3
0.2
0.1
0.0
0.0
-0.1
-0.1
-0.1
0.0
0.0
0.0
0.0
0.0
0.0
0.0
0.0
-0.1
-0.1
-0.2
-0.2
-0.1
-0.1
0.0
0.0
0.0
0.1
0.2
0.3
0.3
0.3
0.3
0.2
0.2
0.1
0.1
0.0
0.0
0.1
0.1
0.2
0.3
0.4
0.4
0.5
0.5
0.5
0.5
0.4
0.3
0.3
0.2
0.1
0.0
0.0
0.0
0.0
0.0
0.0
0.0
0.1
0.1
0.1
0.0
0.0
0.0
-0.1
-0.1
-0.2
-0.3
-0.3
-0.4
-0.5
-0.5
-0.5
-0.5
-0.5
-0.5
-0.4
-0.3
-0.2
-0.2
-0.1
-0.1
0.0
0.0
0.0
0.1
0.2
0.3
0.3
0.4
0.4
0.4
0.4
0.4
0.2
0.1
0.0
-0.1
-0.2
-0.3
-0.3
-0.3
-0.3
-0.3
-0.2
-0.2
-0.1
0.0
0.0
0.0
0.0
0.0
0.0
0.1
0.1
0.2
0.2
0.2
0.1
0.0
0.0
-0.1
-0.1
-0.2
-0.2
-0.2
-0.2
-0.1
0.0
0.0
0.1
0.1
0.1
0.2
0.2
0.1
0.1
0.0
0.0
0.0
0.0
-0.1
-0.1
0.0
0.0
0.0
0.0
0.1
0.2
0.3
0.4
0.5
0.6
0.6
0.7
0.7
0.7
0.7
0.8
0.8
0.9
0.9
1.0
1.0
1.1
1.2
1.1
1.0
1.0
0.9
0.8
0.8
0.7
0.8
0.8
0.8
0.8
0.7
0.6
0.6
0.5
0.4
0.4
0.3
0.4
0.4
0.5
0.6
0.6
0.6
0.7
0.7
0.7
0.6
0.6
0.6
0.7
0.7
0.7
0.7
0.7
0.8
0.7
0.8
0.8
0.9
0.9
0.9
0.9
1.0
1.1
1.1
1.0
1.0
1.0
1.0
1.0
0.9
0.8
0.9
0.9
1.0
1.0
1.0
1.1
1.1
1.1
1.2
1.2
1.2
1.2
1.2
1.1
1.0
0.9
0.8
0.8
0.6
0.5
0.5
0.4
0.4
0.4
0.4
0.5
0.6
0.6
0.6
0.6
0.7
0.8
0.7
0.6
0.6
0.6
0.6
0.6
0.5
0.5
0.6
0.7
0.8
0.8
0.9
1.0
1.1
1.2
1.3
1.3
1.4
1.4
1.5
1.5
1.5
1.6
1.7
1.7
1.7
1.7
1.7
1.7
1.6
1.5
1.5
1.4
1.4
1.3
1.2
1.2
1.2
1.2
1.2
1.2
1.2
1.3
1.4
1.4
1.5
1.6
1.7
1.7
1.7
1.7
1.7
1.7
1.7
1.7
1.7
1.6
1.6
1.6
1.6
1.6
1.5
1.5
1.4
1.4
1.4
1.4
1.3
1.2
1.2
1.3
1.3
1.2
1.2
1.2
1.2
1.2
1.3
1.3
1.4
1.5
1.6
1.7
1.9
2.0
2.0
2.1
2.2
2.3
2.4
2.5
2.6
2.7
2.7
2.7
2.6
2.5
2.5
2.4
2.3
2.3
2.2
2.3
2.3
2.4
2.4
2.4
2.4
2.4
2.5
2.5
2.5
2.5
2.6
2.7
2.7
2.8
2.9
2.9
3.0
3.0
3.1
3.1
3.1
3.1
3.1
3.0
3.0
3.0
3.0
3.0
2.9
2.9
2.9
2.8
2.8
2.7
2.6
2.5
2.5
2.5
2.6
2.6
2.6
2.6
2.7
2.8
2.9
2.9
2.9
2.9
2.9
3.0
3.0
3.0
3.0
3.0
3.0
3.0
3.0
3.0
3.0
2.9
2.8
2.7
2.7
2.6
2.5
2.4
2.3
2.3
2.3
2.3
2.3
2.3
2.3
2.3
2.4
2.4
2.5
2.5
2.6
2.7
2.8
2.8
2.8
2.8
2.8
2.8
2.8
2.8
2.8
2.8
2.7
2.7
2.7
2.6
2.6
2.5
2.6
2.6
2.6
2.6
2.7
2.7
2.7
2.7
2.6
2.4
2.3
2.2
2.2
2.1
2.1
2.0
2.1
2.1
2.2
2.3
2.4
2.5
2.6
2.7
2.8
2.8
2.9
2.9
2.9
2.9
2.9
2.9
2.9
2.8
2.7
2.6
2.4
2.1
1.8
1.6
1.3
1.2
1.0
1.0
1.0
1.1
1.2
1.3
1.4
1.5
1.6
1.7
1.7
1.8
1.8
1.9
2.0
2.2
2.3
2.3
2.4
2.5
2.6
2.6
2.7
2.7
2.7
2.7
2.7
2.7
2.6
2.6
2.5
2.4
2.4
2.3
2.3
2.3
2.3
2.4
2.3
2.2
2.2
2.2
2.1
2.0
1.9
1.7
1.7
1.6
1.6
1.5
1.4
1.4
1.4
1.5
1.6
1.7
1.8
1.9
1.9
1.9
1.9
1.8
1.7
1.6
1.5
1.5
1.5
1.6
1.6
1.7
1.7
1.8
1.9
1.9
1.9
1.9
1.8
1.7
1.6
1.6
1.5
1.5
1.6
1.6
1.7
1.7
1.8
2.0
2.0
2.0
2.0
2.0
2.0
1.9
1.9
1.8
1.7
1.6
1.5
1.3
1.2
1.1
0.9
0.8
0.8
0.7
0.6
0.6
0.5
0.5
0.5
0.5
0.6
0.6
0.6
0.6
0.5
0.5
0.5
0.4
0.3
0.2
0.1
0.2
0.2
0.2
0.3
0.4
0.5
0.6
0.6
0.7
0.8
0.8
0.8
0.8
0.8
0.9
0.9
0.9
1.0
1.1
1.1
1.2
1.2
1.2
1.3
1.3
1.3
1.4
1.4
1.5
1.5
1.4
1.4
1.3
1.2
1.2
1.1
1.1
1.0
1.0
0.9
0.8
0.8
0.7
0.6
0.5
0.4
0.3
0.3
0.3
0.2
0.2
0.2
0.1
0.1
0.1
0.1
0.1
0.1
0.1
0.1
0.1
0.1
0.1
0.1
0.1
0.1
0.2
0.2
0.1
0.1
0.2
0.3
0.4
0.4
0.5
0.6
0.6
0.7
0.7
0.6
0.5
0.5
0.4
0.3
0.3
0.2
0.2
0.2
0.2
0.2
0.2
0.2
0.1
0.1
0.0
0.0
-0.1
-0.1
-0.2
-0.2
-0.3
-0.3
-0.3
-0.3
-0.3
-0.3
-0.3
-0.3
-0.2
-0.2
-0.1
-0.1
-0.1
-0.1
-0.1
-0.1
-0.1
-0.1
-0.2
-0.2
-0.2
-0.3
-0.3
-0.2
-0.2
-0.2
-0.2
-0.1
-0.1
0.0
0.0
0.0
0.0
0.0
0.0
0.0
0.0
0.0
-0.1
-0.1
0.0
-0.1
-0.1
-0.1
-0.1
-0.2
-0.3
-0.3
-0.4
-0.5
-0.5
-0.6
-0.6
-0.6
-0.6
-0.6
-0.5
-0.5
-0.4
-0.4
-0.3
-0.3
-0.2
-0.3
-0.3
-0.4
-0.4
-0.4
-0.5
-0.5
-0.5
-0.5
-0.5
-0.5
-0.5
-0.5
-0.5
-0.5
-0.5
-0.5
-0.5
-0.5
-0.5
-0.4
-0.3
-0.3
-0.2
-0.2
-0.1
-0.1
0.0
0.0
0.0
0.1
0.1
0.2
0.2
0.2
0.2
0.1
0.0
0.0
-0.1
-0.2
-0.3
-0.3
-0.4
-0.5
-0.5
-0.6
-0.6
-0.6
-0.7
-0.7
-0.7
-0.6
-0.6
-0.6
-0.6
-0.6
-0.6
-0.5
-0.5
-0.5
-0.5
-0.5
-0.4
-0.4
-0.5
-0.5
-0.5
-0.6
-0.6
-0.6
-0.6
-0.7
-0.7
-0.7
-0.7
-0.7
-0.7
-0.7
-0.6
-0.6
-0.6
-0.5
-0.4
-0.4
-0.3
-0.3
-0.2
-0.2
-0.1
-0.1
-0.1
-0.1
-0.1
0.0
0.0
0.0
0.0
0.0
-0.1
-0.2
-0.3
-0.5
-0.7
-0.9
-1.0
-1.0
-1.0
-1.0
-1.0
-1.0
-1.0
-1.0
-1.0
-1.1
-1.3
-1.4
-1.6
-1.7
-1.8
-2.0
-2.2
-2.3
-2.5
-2.7
-2.9
-3.0
-3.1
-3.1
-3.2
-3.2
-3.2
-3.3
-3.3
-3.4
-3.5
-3.7
-3.9
-4.1
-4.2
-4.3
-4.4
-4.5
-4.6
-4.6
-4.7
-4.8
-4.8
-4.9
-5.0
-5.0
-5.0
-5.0
-4.9
-4.9
-4.9
-4.8
-4.7
-4.7
-4.7
-4.8
-4.8
-4.8
-4.8
-4.7
-4.6
-4.5
-4.4
-4.4
-4.3
-4.2
-4.3
-4.4
-4.5
-4.5
-4.5
-4.5
-4.5
-4.5
-4.5
-4.5
-4.4
-4.4
-4.3
-4.2
-4.1
-4.0
-3.9
-3.9
-3.8
-3.7
-3.7
-3.6
-3.5
-3.4
-3.3
-3.2
-3.2
-3.1
-3.0
-3.1
-3.1
-3.1
-3.1
-3.1
-3.0
-3.0
-2.9
-2.8
-2.7
-2.5
-2.4
-2.4
-2.4
-2.4
-2.4
-2.4
-2.4
-2.5
-2.5
-2.6
-2.6
-2.6
-2.5
-2.5
-2.4
-2.4
-2.4
-2.3
-2.3
-2.3
-2.4
-2.5
-2.5
-2.7
-2.8
-2.8
-2.8
-2.8
-2.7
-2.6
-2.6
-2.5
-2.5
-2.5
-2.5
-2.5
-2.5
-2.6
-2.6
-2.5
-2.5
-2.4
-2.3
-2.2
-2.2
-2.1
-2.1
-2.2
-2.2
-2.2
-2.2
-2.1
-2.1
-2.2
-2.2
-2.3
-2.3
-2.4
-2.5
-2.5
-2.6
-2.5
-2.5
-2.4
-2.4
-2.4
-2.4
-2.4
-2.5
-2.6
-2.7
-2.8
-2.9
-2.9
-2.9
-3.0
-3.0
-3.0
-3.0
-3.0
-3.0
-3.0
-3.0
-3.0
-3.0
-2.9
-2.9
-2.8
-2.8
-2.8
-2.8
-2.8
-2.8
-2.8
-2.9
-2.9
-3.0
-3.0
-3.0
-3.0
-3.0
-3.0
-3.0
-3.0
-2.9
-2.9
-2.9
-2.8
-2.7
-2.7
-2.5
-2.4
-2.3
-2.2
-2.1
-2.0
-2.0
-2.0
-2.1
-2.2
-2.3
-2.5
-2.7
-2.9
-3.0
-3.0
-3.0
-2.9
-2.9
-2.9
-2.9
-2.9
-2.9
-2.9
-3.0
-3.1
-3.2
-3.2
-3.2
-3.3
-3.4
-3.4
-3.4
-3.3
-3.3
-3.2
-3.2
-3.1
-3.0
-2.9
-2.8
-2.8
-2.7
-2.7
-2.7
-2.6
-2.6
-2.6
-2.6
-2.5
-2.5
-2.4
-2.4
-2.3
-2.2
-2.2
-2.1
-2.1
-2.0
-1.9
-1.8
-1.7
-1.7
-1.7
-1.7
-1.7
-1.8
-1.8
-1.9
-2.0
-2.1
-2.1
-2.2
-2.2
-2.2
-2.2
-2.3
-2.3
-2.3
-2.3
-2.4
-2.4
-2.4
-2.4
-2.4
-2.4
-2.3
-2.3
-2.3
-2.3
-2.2
-2.2
-2.1
-2.1
-2.1
-2.1
-2.1
-2.1
-2.1
-2.0
-2.0
-1.9
-1.8
-1.8
-1.7
-1.6
-1.5
-1.4
-1.4
-1.4
-1.4
-1.4
-1.5
-1.4
-1.4
-1.4
-1.4
-1.3
-1.3
-1.2
-1.2
-1.2
-1.2
-1.2
-1.3
-1.3
-1.3
-1.4
-1.5
-1.6
-1.6
-1.6
-1.6
-1.6
-1.6
-1.6
-1.5
-1.5
-1.5
-1.5
-1.5
-1.5
-1.5
-1.4
-1.4
-1.3
-1.2
-1.2
-1.1
-1.1
-1.1
-1.1
-1.1
-1.1
-1.0
-1.0
-1.0
-1.0
-1.0
-0.9
-0.8
-0.8
-0.9
-0.9
-1.0
-1.0
-1.0
-1.0
-1.0
-1.0
-0.9
-0.8
-0.7
-0.5
-0.3
-0.1
0.0
0.2
0.4
0.5
0.6
0.7
0.7
0.8
0.8
0.9
0.9
0.9
1.0
1.0
1.0
1.0
1.0
0.9
0.8
0.7
0.7
0.6
0.5
0.4
0.2
0.1
0.1
0.0
0.0
0.0
0.0
0.1
0.1
0.2
0.3
0.4
0.4
0.4
0.4
0.4
0.4
0.5
0.5
0.5
0.5
0.5
0.6
0.6
0.6
0.4
0.3
0.2
0.0
0.0
0.0
0.0
0.0
0.0
-0.1
-0.1
-0.1
-0.1
-0.2
-0.3
-0.4
-0.4
-0.3
-0.3
-0.2
-0.2
-0.2
-0.2
-0.2
-0.2
-0.2
-0.3
-0.5
-0.7
-0.9
-1.2
-1.3
-1.5
-1.5
-1.5
-1.6
-1.5
-1.5
-1.4
-1.3
-1.3
-1.2
-1.1
-1.1
-1.1
-1.0
-0.9
-0.9
-0.9
-1.0
-1.0
-1.0
-1.1
-1.2
-1.2
-1.2
-1.2
-1.2
-1.2
-1.1
-1.0
-1.0
-0.9
-0.9
-0.8
-0.8
-0.9
-1.0
-1.1
-1.1
-1.1
-1.1
-1.0
-0.9
-0.8
-0.6
-0.6
-0.5
-0.5
-0.6
-0.6
-0.7
-0.8
-0.8
-0.8
-0.7
-0.6
-0.5
-0.3
-0.2
0.0
0.0
0.0
0.0
0.0
0.0
0.0
-0.1
-0.1
-0.1
0.0
0.0
0.0
0.1
0.2
0.3
0.3
0.3
0.4
0.5
0.6
0.6
0.7
0.8
0.9
0.9
0.9
0.8
0.8
0.7
0.5
0.5
0.5
0.5
0.5
0.5
0.5
0.5
0.5
0.5
0.5
0.5
0.5
0.5
0.5
0.6
0.6
0.7
0.7
0.7
0.7
0.7
0.6
0.5
0.4
0.3
0.3
0.2
0.2
0.2
0.3
0.4
0.4
0.5
0.6
0.7
0.7
0.7
0.7
0.7
0.6
0.6
0.5
0.5
0.5
0.5
0.4
0.4
0.4
0.5
0.6
0.7
0.8
0.8
0.8
0.8
0.8
0.7
0.6
0.4
0.1
0.0
-0.2
-0.2
-0.2
-0.2
-0.2
-0.2
-0.2
-0.1
-0.1
-0.1
-0.2
-0.3
-0.3
-0.4
-0.4
-0.5
-0.6
-0.7
-0.8
-1.0
-1.2
-1.4
-1.5
-1.7
-1.7
-1.8
-1.8
-1.9
-2.0
-2.0
-2.1
-2.0
-2.0
-2.1
-2.0
-2.0
-2.0
-2.0
-2.0
-2.1
-2.2
-2.2
-2.3
-2.3
-2.4
-2.5
-2.5
-2.5
-2.6
-2.7
-2.9
-3.1
-3.3
-3.4
-3.5
-3.6
-3.7
-3.9
-3.9
-3.9
-4.0
-4.0
-4.2
-4.3
-4.5
-4.6
-4.6
-4.8
-4.9
-5.1
-5.2
-5.3
-5.5
-5.6
-5.8
-5.9
-6.0
-6.0
-6.0
-6.0
-6.0
-5.9
-5.8
-5.8
-5.8
-5.7
-5.6
-5.6
-5.5
-5.5
-5.5
-5.5
-5.4
-5.3
-5.3
-5.3
-5.3
-5.3
-5.2
-5.3
-5.3
-5.3
-5.3
-5.3
-5.2
-5.2
-5.2
-5.2
-5.3
-5.3
-5.3
-5.3
-5.3
-5.3
-5.3
-5.3
-5.3
-5.4
-5.5
-5.6
-5.7
-5.8
-5.8
-5.8
-5.8
-5.8
-5.8
-5.8
-5.9
-6.0
-6.1
-6.2
-6.2
-6.3
-6.2
-6.1
-6.0
-5.9
-5.9
-5.8
-5.8
-5.9
-6.0
-6.0
-6.0
-6.0
-6.0
-6.0
-5.9
-5.7
-5.5
-5.4
-5.3
-5.2
-5.2
-5.3
-5.3
-5.3
-5.3
-5.2
-5.2
-5.1
-4.9
-4.8
-4.7
-4.7
-4.7
-4.8
-4.8
-4.8
-4.8
-4.7
-4.6
-4.5
-4.4
-4.3
-4.2
-4.1
-4.1
-4.2
-4.3
-4.4
-4.4
-4.5
-4.6
-4.7
-4.7
-4.8
-4.8
-4.9
-5.0
-5.2
-5.3
-5.4
-5.5
-5.5
-5.6
-5.6
-5.6
-5.6
-5.5
-5.5
-5.3
-5.2
-5.1
-4.9
-4.7
-4.5
-4.4
-4.4
-4.4
-4.5
-4.5
-4.5
-4.5
-4.5
-4.5
-4.5
-4.4
-4.3
-4.1
-4.0
-3.9
-3.8
-3.7
-3.7
-3.7
-3.8
-3.9
-4.1
-4.4
-4.6
-4.8
-5.0
-5.1
-5.1
-5.1
-5.1
-5.2
-5.2
-5.3
-5.3
-5.3
-5.3
-5.3
-5.2
-5.1
-5.1
-5.0
-4.9
-4.7
-4.7
-4.6
-4.6
-4.7
-4.7
-4.6
-4.6
-4.6
-4.5
-4.5
-4.5
-4.5
-4.5
-4.5
-4.5
-4.5
-4.6
-4.6
-4.5
-4.4
-4.3
-4.1
-4.0
-4.0
-3.9
-3.9
-4.0
-4.2
-4.4
-4.5
-4.6
-4.6
-4.5
-4.5
-4.4
-4.2
-4.0
-3.9
-3.8
-3.8
-3.9
-4.0
-4.2
-4.3
-4.4
-4.5
-4.5
-4.4
-4.2
-4.1
-4.0
-4.0
-3.9
-3.8
-3.9
-4.1
-4.2
-4.3
-4.4
-4.4
-4.5
-4.6
-4.6
-4.6
-4.5
-4.4
-4.4
-4.3
-4.2
-4.1
-4.0
-3.8
-3.7
-3.6
-3.4
-3.3
-3.1
-2.8
-2.6
-2.4
-2.2
-1.9
-1.7
-1.4
-1.2
-0.9
-0.7
-0.5
-0.3
-0.1
0.0
0.2
0.5
0.8
1.3
1.7
2.2
2.6
3.0
3.4
3.8
4.1
4.3
4.4
4.6
4.8
5.0
5.3
5.5
5.8
6.0
6.2
6.5
6.7
6.9
7.0
7.1
7.2
7.3
7.3
7.4
7.4
7.5
7.5
7.6
7.6
7.7
7.8
7.9
8.1
8.2
8.2
8.2
8.2
8.1
8.1
8.0
7.8
7.6
7.5
7.4
7.4
7.3
7.1
7.0
7.0
6.9
6.9
6.9
6.8
6.8
6.8
6.7
6.6
6.5
6.5
6.4
6.3
6.3
6.3
6.4
6.4
6.5
6.6
6.6
6.6
6.5
6.5
6.5
6.5
6.5
6.5
6.5
6.5
6.5
6.5
6.4
6.4
6.4
6.3
6.2
6.2
6.2
6.3
6.3
6.2
6.2
6.2
6.3
6.4
6.4
6.4
6.4
6.5
6.5
6.6
6.6
6.6
6.5
6.4
6.1
5.9
5.5
5.1
5.0
5.0
5.0
5.0
5.1
5.2
5.4
5.5
5.5
5.3
5.0
4.6
4.2
3.8
3.5
3.2
2.9
2.6
2.3
2.1
2.0
2.0
1.9
1.8
1.6
1.4
1.2
1.1
1.0
0.8
0.8
0.8
0.8
0.8
0.9
1.1
1.2
1.3
1.4
1.5
1.6
1.6
1.7
1.7
1.7
1.7
1.7
1.8
1.8
1.9
1.9
1.9
2.0
2.0
2.0
2.0
2.0
2.0
2.1
2.1
2.2
2.3
2.3
2.4
2.4
2.3
2.3
2.3
2.3
2.3
2.2
2.2
2.3
2.4
2.5
2.5
2.4
2.4
2.4
2.4
2.4
2.5
2.5
2.6
2.7
2.8
2.9
3.0
3.0
2.9
2.9
2.8
2.8
2.7
2.6
2.6
2.6
2.6
2.7
2.7
2.8
2.9
3.0
3.1
3.2
3.2
3.2
3.2
3.3
3.3
3.4
3.4
3.5
3.5
3.6
3.7
3.8
3.8
3.8
3.7
3.7
3.6
3.5
3.5
3.5
3.5
3.6
3.6
3.7
3.8
4.0
4.0
4.0
3.9
3.8
3.7
3.7
3.7
3.7
3.7
3.8
4.0
4.2
4.4
4.6
4.6
4.8
4.8
4.9
4.8
4.7
4.6
4.4
4.3
4.2
4.1
4.1
4.1
4.2
4.3
4.4
4.5
4.5
4.6
4.6
4.5
4.4
4.3
4.2
4.1
4.1
3.9
3.9
3.9
3.9
4.0
4.1
4.1
4.2
4.3
4.3
4.3
4.0
3.8
3.7
3.6
3.7
3.7
3.9
4.0
4.2
4.4
4.5
4.5
4.3
4.0
3.6
3.3
3.0
2.7
2.4
2.1
1.9
1.7
1.5
1.4
1.2
1.0
0.8
0.7
0.6
0.5
0.4
0.3
0.2
0.2
0.2
0.2
0.2
0.2
0.2
0.2
0.3
0.3
0.4
0.4
0.5
0.5
0.5
0.5
0.5
0.5
0.5
0.6
0.6
0.7
0.6
0.5
0.5
0.4
0.4
0.4
0.4
0.4
0.5
0.6
0.8
0.9
1.0
1.1
1.2
1.2
1.2
1.2
1.2
1.2
1.2
1.1
1.1
1.0
1.0
1.1
1.2
1.3
1.4
1.6
1.7
1.8
2.0
2.2
2.3
2.4
2.4
2.5
2.5
2.5
2.6
2.7
2.7
2.7
2.8
2.8
2.9
2.9
2.9
2.9
2.9
2.9
2.9
2.8
2.8
2.8
2.8
2.8
2.9
2.9
3.0
3.1
3.3
3.5
3.6
3.7
3.7
3.7
3.7
3.7
3.8
3.9
4.0
4.1
4.3
4.5
4.7
4.8
4.8
4.8
4.8
4.8
4.8
4.7
4.7
4.6
4.6
4.6
4.6
4.7
4.8
4.9
5.0
5.0
5.1
5.2
5.2
5.1
5.1
5.0
5.0
5.0
5.0
5.0
5.0
5.1
5.1
5.1
5.0
4.9
4.8
4.8
4.7
4.8
4.9
5.1
5.5
5.9
6.3
6.6
7.0
7.3
7.5
7.6
7.7
7.8
7.8
7.8
7.9
7.9
7.9
7.9
8.0
8.0
8.0
8.1
8.1
8.0
7.9
7.9
7.8
7.7
7.7
7.7
7.7
7.7
7.7
7.8
7.9
8.0
8.0
8.0
8.0
8.0
7.9
7.9
7.8
7.7
7.6
7.6
7.5
7.5
7.5
7.4
7.3
7.1
7.0
6.8
6.7
6.6
6.6
6.6
6.7
6.9
7.1
7.3
7.5
7.6
7.8
7.9
8.1
8.2
8.3
8.5
8.6
8.7
8.8
8.9
9.1
9.3
9.5
9.6
9.6
9.7
9.8
9.8
9.8
9.7
9.6
9.5
9.4
9.3
9.1
8.9
8.7
8.6
8.5
8.5
8.6
8.7
8.8
8.8
8.9
9.0
8.9
8.8
8.6
8.4
8.3
8.1
8.1
8.0
7.9
7.9
7.9
7.9
8.0
8.0
7.9
7.9
7.9
8.0
8.0
8.0
8.0
8.0
8.1
8.1
8.0
8.0
7.9
7.8
7.7
7.6
7.6
7.6
7.6
7.6
7.6
7.5
7.5
7.5
7.4
7.3
7.1
7.0
6.9
6.9
6.8
6.8
6.8
6.9
6.9
6.9
6.9
6.9
6.9
6.9
6.9
6.9
6.9
6.9
6.9
6.8
6.8
6.7
6.7
6.6
6.6
6.6
6.5
6.5
6.5
6.5
6.5
6.5
6.4
6.3
6.2
6.1
6.1
6.0
6.0
5.9
5.9
6.0
6.0
6.1
6.1
6.1
6.0
6.0
6.0
5.9
5.8
5.7
5.6
5.6
5.5
5.4
5.4
5.3
5.3
5.2
5.2
5.3
5.3
5.4
5.5
5.6
5.6
5.7
5.7
5.7
5.6
5.5
5.5
5.3
5.2
5.1
5.0
4.9
4.9
4.9
4.9
4.9
4.9
4.8
4.8
4.7
4.7
4.6
4.5
4.3
4.3
4.2
4.2
4.2
4.2
4.2
4.2
4.2
4.2
4.2
4.2
4.2
4.2
4.1
4.1
4.1
4.1
4.0
4.0
4.0
4.0
4.0
3.9
3.9
3.8
3.8
3.8
3.7
3.7
3.7
3.7
3.6
3.4
3.1
2.9
2.9
2.8
2.8
2.7
2.6
2.6
2.6
2.7
2.6
2.4
2.1
1.8
1.6
1.3
1.1
0.9
0.7
0.4
0.1
0.0
-0.2
-0.4
-0.6
-0.8
-0.9
-1.1
-1.2
-1.3
-1.3
-1.2
-1.2
-1.2
-1.1
-1.1
-1.0
-0.9
-0.9
-0.9
-0.8
-0.8
-0.7
-0.7
-0.7
-0.6
-0.6
-0.5
-0.5
-0.6
-0.6
-0.6
-0.7
-0.7
-0.7
-0.8
-0.8
-0.9
-0.9
-0.9
-0.9
-0.9
-0.8
-0.8
-0.7
-0.7
-0.6
-0.6
-0.6
-0.6
-0.7
-0.8
-0.8
-0.9
-1.0
-1.0
-1.1
-1.1
-1.1
-1.1
-1.0
-0.9
-0.8
-0.7
-0.7
-0.6
-0.6
-0.6
-0.7
-0.8
-0.9
-1.0
-1.1
-1.1
-1.2
-1.2
-1.3
-1.2
-1.1
-1.1
-1.0
-0.9
-0.8
-0.6
-0.6
-0.5
-0.5
-0.5
-0.6
-0.7
-0.8
-0.9
-0.9
-1.0
-1.0
-1.0
-1.0
-1.0
-0.9
-0.9
-1.0
-0.9
-0.9
-0.8
-0.7
-0.7
-0.6
-0.5
-0.4
-0.3
-0.4
-0.4
-0.4
-0.5
-0.5
-0.5
-0.6
-0.6
-0.6
-0.6
-0.7
-0.7
-0.8
-0.8
-0.8
-0.8
-0.9
-0.9
-0.9
-0.9
-0.9
-0.9
-0.9
-0.9
-0.8
-0.8
-0.8
-0.8
-0.8
-0.8
-0.8
-0.8
-0.8
-0.6
-0.5
-0.4
-0.3
-0.3
-0.2
-0.2
-0.2
-0.2
-0.2
-0.3
-0.5
-0.7
-0.9
-1.1
-1.2
-1.2
-1.2
-1.1
-1.0
-0.9
-0.8
-0.7
-0.7
-0.8
-0.9
-1.1
-1.2
-1.2
-1.3
-1.3
-1.3
-1.3
-1.4
-1.5
-1.7
-1.8
-1.9
-2.0
-2.0
-2.0
-2.0
-1.9
-1.8
-1.8
-1.8
-1.9
-2.0
-2.0
-2.1
-2.2
-2.2
-2.3
-2.3
-2.3
-2.3
-2.4
-2.4
-2.5
-2.5
-2.6
-2.6
-2.6
-2.6
-2.6
-2.6
-2.6
-2.6
-2.5
-2.5
-2.4
-2.3
-2.2
-2.1
-2.0
-1.8
-1.8
-1.8
-1.8
-1.8
-1.8
-1.9
-2.0
-2.1
-2.2
-2.3
-2.4
-2.4
-2.5
-2.5
-2.5
-2.4
-2.3
-2.2
-2.2
-2.2
-2.2
-2.2
-2.3
-2.3
-2.4
-2.5
-2.5
-2.6
-2.6
-2.6
-2.7
-2.7
-2.7
-2.7
-2.6
-2.6
-2.5
-2.5
-2.5
-2.6
-2.7
-2.8
-2.9
-2.9
-2.9
-2.9
-2.8
-2.8
-2.7
-2.6
-2.5
-2.5
-2.5
-2.5
-2.5
-2.5
-2.5
-2.5
-2.5
-2.4
-2.4
-2.4
-2.4
-2.4
-2.4
-2.3
-2.3
-2.3
-2.4
-2.4
-2.4
-2.4
-2.5
-2.6
-2.7
-2.8
-2.8
-2.9
-2.9
-2.9
-2.9
-2.9
-2.9
-2.9
-2.9
-3.0
-3.0
-3.0
-3.0
-3.0
-3.0
-3.0
-2.9
-2.9
-2.8
-2.7
-2.7
-2.8
-3.0
-3.1
-3.2
-3.2
-3.2
-3.2
-3.1
-3.0
-2.9
-2.9
-2.8
-2.8
-2.8
-2.9
-2.9
-3.0
-3.0
-3.1
-3.1
-3.1
-3.1
-3.2
-3.2
-3.2
-3.1
-3.1
-3.0
-2.9
-2.8
-2.7
-2.7
-2.7
-2.7
-2.7
-2.7
-2.8
-2.9
-2.9
-2.9
-2.9
-2.9
-2.9
-2.8
-2.8
-2.7
-2.6
-2.5
-2.5
-2.4
-2.3
-2.2
-2.2
-2.2
-2.2
-2.3
-2.4
-2.5
-2.6
-2.6
-2.6
-2.6
-2.5
-2.4
-2.3
-2.2
-2.1
-2.1
-2.1
-2.1
-2.1
-2.1
-2.2
-2.2
-2.2
-2.2
-2.2
-2.3
-2.3
-2.4
-2.4
-2.5
-2.5
-2.7
-2.7
-2.7
-2.7
-2.7
-2.7
-2.7
-2.7
-2.6
-2.6
-2.6
-2.5
-2.4
-2.3
-2.1
-1.8
-1.5
-1.0
-0.6
-0.1
0.3
0.9
1.7
2.5
3.3
4.3
5.4
6.6
8.1
9.5
11.1
12.7
14.5
16.3
18.2
20.1
22.0
24.0
25.9
27.8
29.6
31.4
33.1
34.8
36.4
37.8
39.2
40.5
41.7
42.7
43.8
44.7
45.4
46.0
46.5
46.9
47.1
47.2
47.1
47.0
46.7
46.3
45.7
45.0
44.2
43.3
42.2
41.1
39.9
38.6
37.3
36.1
34.8
33.5
32.2
31.0
29.8
28.7
27.7
26.6
25.6
24.5
23.5
22.5
21.5
20.5
19.4
18.4
17.6
16.7
16.0
15.4
14.8
14.2
13.7
13.2
12.8
12.3
11.7
11.2
10.7
10.3
9.9
9.5
9.2
8.9
8.7
8.6
8.4
8.2
8.0
7.8
7.6
7.4
7.1
6.8
6.5
6.3
6.0
5.9
5.7
5.6
5.5
5.3
5.1
5.0
4.8
4.5
4.3
4.2
4.1
4.0
3.9
3.9
3.9
3.9
3.8
3.7
3.5
3.4
3.3
3.1
2.9
2.7
2.5
2.3
2.2
2.0
1.9
1.8
1.6
1.5
1.4
1.3
1.1
1.0
0.8
0.6
0.4
0.3
0.2
0.0
0.0
-0.1
-0.1
-0.1
0.0
0.0
0.0
0.1
0.1
0.1
0.1
0.1
0.0
-0.1
-0.2
-0.4
-0.5
-0.7
-0.8
-1.0
-1.1
-1.2
-1.3
-1.4
-1.5
-1.6
-1.7
-1.7
-1.8
-1.9
-2.0
-2.0
-2.1
-2.2
-2.3
-2.5
-2.5
-2.5
-2.6
-2.6
-2.6
-2.6
-2.6
-2.7
-2.8
-3.0
-3.1
-3.2
-3.3
-3.3
-3.4
-3.4
-3.4
-3.4
-3.4
-3.5
-3.6
-3.7
-3.8
-3.8
-3.8
-3.8
-3.8
-3.8
-3.8
-3.8
-3.9
-3.9
-4.0
-4.0
-4.0
-4.0
-4.1
-4.1
-4.0
-4.1
-4.1
-4.1
-4.2
-4.2
-4.2
-4.2
-4.3
-4.4
-4.5
-4.6
-4.6
-4.7
-4.8
-4.9
-5.0
-5.0
-5.1
-5.1
-5.2
-5.2
-5.2
-5.2
-5.1
-5.0
-5.0
-5.0
-4.9
-4.8
-4.8
-4.7
-4.6
-4.5
-4.3
-4.3
-4.3
-4.3
-4.3
-4.3
-4.3
-4.4
-4.5
-4.5
-4.5
-4.6
-4.7
-4.9
-5.0
-5.1
-5.3
-5.4
-5.5
-5.5
-5.5
-5.4
-5.4
-5.4
-5.3
-5.3
-5.3
-5.3
-5.3
-5.2
-5.2
-5.1
-5.1
-5.2
-5.2
-5.2
-5.2
-5.3
-5.4
-5.5
-5.5
-5.5
-5.5
-5.5
-5.4
-5.4
-5.3
-5.2
-5.1
-5.1
-5.0
-5.0
-5.1
-5.1
-5.1
-5.1
-5.1
-5.1
-5.1
-5.1
-5.1
-5.0
-5.0
-5.0
-5.1
-5.1
-5.1
-5.1
-5.2
-5.2
-5.2
-5.1
-5.1
-5.0
-4.8
-4.6
-4.4
-4.1
-3.9
-3.4
-2.8
-2.1
-1.3
-0.3
0.8
2.1
3.6
5.2
6.8
8.5
10.3
12.1
14.0
15.9
17.8
19.7
21.7
23.6
25.4
27.2
29.0
30.5
32.0
33.4
34.8
36.1
37.4
38.5
39.6
40.6
41.6
42.7
43.6
44.4
45.1
45.5
45.8
46.1
46.2
46.1
45.9
45.6
45.1
44.5
43.7
42.9
42.0
41.1
39.9
38.7
37.4
36.0
34.7
33.2
31.7
30.1
28.4
26.8
25.3
23.8
22.4
21.0
19.8
18.6
17.4
16.3
15.2
14.1
13.1
12.1
11.3
10.6
9.9
9.3
8.7
8.2
7.8
7.5
7.1
6.7
6.3
5.9
5.7
5.4
5.1
4.8
4.5
4.2
3.9
3.7
3.4
3.2
3.0
2.7
2.5
2.2
2.0
1.8
1.6
1.4
1.2
1.0
0.8
0.6
0.4
0.3
0.1
0.0
-0.2
-0.4
-0.5
-0.6
-0.7
-0.8
-0.8
-1.0
-1.0
-1.1
-1.2
-1.4
-1.5
-1.7
-1.8
-1.9
-2.1
-2.2
-2.3
-2.4
-2.5
-2.6
-2.7
-2.8
-2.8
-2.8
-2.9
-2.9
-3.0
-3.0
-3.2
-3.3
-3.4
-3.5
-3.7
-3.9
-4.0
-4.2
-4.3
-4.3
-4.5
-4.6
-4.7
-4.9
-5.0
-5.1
-5.2
-5.3
-5.4
-5.5
-5.5
-5.5
-5.5
-5.5
-5.5
-5.5
-5.5
-5.5
-5.5
-5.5
-5.5
-5.5
-5.5
-5.6
-5.6
-5.7
-5.7
-5.8
-5.9
-6.0
-6.2
-6.4
-6.5
-6.6
-6.7
-6.8
-6.9
-6.9
-6.9
-6.8
-6.7
-6.7
-6.7
-6.8
-6.8
-6.9
-7.0
-7.1
-7.1
-7.1
-7.1
-7.2
-7.2
-7.3
-7.4
-7.4
-7.4
-7.5
-7.5
-7.5
-7.4
-7.4
-7.3
-7.3
-7.4
-7.4
-7.5
-7.6
-7.6
-7.7
-7.7
-7.8
-7.8
-7.7
-7.7
-7.7
-7.7
-7.6
-7.6
-7.6
-7.5
-7.5
-7.5
-7.6
-7.7
-7.8
-7.8
-7.9
-8.0
-8.1
-8.1
-8.1
-8.1
-8.0
-8.0
-8.0
-8.0
-8.0
-7.9
-7.9
-7.9
-7.9
-8.0
-8.0
-8.0
-8.1
-8.1
-8.1
-8.1
-8.2
-8.1
-8.1
-8.1
-8.1
-8.1
-8.1
-8.2
-8.3
-8.4
-8.6
-8.8
-9.0
-9.1
-9.2
-9.3
-9.3
-9.2
-9.2
-9.1
-9.0
-8.9
-8.9
-9.0
-9.0
-9.1
-9.1
-9.2
-9.2
-9.2
-9.1
-9.2
-9.2
-9.3
-9.3
-9.3
-9.3
-9.4
-9.4
-9.4
-9.3
-9.3
-9.2
-9.1
-9.0
-8.9
-8.9
-8.8
-8.8
-8.9
-8.9
-9.0
-9.1
-9.1
-9.2
-9.3
-9.4
-9.4
-9.3
-9.3
-9.3
-9.2
-9.2
-9.2
-9.2
-9.3
-9.4
-9.5
-9.6
-9.7
-9.7
-9.7
-9.7
-9.6
-9.6
-9.5
-9.4
-9.4
-9.4
-9.3
-9.3
-9.3
-9.3
-9.2
-9.1
-9.1
-9.1
-9.1
-9.1
-9.2
-9.2
-9.3
-9.3
-9.4
-9.4
-9.4
-9.3
-9.2
-9.1
-9.0
-8.9
-8.8
-8.7
-8.6
-8.6
-8.6
-8.6
-8.5
-8.4
-8.4
-8.4
-8.3
-8.3
-8.2
-8.2
-8.2
-8.3
-8.3
-8.3
-8.4
-8.5
-8.6
-8.7
-8.8
-8.8
-8.9
-8.9
-8.9
-8.9
-8.8
-8.8
-8.7
-8.7
-8.7
-8.7
-8.6
-8.7
-8.7
-8.7
-8.7
-8.6
-8.6
-8.6
-8.7
-8.7
-8.6
-8.6
-8.6
-8.5
-8.5
-8.5
-8.4
-8.4
-8.4
-8.4
-8.4
-8.5
-8.6
-8.7
-8.8
-8.8
-8.7
-8.7
-8.6
-8.6
-8.6
-8.5
-8.4
-8.4
-8.4
-8.3
-8.4
-8.4
-8.4
-8.3
-8.2
-8.1
-8.0
-8.0
-7.9
-7.8
-7.8
-7.9
-8.0
-8.0
-8.1
-8.3
-8.4
-8.5
-8.5
-8.4
-8.4
-8.3
-8.3
-8.2
-8.2
-8.2
-8.1
-8.1
-8.1
-8.1
-8.1
-8.1
-8.1
-8.1
-8.1
-8.1
-8.2
-8.3
-8.3
-8.3
-8.3
-8.2
-8.2
-8.1
-8.1
-8.0
-7.9
-7.8
-7.8
-7.8
-7.8
-7.8
-7.8
-7.8
-7.8
-7.9
-7.9
-8.0
-8.0
-8.0
-8.0
-8.1
-8.1
-8.1
-8.1
-8.0
-8.0
-7.9
-7.9
-7.9
-7.9
-8.0
-8.0
-8.0
-8.0
-8.0
-8.0
-7.9
-7.8
-7.7
-7.7
-7.7
-7.7
-7.7
-7.8
-7.9
-7.9
-7.9
-7.8
-7.8
-7.8
-7.7
-7.6
-7.5
-7.5
-7.5
-7.5
-7.5
-7.5
-7.6
-7.6
-7.6
-7.6
-7.7
-7.7
-7.7
-7.7
-7.6
-7.6
-7.5
-7.5
-7.4
-7.3
-7.2
-7.2
-7.2
-7.2
-7.2
-7.2
-7.2
-7.2
-7.2
-7.2
-7.1
-7.1
-7.0
-7.0
-7.0
-7.1
-7.1
-7.1
-7.2
-7.2
-7.3
-7.4
-7.4
-7.4
-7.4
-7.5
-7.5
-7.4
-7.4
-7.3
-7.3
-7.2
-7.1
-7.1
-7.0
-6.9
-6.8
-6.8
-6.8
-6.8
-6.8
-6.8
-6.8
-6.9
-7.0
-7.0
-7.1
-7.1
-7.1
-7.1
-7.1
-7.1
-7.0
-6.9
-6.9
-6.9
-6.9
-6.9
-7.0
-7.1
-7.1
-7.2
-7.2
-7.2
-7.2
-7.2
-7.1
-7.0
-6.9
-6.8
-6.7
-6.6
-6.5
-6.5
-6.5
-6.5
-6.5
-6.5
-6.5
-6.5
-6.5
-6.5
-6.3
-6.1
-6.0
-5.9
-5.8
-5.8
-5.7
-5.6
-5.5
-5.6
-5.6
-5.6
-5.5
-5.4
-5.3
-5.2
-5.0
-4.9
-4.6
-4.4
-4.1
-4.0
-3.8
-3.7
-3.5
-3.4
-3.3
-3.2
-3.1
-3.0
-2.9
-2.9
-2.9
-3.0
-3.0
-3.2
-3.3
-3.4
-3.4
-3.5
-3.5
-3.5
-3.5
-3.5
-3.5
-3.5
-3.5
-3.4
-3.4
-3.3
-3.3
-3.2
-3.2
-3.1
-3.1
-3.2
-3.2
-3.2
-3.3
-3.3
-3.2
-3.2
-3.1
-3.1
-3.0
-3.0
-3.0
-2.9
-2.9
-3.0
-3.0
-3.0
-3.0
-2.9
-2.9
-2.9
-3.0
-3.0
-3.0
-3.1
-3.2
-3.2
-3.3
-3.4
-3.4
-3.3
-3.3
-3.2
-3.1
-3.0
-2.8
-2.7
-2.7
-2.6
-2.6
-2.6
-2.7
-2.7
-2.8
-2.9
-2.9
-3.0
-3.0
-3.0
-3.0
-3.0
-2.9
-2.8
-2.8
-2.7
-2.8
-2.9
-3.0
-3.1
-3.2
-3.3
-3.3
-3.2
-3.1
-2.9
-2.7
-2.5
-2.3
-2.2
-2.1
-2.0
-2.0
-1.9
-1.8
-1.7
-1.6
-1.5
-1.5
-1.4
-1.5
-1.6
-1.7
-1.8
-1.8
-1.9
-1.9
-2.0
-2.0
-1.9
-2.0
-2.0
-2.1
-2.1
-2.1
-2.2
-2.2
-2.2
-2.2
-2.2
-2.1
-2.1
-2.1
-2.1
-2.0
-2.0
-2.0
-2.0
-2.0
-2.1
-2.1
-2.1
-2.1
-2.1
-2.1
-2.1
-2.0
-2.0
-1.9
-1.9
-2.0
-2.0
-2.0
-2.1
-2.2
-2.4
-2.5
-2.6
-2.7
-2.8
-2.8
-2.8
-2.7
-2.6
-2.5
-2.4
-2.3
-2.2
-2.1
-2.0
-2.0
-2.0
-2.0
-2.0
-2.0
-2.1
-2.2
-2.2
-2.3
-2.3
-2.3
-2.2
-2.2
-2.0
-2.0
-1.9
-1.9
-1.9
-1.9
-2.0
-2.0
-2.0
-2.0
-1.9
-1.8
-1.7
-1.6
-1.5
-1.5
-1.4
-1.4
-1.4
-1.5
-1.6
-1.7
-1.8
-1.8
-1.9
-2.0
-2.0
-1.9
-1.8
-1.7
-1.7
-1.6
-1.5
-1.3
-1.3
-1.2
-1.2
-1.2
-1.2
-1.2
-1.3
-1.4
-1.5
-1.5
-1.6
-1.5
-1.5
-1.5
-1.5
-1.4
-1.4
-1.3
-1.3
-1.4
-1.4
-1.5
-1.5
-1.5
-1.5
-1.5
-1.5
-1.4
-1.3
-1.3
-1.2
-1.2
-1.1
-1.1
-1.1
-1.1
-1.1
-1.2
-1.2
-1.3
-1.4
-1.5
-1.7
-1.8
-1.9
-2.0
-2.0
-2.0
-2.0
-1.9
-1.8
-1.7
-1.6
-1.5
-1.5
-1.4
-1.4
-1.3
-1.3
-1.2
-1.3
-1.3
-1.3
-1.2
-1.1
-1.1
-1.0
-1.0
-0.9
-0.9
-1.0
-1.0
-1.1
-1.2
-1.3
-1.4
-1.5
-1.5
-1.6
-1.6
-1.5
-1.5
-1.5
-1.5
-1.5
-1.5
-1.5
-1.6
-1.5
-1.5
-1.5
-1.5
-1.4
-1.3
-1.2
-1.1
-1.0
-0.9
-0.8
-0.7
-0.6
-0.6
-0.7
-0.8
-0.9
-0.9
-1.0
-1.1
-1.2
-1.2
-1.3
-1.3
-1.4
-1.4
-1.4
-1.5
-1.5
-1.5
-1.5
-1.5
-1.5
-1.6
-1.6
-1.7
-1.7
-1.8
-1.8
-1.9
-1.9
-1.9
-1.9
-1.8
-1.8
-1.7
-1.5
-1.4
-1.4
-1.4
-1.4
-1.4
-1.5
-1.5
-1.6
-1.7
-1.9
-2.0
-2.0
-2.0
-2.0
-2.0
-2.1
-2.1
-2.1
-2.1
-2.1
-2.1
-2.1
-2.0
-2.0
-2.0
-2.1
-2.1
-2.2
-2.4
-2.6
-2.8
-2.9
-3.1
-3.2
-3.3
-3.4
-3.4
-3.3
-3.3
-3.3
-3.4
-3.4
-3.5
-3.5
-3.5
-3.6
-3.8
-3.9
-3.9
-3.8
-3.7
-3.6
-3.6
-3.5
-3.3
-3.2
-3.2
-3.1
-3.1
-3.2
-3.2
-3.3
-3.4
-3.4
-3.4
-3.4
-3.4
-3.4
-3.4
-3.4
-3.4
-3.4
-3.3
-3.2
-3.1
-3.0
-2.9
-2.7
-2.6
-2.4
-2.4
-2.3
-2.4
-2.4
-2.5
-2.5
-2.5
-2.5
-2.5
-2.6
-2.6
-2.6
-2.7
-2.7
-2.7
-2.7
-2.7
-2.7
-2.7
-2.8
-2.8
-2.9
-2.9
-3.0
-3.1
-3.2
-3.2
-3.2
-3.2
-3.1
-2.9
-2.9
-2.8
-2.8
-2.8
-2.8
-2.8
-2.9
-2.9
-2.9
-2.9
-2.9
-2.8
-2.8
-2.7
-2.7
-2.7
-2.7
-2.6
-2.6
-2.6
-2.5
-2.5
-2.5
-2.5
-2.6
-2.6
-2.7
-2.7
-2.8
-2.8
-2.7
-2.6
-2.5
-2.3
-2.2
-2.1
-2.0
-2.0
-1.9
-1.9
-2.0
-2.1
-2.2
-2.2
-2.2
-2.3
-2.3
-2.4
-2.4
-2.4
-2.3
-2.3
-2.2
-2.2
-2.1
-2.1
-2.0
-2.0
-2.0
-2.0
-2.1
-2.2
-2.3
-2.4
-2.5
-2.5
-2.4
-2.4
-2.4
-2.3
-2.3
-2.3
-2.2
-2.3
-2.3
-2.4
-2.5
-2.7
-2.7
-2.8
-2.8
-2.9
-3.0
-3.2
-3.3
-3.4
-3.5
-3.6
-3.7
-3.6
-3.5
-3.4
-3.3
-3.1
-2.9
-2.7
-2.7
-2.6
-2.7
-2.7
-2.9
-2.9
-3.0
-3.0
-3.0
-3.0
-2.9
-2.8
-2.7
-2.6
-2.5
-2.5
-2.4
-2.5
-2.5
-2.5
-2.7
-2.8
-2.9
-3.1
-3.2
-3.2
-3.3
-3.3
-3.2
-3.1
-3.0
-2.9
-2.8
-2.7
-2.7
-2.6
-2.6
-2.5
-2.5
-2.5
-2.5
-2.5
-2.4
-2.4
-2.5
-2.5
-2.5
-2.6
-2.7
-2.7
-2.8
-2.9
-3.0
-3.0
-3.1
-3.1
-3.1
-3.2
-3.2
-3.2
-3.1
-3.1
-3.1
-3.1
-3.0
-3.0
-2.9
-2.8
-2.6
-2.4
-2.3
-2.2
-2.1
-2.0
-1.9
-2.0
-2.1
-2.3
-2.5
-2.5
-2.6
-2.6
-2.6
-2.6
-2.5
-2.4
-2.3
-2.2
-2.3
-2.3
-2.4
-2.4
-2.5
-2.5
-2.6
-2.8
-2.8
-2.9
-3.0
-3.0
-3.0
-3.0
-2.9
-2.7
-2.6
-2.5
-2.4
-2.3
-2.2
-2.2
-2.1
-2.1
-2.2
-2.2
-2.3
-2.4
-2.4
-2.5
-2.6
-2.6
-2.6
-2.5
-2.5
-2.4
-2.4
-2.3
-2.3
-2.3
-2.3
-2.3
-2.3
-2.3
-2.4
-2.4
-2.5
-2.5
-2.5
-2.5
-2.5
-2.5
-2.5
-2.4
-2.2
-2.1
-2.1
-2.1
-2.2
-2.2
-2.3
-2.4
-2.5
-2.5
-2.5
-2.5
-2.5
-2.5
-2.4
-2.4
-2.3
-2.3
-2.3
-2.2
-2.1
-2.1
-2.0
-2.0
-2.0
-1.9
-1.9
-1.8
-1.7
-1.7
-1.8
-1.8
-1.8
-1.9
-2.0
-2.1
-2.2
-2.3
-2.3
-2.3
-2.2
-2.1
-2.0
-2.0
-2.0
-1.9
-2.0
-2.0
-2.1
-2.2
-2.2
-2.2
-2.3
-2.2
-2.2
-2.2
-2.1
-2.1
-2.0
-2.0
-1.9
-1.9
-1.9
-1.9
-1.9
-2.0
-2.0
-2.0
-1.9
-1.8
-1.7
-1.6
-1.4
-1.2
-1.1
-1.1
-1.0
-1.0
-1.0
-0.8
-0.7
-0.5
-0.2
0.0
0.2
0.5
0.8
1.2
1.5
1.8
2.2
2.7
3.3
4.1
5.0
6.0
7.0
8.1
9.3
10.6
11.8
13.0
14.2
15.3
16.3
17.4
18.4
19.4
20.5
21.5
22.6
23.5
24.3
25.1
25.8
26.5
27.0
27.3
27.6
27.7
27.7
27.6
27.4
27.1
26.5
25.9
25.0
24.1
23.1
22.1
21.0
20.0
19.0
18.0
17.0
16.0
15.1
14.2
13.4
12.7
11.9
11.3
10.7
10.2
9.8
9.3
8.7
8.2
7.7
7.2
6.8
6.4
6.1
5.8
5.5
5.4
5.2
5.1
4.9
4.7
4.5
4.4
4.2
4.1
3.9
3.7
3.5
3.2
3.0
2.8
2.5
2.2
1.8
1.6
1.4
1.3
1.2
1.1
1.1
1.1
1.1
1.0
1.0
1.0
0.9
0.9
0.8
0.6
0.5
0.4
0.3
0.2
0.1
0.0
0.0
0.0
0.0
0.0
0.1
0.1
0.1
0.1
0.1
0.0
0.0
0.0
0.0
0.0
-0.1
-0.2
-0.2
-0.3
-0.4
-0.4
-0.5
-0.6
-0.6
-0.7
-0.8
-0.8
-0.9
-0.9
-1.0
-1.0
-1.0
-1.0
-1.0
-1.0
-1.1
-1.2
-1.3
-1.3
-1.4
-1.4
-1.5
-1.5
-1.5
-1.4
-1.4
-1.4
-1.5
-1.5
-1.4
-1.4
-1.2
-1.1
-0.9
-0.7
-0.6
-0.5
-0.4
-0.4
