19.9
19.3
19.0
18.7
18.9
19.3
20.2
20.1
18.6
17.9
18.1
18.5
18.9
19.1
18.8
18.1
18.2
18.1
17.9
17.9
18.3
19.0
19.5
19.6
20.1
21.2
22.1
21.7
20.7
20.0
20.1
19.6
19.2
19.3
18.6
18.2
19.0
20.1
19.7
18.3
18.2
19.3
20.6
20.2
18.9
19.0
19.7
20.0
20.0
19.8
19.4
19.5
20.0
19.7
19.1
18.7
18.6
18.7
18.5
17.9
17.6
18.1
19.2
19.1
18.6
18.6
18.8
19.6
19.7
19.7
19.9
20.0
19.8
19.1
18.7
18.3
18.6
19.1
18.8
18.1
17.9
18.4
18.9
19.3
19.3
18.7
18.5
18.5
18.7
19.1
19.3
19.1
18.9
19.1
19.3
19.5
19.4
19.0
19.2
19.5
19.7
19.5
18.8
18.1
17.9
18.6
18.9
19.2
19.8
19.7
19.3
19.3
19.2
19.2
19.3
19.9
20.5
20.5
20.2
19.9
20.2
20.0
19.5
19.6
19.5
19.0
18.4
18.4
18.9
19.9
21.0
20.9
19.7
18.4
18.3
19.2
19.9
20.1
20.0
19.3
18.5
18.8
19.2
19.0
18.6
18.5
18.7
18.9
19.0
18.3
18.1
19.3
20.3
20.0
19.4
19.5
20.4
21.2
21.5
21.3
20.6
20.0
19.9
20.2
20.1
19.7
19.5
19.7
20.1
20.4
19.6
18.3
18.1
18.9
19.4
19.7
19.7
19.3
19.1
19.2
19.7
20.0
19.9
19.3
18.5
18.5
20.0
21.6
21.6
20.4
19.6
19.0
18.6
18.4
17.9
18.2
19.2
20.2
20.4
19.9
20.3
20.5
19.8
18.8
19.0
20.0
20.6
20.7
20.3
20.2
20.4
20.9
21.1
20.7
20.3
20.2
19.7
19.7
20.0
20.8
21.0
20.4
19.7
19.5
20.1
20.5
20.7
20.6
20.4
20.6
21.0
21.0
20.1
19.5
19.1
18.8
18.9
18.9
19.0
19.7
20.4
21.2
21.8
22.1
21.9
21.2
20.8
20.8
21.0
20.5
19.6
19.3
19.7
20.4
20.9
20.9
20.1
19.2
19.1
19.7
20.9
21.4
20.9
20.1
19.8
20.1
20.4
20.5
20.7
21.1
20.8
20.3
20.3
20.6
21.5
21.3
20.2
20.1
20.6
21.2
20.5
19.3
19.1
20.2
21.2
21.8
21.8
21.7
21.3
21.4
21.6
21.7
21.2
20.4
19.9
19.3
19.2
20.1
21.5
21.7
20.5
19.7
19.8
20.3
21.2
21.2
20.8
20.6
20.6
21.0
21.3
21.4
21.3
21.0
20.4
20.2
20.3
20.4
20.2
19.8
19.6
19.4
19.6
20.3
20.7
20.8
20.8
20.4
20.1
19.9
20.3
21.0
21.1
21.2
21.2
21.6
21.9
21.8
21.6
21.3
21.1
20.6
20.4
20.6
20.7
19.5
18.2
19.0
20.5
21.0
20.3
19.8
20.2
20.2
20.6
20.8
19.8
18.9
18.6
18.7
19.0
19.4
20.0
20.4
20.1
20.1
20.7
21.4
21.8
21.8
21.9
22.0
21.5
21.5
21.8
21.9
21.8
21.4
21.1
20.9
20.9
21.0
21.2
20.6
19.8
19.9
19.9
19.2
18.9
20.3
21.5
21.5
21.5
21.7
21.8
21.7
21.8
21.7
21.1
20.7
20.7
21.2
21.8
21.6
21.1
21.5
22.3
22.9
22.2
20.5
20.2
20.3
20.1
19.9
19.2
19.5
20.4
20.9
20.5
20.5
21.4
21.6
21.4
21.6
21.8
21.0
20.3
20.4
21.1
21.3
20.6
20.0
19.9
19.5
19.2
19.5
19.3
18.9
19.0
19.6
19.8
19.9
20.2
20.6
20.7
20.7
20.5
20.6
20.8
20.7
20.5
20.6
20.5
20.4
20.8
20.6
20.0
19.8
19.7
19.9
19.7
20.1
20.7
21.1
21.5
22.2
22.4
21.8
22.0
22.1
20.7
18.9
18.4
18.9
19.0
18.9
18.9
19.0
18.4
17.6
17.7
18.4
18.9
18.8
18.8
19.6
20.3
20.6
20.7
20.9
21.1
20.9
20.8
20.8
20.3
20.2
20.5
20.6
20.1
20.0
20.2
19.7
18.9
18.8
19.6
19.8
19.7
19.8
20.2
20.3
20.3
20.3
20.6
21.3
21.6
20.7
20.3
20.4
20.7
20.9
21.3
21.5
20.9
19.8
18.8
18.3
18.0
16.6
15.9
17.1
19.1
20.1
20.3
20.0
19.6
19.6
20.0
19.6
18.8
18.2
18.5
18.6
17.5
17.3
18.3
18.7
18.1
17.6
17.3
16.8
16.7
16.9
17.4
17.9
18.2
17.9
16.8
15.6
15.2
16.1
17.8
18.4
18.0
17.5
17.5
18.2
17.9
17.2
17.6
18.3
18.5
18.1
17.7
17.4
17.9
18.5
18.7
18.5
17.8
17.1
16.3
16.6
17.8
17.2
15.8
15.2
15.8
17.1
17.1
17.0
17.1
16.8
16.8
17.0
17.1
16.8
16.7
16.7
16.9
17.5
18.1
17.8
16.8
16.5
16.8
17.0
17.4
17.8
18.3
18.8
18.4
17.1
16.3
16.8
17.8
17.9
17.0
16.4
17.0
18.3
18.9
18.3
17.4
16.8
16.4
17.2
17.2
16.5
15.6
15.6
16.1
16.7
17.8
18.3
17.7
17.9
18.3
19.0
18.8
17.6
16.8
16.6
16.7
17.2
18.1
18.5
18.8
19.7
19.9
19.3
19.4
20.2
20.5
18.8
17.6
17.9
18.4
18.8
19.0
19.9
19.9
19.5
20.1
20.8
21.1
20.3
19.0
18.5
19.2
20.2
20.4
20.5
20.9
21.3
21.6
21.5
21.3
21.1
20.5
20.1
20.1
20.5
20.7
21.0
21.4
21.5
21.3
21.1
21.4
21.9
21.6
20.7
19.9
19.8
19.3
19.6
19.8
19.2
18.5
18.6
19.8
20.7
20.5
20.0
18.2
17.2
17.6
18.3
18.3
17.8
17.5
17.1
16.9
17.4
18.8
19.9
19.2
18.6
18.4
18.4
18.5
19.0
19.2
18.1
17.6
18.1
18.2
17.5
17.3
17.3
17.3
17.1
17.2
17.7
17.6
16.3
15.8
16.8
18.2
17.5
16.6
15.9
15.0
14.9
16.3
17.6
17.0
15.6
14.7
15.0
15.4
15.8
16.4
17.0
17.1
16.1
14.7
14.8
16.3
17.5
17.8
17.5
15.9
14.8
15.7
17.4
18.0
18.7
18.1
16.4
15.6
16.6
17.6
18.0
18.7
19.0
17.7
17.1
16.9
16.3
16.3
16.1
16.1
15.9
16.2
15.5
15.2
15.7
15.7
15.6
16.4
18.2
17.3
14.6
13.8
14.3
15.0
15.2
14.9
13.8
12.9
14.1
15.9
16.2
15.3
15.1
15.2
15.0
14.1
13.3
13.6
14.9
16.0
15.3
13.5
12.8
13.4
13.9
14.3
14.6
14.3
13.1
13.1
13.7
14.3
14.3
14.5
14.1
13.7
14.4
15.1
16.0
16.8
17.2
16.0
14.4
13.8
13.7
13.3
13.0
12.5
12.1
12.2
12.7
12.8
13.0
12.7
11.9
11.6
12.3
13.0
13.1
12.8
12.8
12.5
12.5
13.1
14.0
14.4
13.5
12.6
12.8
13.6
14.0
13.9
13.7
13.3
12.6
12.4
11.9
11.7
12.5
13.5
13.2
13.1
12.9
12.8
12.8
12.9
13.1
13.1
13.0
12.8
12.5
12.1
12.1
12.2
12.1
12.1
11.9
11.3
10.7
11.3
12.0
11.8
11.4
11.4
11.2
11.2
12.2
13.1
13.3
13.0
12.5
12.6
12.9
12.8
12.5
12.9
13.2
12.4
11.6
11.7
12.1
12.5
12.6
12.1
11.4
11.6
12.1
12.1
11.9
12.5
12.8
12.0
11.7
12.5
13.6
13.4
12.4
12.6
14.1
14.1
13.3
13.3
13.8
14.5
14.4
13.4
12.5
11.8
12.0
12.7
13.0
13.1
13.1
13.5
13.5
13.2
13.2
13.1
13.1
12.3
10.3
9.7
10.6
10.9
11.4
12.9
13.8
12.8
11.8
11.9
12.8
12.9
12.2
11.6
11.4
12.0
12.6
13.6
13.9
13.0
11.7
12.0
12.6
12.7
12.1
12.8
13.2
12.3
11.6
12.1
13.6
14.5
13.3
12.3
12.3
12.7
12.9
13.0
12.7
12.3
12.9
13.1
13.1
13.1
13.0
12.8
12.9
13.3
12.9
12.1
12.2
12.5
12.4
12.1
11.9
12.1
12.0
11.5
11.1
11.5
12.9
14.0
14.0
13.4
13.5
13.3
12.8
12.9
13.4
14.0
14.1
13.8
13.3
13.4
14.1
13.6
12.8
13.0
13.7
14.3
14.3
13.6
12.3
11.8
12.6
13.1
12.7
11.9
12.1
13.8
15.1
15.0
14.0
13.5
13.8
14.7
14.7
13.5
12.7
12.7
12.6
12.5
13.1
13.5
12.5
10.9
11.0
11.8
12.2
11.7
11.3
11.5
12.1
12.6
12.7
12.3
12.1
12.5
12.4
11.6
11.3
11.1
10.6
10.7
11.3
11.8
11.8
12.2
12.2
12.4
13.1
12.9
12.4
11.8
11.7
12.0
12.5
13.0
12.7
12.6
12.7
12.7
12.4
12.3
12.5
12.6
12.3
12.0
12.2
12.9
14.0
13.6
12.1
11.7
12.2
12.2
12.2
12.3
12.1
11.5
11.0
10.9
11.3
11.5
10.9
10.5
10.5
10.4
10.9
11.7
11.9
11.0
10.2
10.2
10.9
11.5
10.8
9.9
10.3
11.1
12.0
12.0
11.6
11.3
11.2
11.5
11.3
11.1
10.8
11.0
11.8
12.5
12.1
11.3
11.3
11.1
10.6
11.0
11.4
11.4
11.5
11.7
12.0
12.0
11.8
11.6
10.6
9.6
9.8
10.9
11.2
10.8
10.5
10.6
10.7
10.5
10.2
10.1
10.4
10.7
10.5
10.7
12.0
13.5
13.6
11.8
10.3
10.3
10.8
11.2
11.3
11.3
10.8
9.9
10.1
11.0
11.7
11.5
10.8
10.6
10.7
11.2
10.9
10.4
10.8
11.5
11.7
11.2
11.1
11.2
11.6
11.9
11.3
11.0
11.0
11.0
10.5
10.5
11.0
11.0
10.6
10.1
10.2
10.4
10.1
10.1
9.7
9.9
10.5
11.0
11.5
10.9
10.4
10.6
10.7
10.3
9.8
9.8
10.1
10.1
10.0
10.0
9.8
9.4
9.4
10.0
10.0
9.3
8.8
9.0
9.4
9.3
9.4
9.8
10.0
9.5
9.6
10.5
10.8
10.5
10.1
10.2
10.1
9.8
9.5
9.4
9.5
9.9
9.9
9.7
9.8
10.3
10.4
10.2
9.5
8.6
8.9
9.3
9.7
9.9
9.8
9.7
9.9
10.2
9.8
9.5
9.7
10.0
10.0
9.6
9.5
9.9
10.1
10.3
10.8
10.2
9.8
10.4
10.9
11.0
10.7
10.2
10.2
10.7
11.1
10.5
9.9
10.5
11.1
11.1
11.1
10.6
10.3
10.6
11.0
11.1
11.3
11.7
11.1
10.8
10.9
11.1
10.9
10.6
10.9
11.0
11.1
11.2
11.1
11.0
10.8
10.9
10.9
10.6
10.3
9.6
9.1
9.4
10.6
11.1
10.6
10.4
10.8
11.3
11.7
11.6
11.0
9.9
9.3
9.8
10.8
11.2
11.1
10.8
11.0
11.5
11.3
10.4
9.4
8.9
9.2
10.2
11.1
11.1
10.5
10.5
11.1
11.3
10.7
10.1
10.3
11.0
11.3
11.4
11.0
10.9
11.2
11.5
10.7
9.8
9.8
10.3
10.5
10.4
10.9
11.1
10.7
10.3
10.4
10.8
11.0
10.8
10.3
9.7
9.7
10.5
11.4
11.3
11.1
11.4
11.6
11.4
10.7
9.6
9.8
10.9
11.4
11.4
10.9
11.0
11.5
12.3
12.8
12.1
11.3
11.0
11.1
11.4
11.5
11.6
12.0
12.9
13.5
13.4
12.6
12.2
13.4
14.1
13.7
13.1
13.3
12.9
12.4
13.1
13.5
12.7
12.3
13.1
13.8
14.2
13.6
11.8
11.4
12.4
12.9
13.3
13.7
13.8
13.0
12.6
13.5
14.8
14.9
13.7
13.2
13.8
14.9
15.5
15.5
15.3
15.7
15.8
16.0
16.0
15.8
16.1
15.7
15.2
15.9
17.0
16.6
16.3
17.2
17.5
17.1
17.3
17.2
16.8
17.1
17.2
16.9
17.5
17.9
17.6
16.9
16.5
17.2
17.7
17.9
17.8
17.8
18.7
19.2
18.8
18.6
18.9
18.2
17.1
16.7
17.5
18.3
18.5
18.6
18.5
18.4
18.1
18.3
18.3
19.0
19.5
19.2
18.4
18.1
18.6
18.9
19.0
18.7
19.1
19.7
19.4
20.2
21.3
21.7
21.3
21.4
20.9
20.2
20.6
20.5
19.8
19.9
19.9
19.9
19.3
19.4
20.2
20.1
19.4
20.1
20.9
20.5
20.3
21.2
21.1
19.8
19.8
21.0
20.8
20.7
20.3
19.9
19.6
19.8
19.4
19.4
19.8
20.5
20.4
20.0
21.2
22.7
22.7
21.1
20.1
20.8
21.4
21.5
21.0
20.3
20.2
21.1
20.8
20.5
21.0
22.1
22.0
21.8
22.8
23.6
22.5
21.7
22.8
23.2
21.3
19.3
20.5
22.2
21.7
20.4
20.7
22.2
23.0
23.5
23.1
21.7
21.9
22.3
23.2
23.6
23.8
23.5
22.0
22.0
24.5
26.6
26.1
24.4
24.3
24.7
24.9
25.6
26.7
26.5
25.6
25.4
25.5
26.9
27.4
26.9
28.4
30.0
31.0
31.3
30.5
29.2
28.2
28.6
29.0
28.9
29.9
29.8
29.4
30.4
31.3
31.5
30.7
30.1
30.8
32.7
33.3
33.5
32.7
33.2
34.7
34.0
33.4
32.9
33.1
32.7
33.1
34.2
33.8
33.5
34.2
34.1
34.5
34.7
34.9
35.0
36.1
36.7
36.1
36.9
37.4
36.5
35.9
36.4
37.1
37.2
37.4
37.8
38.8
40.2
40.6
39.9
40.4
41.7
41.4
41.3
42.3
42.8
41.9
41.5
42.2
43.2
44.2
44.6
44.1
42.9
42.9
44.2
45.7
46.1
45.8
46.1
46.3
46.1
45.8
45.8
46.1
46.6
47.2
48.1
49.1
50.5
51.3
51.1
51.0
50.5
49.7
49.9
51.8
53.0
53.0
52.3
52.5
53.3
53.5
53.4
53.6
53.0
51.8
52.2
54.2
55.1
56.3
57.5
57.1
56.0
56.9
58.6
59.2
59.3
59.2
58.5
59.1
59.7
60.2
59.9
58.7
59.0
59.6
60.5
61.6
62.2
62.0
62.3
62.4
61.7
62.2
64.3
64.2
61.9
61.6
64.1
65.3
64.8
64.6
64.5
64.4
64.3
63.8
63.8
65.4
66.9
66.4
66.2
67.2
67.7
67.8
67.8
67.5
66.4
67.0
69.3
69.6
68.3
66.9
67.6
68.9
68.2
67.6
68.2
68.5
69.0
70.1
71.4
72.1
72.4
72.4
71.6
70.2
70.4
71.8
73.3
73.9
73.7
72.7
73.4
75.7
77.0
76.9
76.9
77.7
76.7
75.2
75.4
76.9
78.1
78.1
78.6
78.6
78.2
78.3
80.3
82.2
80.5
78.6
79.0
80.4
81.9
83.1
82.7
80.9
81.5
83.7
84.6
84.7
86.0
87.0
86.6
85.4
85.6
87.3
87.7
86.0
85.7
88.0
90.3
90.6
89.8
90.2
92.0
93.3
93.9
92.8
92.5
94.4
97.3
97.5
95.8
95.1
96.2
99.1
100.8
100.4
99.5
101.1
105.2
106.7
104.0
103.3
105.2
105.5
104.9
107.1
110.3
111.9
112.7
112.6
112.8
113.2
115.0
116.6
117.5
117.8
118.7
120.5
121.3
119.5
119.0
121.2
124.9
127.5
127.6
128.9
130.8
130.6
129.8
130.4
131.7
132.0
134.6
136.9
136.7
136.0
137.6
140.1
140.8
141.0
141.3
142.3
145.5
148.8
149.2
149.9
151.1
151.3
150.5
152.6
154.9
154.8
154.3
156.7
160.1
161.7
161.5
161.0
162.4
165.0
166.2
166.3
166.9
168.2
170.1
172.1
172.8
173.9
175.3
174.0
174.7
177.0
179.1
179.3
178.6
177.7
178.7
181.3
184.2
186.8
188.6
189.2
188.9
190.4
189.9
190.1
192.9
193.7
193.5
193.6
195.7
197.7
200.0
200.8
199.4
200.1
203.5
205.0
204.1
204.1
205.8
207.0
208.3
209.8
211.8
213.3
214.1
214.3
216.4
217.7
215.6
212.7
214.1
218.8
222.3
221.1
218.4
218.6
221.8
224.6
225.2
224.3
225.0
226.5
227.5
228.0
229.1
229.6
230.5
231.1
231.6
231.2
231.5
234.0
236.2
237.5
237.1
237.5
238.7
239.6
240.4
241.0
242.0
240.8
240.9
241.5
243.0
244.5
245.3
244.9
244.9
247.2
250.1
251.2
250.2
249.8
250.0
254.2
256.0
253.9
253.4
254.5
254.4
254.9
258.1
261.0
258.9
256.3
256.3
259.0
262.2
262.6
262.2
261.8
262.6
265.3
267.8
269.5
268.5
267.2
267.4
269.3
270.9
271.7
272.1
273.5
275.4
275.0
273.8
274.5
275.6
277.0
276.8
275.7
275.7
278.1
280.3
282.3
282.4
281.5
281.9
283.6
283.6
283.6
285.5
286.3
287.2
288.9
289.4
288.0
288.4
291.1
290.8
289.6
291.4
292.5
292.2
291.3
290.7
291.9
292.4
295.9
297.8
295.3
294.5
294.4
295.3
296.7
298.1
298.8
297.9
298.1
300.0
300.8
300.4
301.2
303.0
303.9
304.0
302.9
302.7
302.2
301.7
303.1
304.9
304.7
304.7
306.3
307.3
305.9
304.9
306.9
309.2
311.5
312.8
310.4
309.6
312.2
314.1
312.8
312.0
313.7
315.2
314.4
313.6
313.6
315.7
317.8
317.6
317.7
317.8
315.8
315.3
315.6
316.8
317.0
318.9
321.5
321.1
319.3
320.4
321.7
320.2
320.5
322.0
321.9
321.1
322.6
323.1
321.2
320.7
322.5
323.6
324.0
323.7
322.6
323.8
326.0
327.3
326.1
324.2
322.9
323.2
325.2
326.3
326.7
327.7
328.3
328.7
328.2
327.9
329.3
330.2
330.5
330.9
331.1
332.9
335.0
334.3
331.2
329.2
330.3
331.4
331.1
330.0
330.0
332.3
335.1
334.7
332.3
331.7
334.2
334.5
332.7
332.4
332.8
333.5
334.1
335.3
335.3
334.4
332.1
332.5
333.6
334.6
333.8
333.3
333.6
332.7
332.7
333.3
333.2
334.1
335.6
333.2
330.5
331.7
333.8
333.3
332.0
332.2
332.4
332.2
332.9
331.2
329.9
331.2
332.4
331.8
331.3
332.0
332.7
332.4
332.3
332.3
331.9
331.5
330.2
330.4
330.7
330.1
329.2
329.1
330.2
330.1
330.2
330.7
329.8
328.2
327.3
328.3
328.1
327.2
326.6
326.8
327.6
327.4
326.5
324.9
324.4
324.2
323.3
322.3
321.7
321.2
320.7
320.4
321.3
322.1
321.4
321.2
321.5
320.1
319.0
320.1
319.7
317.0
314.9
315.0
314.4
314.2
314.3
312.8
311.8
311.9
312.4
311.5
308.9
308.0
307.8
307.6
307.1
306.4
305.5
304.8
304.4
303.9
303.2
303.2
303.3
301.8
300.1
299.9
300.0
299.9
298.5
297.7
298.1
298.3
296.9
295.6
294.7
294.3
294.3
294.2
294.2
293.2
291.2
290.9
290.8
289.6
288.5
288.3
288.0
286.0
285.4
287.0
288.1
286.9
285.0
284.5
284.4
283.4
282.6
282.1
282.2
281.9
281.8
281.2
279.7
278.4
277.7
277.2
277.1
276.8
276.0
275.0
274.8
275.0
273.9
273.6
272.8
271.2
271.2
272.2
271.4
269.2
268.5
268.6
268.3
267.1
265.0
264.0
263.9
263.6
263.4
264.2
264.2
261.7
259.9
260.6
260.7
258.8
256.5
255.0
254.3
254.8
255.5
254.6
253.6
253.7
253.4
252.6
252.1
250.3
248.2
247.9
248.6
246.7
245.1
245.4
245.1
244.1
243.8
244.1
243.8
243.2
243.3
242.4
240.5
238.6
237.9
237.7
237.9
237.4
235.8
235.4
235.7
235.0
234.2
233.6
233.0
231.6
230.7
230.0
230.0
229.7
228.8
227.6
227.9
228.3
225.5
223.7
223.2
223.7
223.5
222.2
221.1
220.7
220.1
220.4
220.0
218.4
217.3
217.1
217.0
217.7
216.8
214.8
213.1
213.3
214.1
212.2
211.1
210.8
211.1
210.1
209.6
209.3
208.1
207.6
207.2
208.2
208.8
208.2
207.1
206.0
205.2
205.0
204.1
203.3
202.5
201.5
201.2
200.7
201.6
201.8
201.1
200.1
198.6
197.5
196.7
196.7
196.5
195.8
196.0
195.1
195.2
194.1
192.5
191.4
191.1
192.0
193.8
193.9
192.4
190.5
188.7
187.4
187.8
188.2
186.9
184.6
183.1
183.0
184.2
185.7
185.6
185.3
184.1
182.3
181.7
182.3
182.3
181.9
181.1
179.9
180.0
180.8
179.9
178.4
179.5
179.1
176.9
175.1
175.1
175.5
175.5
175.9
175.1
173.1
173.1
172.4
171.6
170.9
171.0
171.5
171.6
169.7
168.2
168.5
170.1
170.5
168.5
167.3
166.9
167.2
167.6
166.7
165.7
165.8
166.6
166.3
164.6
164.1
164.7
165.2
164.7
164.1
161.2
159.6
159.4
160.1
159.5
159.1
158.6
158.5
158.6
157.2
156.3
155.9
156.7
157.0
156.2
154.9
153.3
153.6
154.0
152.9
152.5
152.4
152.2
152.2
152.3
152.7
152.1
151.4
151.1
151.4
151.0
149.8
149.4
149.3
149.5
148.5
147.3
145.9
146.4
147.6
147.8
147.2
146.4
145.3
145.1
145.1
145.4
144.8
143.6
143.0
142.6
143.7
145.2
145.4
144.4
142.8
141.8
139.6
138.8
138.4
138.3
137.6
137.4
137.5
137.5
137.1
137.1
136.3
135.3
136.0
136.9
135.9
134.8
135.2
135.1
133.6
132.9
133.3
132.8
132.4
132.0
131.0
130.5
132.5
133.3
132.2
129.8
128.5
128.7
129.6
130.2
130.4
130.1
129.8
129.7
129.1
128.1
127.2
126.3
126.6
126.5
125.2
124.8
124.9
126.0
125.9
124.4
122.6
124.4
125.7
124.4
124.0
123.0
121.5
120.1
120.7
121.5
121.3
119.2
117.5
118.3
120.0
118.8
116.6
117.1
117.5
116.9
116.4
116.7
117.0
117.2
115.9
115.6
115.1
113.1
113.4
114.5
114.6
113.8
114.4
115.3
113.9
112.0
112.7
115.8
116.7
113.5
109.3
109.1
110.9
111.3
112.0
112.5
110.1
108.1
108.8
110.6
112.0
111.1
108.3
106.6
107.0
106.9
106.1
106.3
108.2
108.4
106.8
105.8
105.1
104.5
105.2
104.0
102.8
102.8
103.8
103.7
102.7
103.2
103.5
103.0
102.1
101.9
101.8
101.3
102.4
101.4
99.8
99.6
99.6
99.1
97.8
98.0
98.5
99.0
99.2
98.2
97.7
98.9
98.5
97.4
96.8
96.5
96.4
96.1
95.7
95.6
96.1
96.1
95.6
94.0
93.0
93.5
95.2
95.4
93.5
92.2
91.8
92.2
93.1
91.9
91.2
91.1
90.8
90.1
89.2
89.1
89.4
90.0
89.6
88.7
88.5
89.5
88.5
87.0
86.4
86.3
86.2
87.1
87.7
87.9
86.2
84.8
84.7
85.7
87.2
86.1
83.4
82.6
82.6
83.2
83.0
83.3
83.6
82.8
82.4
81.5
81.6
81.9
82.8
83.9
83.8
80.4
78.2
79.2
80.9
81.9
81.0
79.7
78.7
79.2
78.8
78.5
79.7
79.7
78.3
76.9
76.7
75.9
75.8
76.8
77.2
76.0
74.7
73.8
74.2
74.9
75.4
75.3
74.0
73.1
72.9
73.7
74.8
74.2
73.3
72.9
73.2
74.4
74.5
72.8
70.8
70.2
70.6
69.8
68.8
69.2
69.5
69.9
68.8
67.4
68.2
69.4
69.1
67.5
66.9
67.6
67.9
67.3
67.3
67.4
67.9
67.5
66.3
65.1
65.1
66.0
66.8
66.5
64.8
63.7
63.0
63.5
64.1
64.5
64.9
64.2
63.3
62.9
62.9
62.0
61.5
63.4
62.6
60.3
60.4
62.1
63.0
61.6
60.4
59.0
58.7
59.2
58.7
58.0
57.8
58.8
59.8
59.4
58.3
57.6
58.1
59.4
58.5
57.2
57.3
58.4
57.5
56.1
57.9
59.5
57.0
55.6
56.2
57.0
56.1
54.1
52.1
52.5
53.7
53.9
53.2
52.4
52.5
53.3
54.5
54.5
53.0
51.8
52.9
54.6
53.6
50.8
49.3
49.9
50.6
50.2
51.2
50.5
48.8
50.1
51.5
51.0
48.4
46.9
47.5
49.3
49.0
47.3
46.6
48.4
49.5
49.2
48.0
46.4
46.0
46.5
47.0
46.2
45.7
45.7
46.0
47.2
47.1
46.3
46.5
46.1
45.8
45.4
45.2
44.6
43.7
41.7
41.3
42.3
42.7
41.2
40.3
41.5
41.7
40.5
40.5
40.1
40.5
41.2
41.0
41.0
41.5
42.0
40.7
39.8
39.9
40.5
39.7
38.1
37.7
38.2
38.6
38.8
38.2
38.2
38.8
39.7
38.6
36.0
35.9
36.1
37.0
38.1
36.7
34.9
34.0
35.0
35.0
35.1
35.5
34.6
33.2
34.1
36.5
37.3
36.0
33.7
32.6
33.3
33.7
33.9
33.2
32.4
32.3
32.4
33.5
34.4
34.1
31.7
29.7
29.7
31.3
32.2
31.2
30.9
31.5
33.0
31.9
31.5
31.2
30.3
28.7
28.1
29.4
30.1
30.4
30.8
30.2
29.8
29.3
30.5
31.0
29.0
29.1
28.8
27.6
27.9
30.0
31.3
29.4
28.4
28.8
29.6
29.6
27.7
28.1
29.2
28.1
26.2
26.0
25.2
26.1
28.6
29.1
27.0
25.8
26.8
28.9
29.1
26.5
23.9
24.3
25.7
25.1
24.0
23.7
24.3
25.1
25.7
24.6
23.4
23.1
23.9
24.2
24.1
23.7
24.9
24.7
24.7
26.1
26.7
25.3
23.8
24.4
23.7
20.3
19.3
20.4
21.7
21.8
21.9
21.7
22.3
23.0
23.3
22.3
20.0
19.3
19.5
19.9
20.0
19.5
19.8
20.0
18.2
17.5
18.7
20.5
19.7
18.0
18.2
18.4
19.2
20.5
20.2
17.7
16.3
16.1
15.8
15.9
16.1
16.9
17.4
16.5
14.9
14.5
14.8
14.3
12.9
12.9
13.8
14.4
14.3
14.0
14.6
15.1
14.4
14.0
13.5
13.6
13.4
12.8
12.3
12.6
13.4
13.0
12.0
11.2
11.9
12.3
12.5
11.9
11.1
10.8
11.7
12.5
10.9
8.6
8.7
9.4
9.4
8.7
8.3
9.2
9.5
8.6
7.7
8.5
7.8
8.0
7.6
8.1
8.2
7.8
7.4
7.8
7.8
8.1
9.0
9.6
7.9
6.4
8.0
9.5
9.3
8.1
5.2
5.7
9.4
10.2
5.7
3.2
5.2
6.4
5.0
3.4
2.4
3.8
3.9
2.7
2.5
4.4
5.7
4.8
5.2
4.7
2.2
0.3
1.5
1.7
-1.1
-3.1
-3.2
-1.3
-0.1
0.5
1.0
0.3
0.3
0.4
0.4
-0.5
-1.5
-1.4
-0.9
-2.6
-2.9
-0.4
0.2
-0.6
-3.2
-3.8
-2.1
-2.3
-2.6
-2.5
-1.5
-2.1
-4.6
-5.7
-5.4
-4.5
-3.8
-4.6
-5.9
-6.0
-6.0
-5.2
-5.0
-6.0
-6.1
-6.6
-6.5
-7.1
-7.7
-6.7
-5.4
-6.0
-8.2
-8.7
-7.7
-8.3
-9.0
-8.6
-8.8
-9.7
-9.7
-7.8
-5.6
-7.1
-10.5
-11.3
-9.1
-6.5
-7.1
-9.5
-10.8
-11.0
-9.5
-8.9
-9.3
-9.8
-9.6
-10.2
-11.5
-11.5
-9.5
-9.2
-10.6
-12.3
-13.1
-12.0
-11.7
-13.4
-15.0
-14.8
-13.5
-12.9
-12.4
-12.6
-13.9
-14.3
-13.9
-12.8
-11.6
-13.0
-14.9
-16.0
-15.1
-14.1
-14.7
-16.1
-16.3
-15.2
-14.8
-15.2
-14.2
-13.0
-13.5
-14.8
-16.5
-16.7
-16.1
-14.8
-14.6
-14.9
-15.5
-15.8
-15.1
-16.2
-18.4
-19.0
-17.7
-16.9
-17.5
-17.6
-17.3
-15.7
-14.8
-16.0
-17.6
-16.7
-16.3
-17.8
-18.1
-18.3
-18.3
-17.9
-17.6
-16.8
-17.2
-17.3
-17.0
-15.7
-16.4
-18.9
-20.4
-20.9
-20.6
-20.1
-20.2
-19.5
-18.8
-18.9
-18.3
-17.6
-16.8
-16.8
-18.8
-20.4
-20.6
-18.9
-17.6
-17.7
-19.8
-22.1
-22.4
-21.6
-21.7
-20.4
-19.2
-20.2
-20.4
-18.7
-19.0
-20.7
-21.5
-21.3
-21.4
-21.7
-22.6
-22.9
-22.4
-21.7
-21.6
-22.5
-22.9
-21.4
-19.9
-21.3
-23.5
-23.4
-21.7
-21.0
-21.2
-22.2
-24.4
-23.7
-20.9
-20.6
-23.7
-25.8
-24.7
-23.5
-24.1
-25.0
-26.1
-25.7
-22.5
-22.7
-25.5
-26.8
-25.5
-24.2
-24.6
-24.9
-25.3
-25.3
-25.0
-24.8
-25.0
-25.3
-25.2
-25.3
-25.7
-25.4
-24.3
-24.3
-24.7
-25.1
-25.3
-26.2
-26.5
-26.2
-26.7
-26.5
-26.6
-26.4
-26.0
-25.9
-25.7
-26.3
-27.1
-27.9
-27.9
-28.5
-29.2
-28.9
-28.3
-28.2
-28.3
-27.7
-27.9
-28.2
-28.0
-27.9
-28.6
-28.6
-28.4
-28.5
-29.3
-29.3
-28.5
-28.2
-28.7
-29.7
-29.7
-29.1
-29.2
-29.3
-29.3
-30.2
-30.6
-29.9
-29.5
-29.9
-30.7
-31.4
-31.1
-30.3
-29.9
-30.7
-31.1
-31.3
-31.6
-31.2
-30.7
-30.7
-31.1
-31.5
-31.8
-31.4
-31.2
-31.5
-31.8
-31.8
-31.9
-32.0
-32.1
-31.6
-31.3
-31.3
-31.3
-31.6
-32.4
-32.7
-32.2
-31.6
-32.0
-32.9
-33.4
-32.9
-32.5
-32.4
-33.1
-33.4
-33.4
-33.7
-33.4
-33.3
-33.6
-33.7
-33.8
-33.6
-33.6
-33.8
-35.0
-35.5
-35.1
-34.2
-34.2
-34.9
-35.4
-35.0
-34.6
-34.3
-34.9
-35.0
-34.6
-34.4
-34.4
-34.6
-34.5
-34.5
-34.8
-35.4
-36.0
-35.8
-35.5
-35.8
-35.7
-35.9
-35.9
-36.1
-36.5
-37.0
-37.5
-37.3
-36.8
-36.1
-35.8
-35.7
-35.6
-35.5
-35.9
-35.8
-35.7
-36.2
-37.0
-37.1
-36.9
-36.3
-36.6
-37.3
-37.4
-37.1
-36.5
-36.2
-36.4
-37.4
-38.4
-38.1
-37.2
-36.8
-37.2
-37.9
-37.8
-37.5
-37.1
-37.1
-36.7
-37.0
-37.7
-38.2
-38.7
-38.5
-37.5
-36.9
-37.1
-37.6
-38.1
-38.4
-38.8
-38.8
-38.9
-38.5
-38.7
-39.5
-39.5
-38.9
-38.9
-38.9
-38.6
-39.0
-39.5
-39.7
-40.3
-41.1
-40.7
-39.8
-40.3
-41.0
-40.7
-40.4
-40.1
-40.8
-41.0
-40.8
-40.5
-39.9
-39.7
-40.4
-41.1
-40.7
-40.3
-40.8
-40.6
-40.7
-41.4
-41.5
-41.0
-40.4
-40.2
-40.5
-41.2
-42.0
-42.0
-41.7
-41.5
-40.9
-41.1
-40.7
-40.5
-41.2
-41.1
-40.3
-40.5
-41.6
-41.9
-41.7
-41.6
-42.1
-42.5
-42.2
-43.0
-43.3
-42.6
-42.2
-42.7
-42.9
-42.5
-42.7
-43.1
-43.5
-43.9
-44.0
-43.7
-43.5
-43.1
-42.2
-41.9
-42.5
-43.1
-43.4
-44.5
-44.9
-44.7
-44.4
-44.4
-44.4
-43.5
-43.2
-43.4
-43.3
-43.2
-43.5
-43.7
-43.8
-43.5
-43.7
-43.9
-43.6
-43.8
-43.8
-44.2
-45.1
-45.1
-44.1
-44.5
-45.3
-45.5
-45.0
-44.6
-44.6
-43.9
-43.9
-44.1
-43.8
-43.6
-43.8
-44.5
-45.4
-46.5
-46.6
-45.7
-45.0
-45.2
-45.5
-45.9
-46.3
-46.4
-46.6
-47.4
-47.9
-47.6
-46.7
-45.7
-45.1
-45.7
-47.1
-46.6
-45.4
-45.4
-46.4
-47.4
-47.1
-46.4
-45.8
-45.9
-46.7
-47.2
-47.4
-47.1
-46.6
-47.2
-47.4
-47.6
-47.9
-48.4
-49.0
-48.7
-47.9
-48.0
-48.2
-47.7
-46.9
-46.4
-46.4
-47.0
-47.2
-47.5
-47.7
-47.9
-47.8
-47.6
-47.4
-47.3
-47.8
-48.5
-48.2
-48.0
-48.7
-49.5
-49.4
-48.9
-48.8
-48.5
-47.5
-47.5
-47.7
-47.5
-47.5
-48.2
-48.7
-49.0
-49.3
-48.9
-48.4
-48.3
-49.1
-48.8
-48.4
-48.4
-49.0
-49.9
-49.8
-49.4
-49.6
-49.7
-50.6
-51.0
-51.0
-50.5
-49.5
-49.5
-50.0
-49.8
-50.2
-49.9
-50.0
-50.1
-50.5
-50.4
-50.7
-50.6
-50.2
-49.3
-49.0
-49.9
-50.6
-50.3
-50.2
-50.7
-51.6
-51.8
-51.3
-50.5
-50.4
-51.2
-51.7
-51.0
-50.6
-50.6
-50.5
-50.6
-51.6
-52.2
-52.1
-51.6
-51.6
-52.0
-52.0
-52.6
-53.0
-52.7
-52.6
-52.4
-52.7
-52.8
-52.1
-51.6
-51.1
-51.0
-50.9
-51.6
-52.4
-52.2
-51.9
-52.2
-52.2
-52.6
-52.9
-52.8
-53.1
-53.3
-53.2
-52.8
-52.8
-52.6
-52.9
-53.7
-54.7
-54.4
-53.1
-52.5
-52.8
-53.3
-53.3
-52.5
-52.6
-53.2
-53.5
-53.7
-54.0
-54.7
-54.6
-53.7
-52.9
-53.4
-53.7
-53.9
-54.1
-54.1
-54.1
-53.8
-53.5
-53.1
-53.4
-53.5
-52.9
-52.6
-54.0
-55.0
-54.9
-54.0
-54.1
-53.8
-53.7
-54.3
-54.6
-54.0
-52.9
-53.0
-54.2
-55.1
-55.2
-54.9
-54.7
-55.4
-56.7
-56.9
-55.7
-54.5
-54.8
-55.5
-55.0
-54.5
-54.8
-54.6
-54.9
-55.5
-55.8
-55.0
-54.6
-55.3
-55.7
-55.7
-55.8
-55.6
-55.4
-55.8
-55.5
-55.4
-54.7
-54.0
-54.2
-55.2
-55.6
-56.1
-55.8
-54.9
-55.3
-55.9
-56.4
-56.2
-56.0
-55.3
-54.8
-55.5
-56.1
-56.0
-55.7
-55.9
-56.7
-56.7
-56.2
-55.6
-55.7
-56.0
-55.8
-55.3
-55.1
-55.6
-55.5
-55.5
-55.9
-57.2
-57.8
-57.3
-56.9
-57.2
-57.4
-57.0
-56.4
-57.2
-57.8
-57.8
-57.5
-57.2
-56.7
-56.5
-56.4
-55.9
-55.9
-56.2
-56.0
-56.2
-56.8
-56.8
-56.1
-56.6
-57.3
-57.2
-56.5
-56.6
-57.7
-58.7
-58.4
-57.7
-57.7
-58.2
-58.2
-58.1
-57.7
-57.4
-57.4
-57.7
-57.8
-57.7
-56.9
-55.8
-55.8
-56.8
-57.0
-57.8
-58.7
-58.8
-58.9
-59.2
-58.8
-58.2
-58.2
-58.5
-58.1
-57.4
-57.7
-57.9
-58.5
-58.8
-58.6
-57.5
-57.0
-57.3
-57.4
-56.9
-56.4
-57.2
-57.7
-58.0
-58.5
-58.6
-58.7
-58.4
-58.0
-58.0
-58.1
-58.4
-58.0
-58.1
-58.2
-57.9
-58.3
-58.8
-58.7
-58.9
-58.6
-57.6
-57.1
-58.4
-59.5
-58.9
-57.6
-57.3
-58.1
-58.6
-58.4
-58.3
-58.2
-57.7
-57.6
-57.9
-58.2
-59.4
-59.2
-57.8
-57.7
-59.2
-59.8
-58.9
-58.2
-58.5
-59.2
-59.5
-58.9
-58.9
-59.4
-59.3
-58.7
-58.5
-58.8
-59.0
-59.2
-59.3
-58.6
-57.6
-57.4
-57.9
-58.0
-58.2
-58.2
-57.8
-57.7
-58.0
-58.9
-59.8
-59.8
-58.8
-58.1
-59.0
-59.9
-59.7
-58.9
-58.5
-58.7
-59.2
-59.3
-59.5
-59.9
-59.5
-58.9
-58.0
-57.7
-57.8
-57.5
-57.1
-57.4
-57.7
-58.2
-59.5
-60.4
-60.0
-59.5
-59.2
-58.4
-57.1
-57.2
-57.9
-58.1
-58.5
-59.1
-59.5
-59.7
-59.5
-58.6
-59.1
-60.3
-60.2
-59.3
-58.9
-59.9
-60.1
-60.0
-60.0
-59.4
-59.1
-59.0
-58.9
-58.5
-58.2
-58.9
-59.4
-58.7
-58.6
-58.7
-58.2
-57.8
-58.3
-59.4
-59.7
-59.3
-59.0
-59.5
-61.0
-61.4
-60.5
-59.6
-59.3
-58.9
-58.5
-59.2
-58.8
-58.3
-58.7
-59.4
-59.6
-59.5
-59.7
-59.9
-60.1
-60.0
-59.8
-60.4
-61.0
-60.5
-59.9
-60.8
-61.5
-61.2
-60.1
-60.1
-60.9
-61.1
-60.7
-60.4
-60.2
-60.6
-60.7
-60.6
-60.0
-58.6
-58.8
-60.3
-61.1
-60.8
-60.0
-60.1
-60.6
-61.3
-61.8
-61.0
-59.9
-59.1
-58.8
-59.5
-60.2
-60.5
-60.4
-60.3
-60.5
-60.2
-59.6
-60.1
-61.0
-60.6
-60.2
-60.0
-59.5
-59.5
-60.1
-60.6
-60.6
-60.4
-60.0
-60.6
-61.6
-61.7
-61.0
-60.6
-60.2
-59.4
-59.1
-59.7
-59.8
-59.5
-59.1
-60.0
-61.0
-60.7
-60.2
-60.3
-60.7
-61.2
-61.7
-61.8
-60.8
-60.5
-60.8
-60.7
-60.1
-59.5
-59.4
-60.0
-60.5
-60.6
-60.4
-60.3
-59.9
-60.2
-60.7
-60.5
-59.5
-59.2
-59.9
-60.7
-61.2
-61.1
-60.2
-60.3
-61.0
-60.8
-60.9
-60.8
-60.9
-61.4
-61.6
-61.8
-61.3
-61.2
-61.5
-61.0
-60.6
-60.7
-61.2
-61.5
-61.7
-62.3
-61.8
-60.7
-60.1
-60.6
-60.8
-60.6
-60.4
-60.9
-61.6
-62.0
-62.0
-60.9
-59.8
-60.5
-61.9
-62.4
-62.0
-61.5
-61.2
-61.4
-61.3
-60.9
-60.8
-60.9
-61.0
-61.3
-61.9
-61.7
-61.2
-61.0
-60.8
-60.7
-60.9
-60.0
-59.2
-59.8
-60.8
-61.6
-61.4
-60.9
-60.1
-60.0
-60.6
-61.2
-61.8
-61.5
-60.6
-59.8
-59.4
-59.3
-59.5
-59.8
-59.7
-59.5
-59.2
-59.2
-60.2
-60.7
-60.1
-60.4
-60.8
-60.7
-60.7
-60.8
-60.5
-60.6
-61.3
-61.2
-60.7
-60.7
-61.1
-62.0
-62.7
-62.2
-61.5
-61.5
-61.4
-61.6
-62.2
-61.8
-61.5
-61.8
-61.9
-61.5
-61.1
-60.3
-59.1
-59.0
-60.2
-60.9
-61.1
-61.1
-61.0
-61.5
-61.5
-61.2
-60.9
-60.5
-60.6
-61.3
-61.7
-61.0
-60.3
-60.9
-61.5
-61.6
-61.2
-60.2
-59.2
-59.6
-60.8
-61.2
-61.2
-60.5
-59.7
-59.3
-59.5
-60.2
-60.7
-60.6
-60.8
-60.9
-60.8
-61.4
-61.3
-60.4
-59.9
-60.0
-60.3
-60.5
-61.0
-61.8
-62.2
-62.7
-62.5
-61.1
-60.0
-59.7
-59.9
-60.3
-60.0
-60.2
-60.7
-61.2
-60.7
-59.7
-60.4
-60.5
-59.9
-59.3
-60.4
-60.7
-60.7
-61.0
-60.8
-60.8
-61.2
-61.5
-61.5
-60.5
-60.6
-61.5
-61.7
-61.9
-61.5
-61.0
-60.8
-61.0
-61.4
-60.6
-60.0
-59.7
-60.1
-60.5
-60.4
-60.4
-61.0
-61.8
-61.6
-61.7
-61.1
-60.2
-60.4
-60.6
-59.5
-59.3
-60.7
-61.6
-60.9
-60.4
-60.9
-61.7
-61.9
-61.3
-60.8
-60.9
-61.0
-60.6
-60.9
-61.5
-61.4
-61.5
-61.4
-61.2
-61.6
-62.2
-62.1
-61.1
-59.9
-58.2
-57.8
-59.9
-61.6
-61.7
-61.5
-61.9
-62.5
-62.3
-62.3
-61.2
-59.9
-59.8
-59.9
-59.7
-59.0
-59.5
-60.7
-61.5
-61.1
-59.8
-59.4
-59.2
-59.7
-60.1
-60.1
-59.9
-59.8
-60.4
-60.9
-60.5
-59.9
-59.7
-59.7
-60.0
-60.6
-60.6
-59.6
-58.8
-58.8
-59.3
-59.8
-59.4
-59.3
-59.9
-60.0
-60.2
-60.0
-60.7
-60.5
-60.0
-59.3
-59.2
-59.7
-60.1
-59.7
-59.2
-58.6
-58.7
-59.7
-60.3
-59.5
-58.8
-58.5
-58.5
-58.9
-59.2
-59.3
-58.7
-58.8
-58.8
-59.3
-60.6
-60.8
-60.3
-59.8
-59.7
-59.9
-59.8
-59.9
-59.7
-59.5
-59.9
-59.8
-59.4
-59.1
-59.6
-60.5
-60.3
-59.4
-58.7
-59.1
-59.6
-60.4
-61.4
-61.5
-60.5
-59.6
-59.0
-59.8
-60.6
-60.7
-60.4
-59.2
-58.1
-58.5
-59.9
-60.3
-59.3
-59.0
-59.0
-58.4
-58.2
-58.1
-57.5
-57.9
-57.9
-57.5
-57.6
-58.5
-59.4
-58.6
-57.7
-58.0
-58.7
-59.1
-59.0
-59.2
-60.2
-61.3
-61.5
-60.7
-59.4
-59.4
-60.2
-60.2
-59.4
-58.8
-58.6
-59.0
-59.3
-59.1
-58.1
-57.7
-58.8
-58.3
-58.4
-60.0
-60.8
-59.8
-59.1
-59.9
-59.8
-58.6
-58.4
-58.5
-58.3
-58.2
-58.4
-58.5
-58.7
-58.6
-58.7
-58.4
-58.1
-57.5
-57.7
-58.4
-59.1
-58.8
-58.2
-58.0
-57.4
-56.9
-57.7
-58.4
-58.5
-58.5
-59.2
-59.4
-59.1
-59.1
-59.0
-59.0
-59.5
-58.6
-57.1
-57.2
-58.1
-58.7
-58.6
-58.3
-58.4
-58.5
-57.8
-57.7
-58.9
-59.7
-59.3
-58.8
-58.4
-57.7
-56.8
-56.7
-57.0
-57.0
-56.9
-57.2
-58.5
-59.2
-58.9
-58.6
-58.0
-57.7
-58.1
-58.3
-57.5
-57.1
-57.2
-56.9
-57.1
-57.6
-57.8
-57.7
-57.7
-57.8
-58.0
-58.1
-57.9
-57.2
-57.2
-58.4
-58.6
-58.3
-58.4
-59.2
-60.0
-59.8
-59.1
-58.6
-58.2
-58.2
-57.8
-57.0
-57.0
-57.7
-58.2
-58.0
-57.8
-57.0
-57.0
-58.0
-58.0
-57.6
-58.4
-59.3
-58.9
-57.6
-57.0
-57.0
-57.2
-57.5
-57.7
-57.4
-56.9
-57.0
-57.7
-58.4
-58.3
-57.4
-56.0
-56.0
-57.0
-58.3
-58.0
-57.2
-57.4
-57.6
-57.7
-57.5
-57.5
-57.2
-56.3
-55.9
-56.7
-57.5
-57.6
-57.2
-56.9
-57.0
-57.5
-57.5
-57.4
-58.1
-58.6
-58.3
-57.9
-57.8
-57.5
-56.9
-56.6
-57.0
-57.0
-56.5
-55.4
-55.5
-56.1
-56.5
-56.5
-56.5
-56.3
-56.3
-57.2
-57.6
-57.2
-57.0
-56.8
-56.1
-55.2
-55.3
-55.7
-55.7
-56.8
-58.4
-58.6
-57.7
-57.4
-57.4
-57.4
-57.8
-57.9
-57.0
-56.2
-56.6
-56.9
-57.1
-57.2
-56.7
-56.0
-55.7
-56.4
-57.1
-57.0
-56.6
-56.6
-56.7
-56.7
-56.4
-55.9
-55.7
-55.7
-56.3
-57.8
-58.2
-57.4
-56.5
-56.5
-56.4
-56.1
-56.3
-56.6
-56.1
-55.5
-55.2
-56.2
-56.5
-55.5
-55.5
-56.0
-55.7
-55.2
-55.3
-56.3
-56.8
-57.0
-56.7
-56.1
-55.9
-55.4
-55.5
-56.0
-56.2
-56.0
-55.3
-55.8
-56.4
-56.6
-56.3
-55.7
-54.8
-55.0
-55.8
-55.8
-55.2
-55.0
-55.0
-54.6
-55.2
-55.7
-55.9
-55.5
-54.9
-55.1
-56.1
-56.2
-55.4
-54.8
-55.0
-55.3
-55.1
-54.8
-55.2
-56.1
-56.3
-55.6
-55.1
-55.1
-54.8
-54.4
-54.0
-53.9
-53.9
-54.2
-55.0
-55.0
-54.8
-54.4
-54.4
-54.4
-54.2
-53.7
-53.3
-54.0
-54.8
-55.0
-55.0
-54.9
-54.3
-53.8
-54.3
-55.2
-55.0
-54.3
-54.5
-54.4
-53.5
-53.7
-54.1
-53.7
-52.8
-52.1
-52.2
-53.2
-54.1
-54.5
-54.7
-55.0
-54.9
-54.6
-54.2
-53.9
-53.9
-54.4
-54.3
-53.6
-52.8
-52.7
-53.2
-53.6
-53.9
-53.9
-54.1
-53.8
-53.3
-53.7
-53.9
-53.4
-53.0
-52.9
-52.7
-52.5
-53.0
-53.4
-53.9
-54.2
-53.8
-52.8
-52.6
-53.1
-53.2
-52.6
-51.9
-51.8
-52.4
-53.3
-53.7
-53.2
-52.2
-51.5
-51.5
-52.7
-53.3
-52.8
-52.4
-52.7
-53.0
-52.8
-52.8
-52.9
-53.1
-53.0
-52.6
-52.7
-53.3
-53.7
-53.3
-53.0
-53.0
-52.5
-52.0
-51.3
-50.9
-50.8
-51.0
-51.5
-51.3
-51.4
-52.7
-52.9
-52.4
-51.9
-52.8
-53.8
-53.5
-52.5
-51.2
-50.6
-50.3
-50.8
-51.7
-51.9
-51.2
-50.8
-51.2
-51.3
-51.6
-51.8
-51.9
-51.6
-50.8
-50.5
-51.2
-52.4
-52.4
-51.5
-51.4
-51.4
-50.8
-50.2
-51.1
-51.5
-50.6
-49.8
-50.2
-51.0
-51.2
-50.9
-50.8
-51.4
-51.9
-51.4
-50.3
-50.1
-50.2
-50.2
-50.4
-50.0
-50.1
-50.6
-50.7
-50.8
-51.2
-52.0
-51.9
-50.8
-50.1
-50.1
-50.1
-49.8
-50.2
-50.5
-49.9
-49.1
-49.1
-49.8
-50.4
-50.7
-50.6
-50.1
-49.6
-50.0
-51.1
-51.1
-50.0
-49.3
-49.9
-50.2
-50.1
-50.4
-50.2
-49.3
-49.6
-50.7
-50.8
-50.0
-49.8
-50.1
-49.8
-49.2
-48.6
-48.7
-48.2
-47.8
-48.2
-49.0
-49.5
-49.5
-49.4
-49.8
-49.8
-49.7
-49.5
-49.2
-49.1
-48.7
-48.8
-49.0
-48.7
-48.3
-49.0
-49.7
-49.3
-48.4
-48.3
-48.9
-49.5
-49.3
-48.9
-48.6
-49.3
-49.5
-48.4
-47.6
-47.9
-48.6
-48.1
-47.5
-47.4
-47.7
-48.5
-48.9
-48.7
-48.4
-48.1
-47.9
-47.6
-47.4
-47.7
-48.0
-48.1
-47.9
-47.6
-48.1
-48.6
-48.3
-47.9
-48.2
-48.3
-47.7
-47.5
-48.4
-49.2
-48.8
-47.7
-46.8
-46.6
-47.2
-47.1
-45.9
-45.3
-45.7
-47.1
-48.2
-47.3
-46.7
-47.5
-48.9
-49.1
-48.3
-47.5
-47.9
-48.5
-48.5
-48.5
-48.5
-48.4
-47.7
-46.7
-46.8
-47.1
-47.4
-47.4
-47.4
-47.7
-48.5
-49.3
-49.7
-49.3
-49.0
-49.0
-48.7
-48.6
-49.2
-49.8
-49.9
-49.3
-48.5
-48.1
-47.4
-47.5
-47.9
-47.9
-47.4
-47.0
-47.7
-48.2
-48.5
-48.7
-48.2
-47.9
-48.4
-49.0
-49.1
-48.8
-49.1
-49.1
-48.7
-48.5
-48.4
-48.5
-48.3
-48.1
-48.3
-48.7
-49.1
-49.6
-50.0
-49.6
-48.9
-48.5
-48.4
-48.5
-48.7
-49.0
-49.3
-49.3
-48.6
-48.2
-48.6
-49.0
-48.9
-48.1
-47.3
-47.6
-48.0
-48.1
-48.3
-49.1
-49.4
-49.0
-49.2
-49.3
-48.7
-48.1
-48.4
-48.5
-48.2
-48.3
-48.8
-48.6
-48.5
-48.6
-49.0
-49.1
-48.8
-48.3
-47.6
-47.3
-47.7
-47.9
-48.3
-48.5
-48.2
-47.7
-47.6
-47.7
-46.9
-46.7
-47.2
-47.5
-47.5
-47.4
-47.2
-47.1
-46.8
-46.5
-46.5
-46.8
-46.9
-46.7
-46.1
-46.2
-47.1
-47.7
-47.6
-47.3
-47.2
-47.5
-48.7
-49.4
-48.8
-48.0
-47.8
-47.4
-47.0
-47.3
-47.8
-47.9
-47.4
-47.7
-47.9
-47.8
-47.4
-47.3
-47.3
-47.9
-48.2
-47.6
-46.9
-46.8
-47.5
-47.3
-46.4
-46.3
-46.7
-46.7
-46.6
-46.2
-46.2
-46.4
-46.8
-46.7
-46.5
-46.4
-46.4
-46.5
-46.6
-45.8
-45.2
-46.5
-47.8
-47.3
-46.2
-45.7
-45.9
-46.5
-47.0
-46.9
-45.8
-44.7
-45.0
-46.2
-46.8
-46.2
-45.7
-45.9
-46.6
-47.0
-46.0
-45.7
-46.4
-46.7
-46.7
-46.8
-46.4
-45.3
-45.3
-46.6
-47.1
-46.2
-45.4
-45.4
-45.5
-45.7
-45.7
-45.9
-46.1
-46.0
-46.2
-46.6
-47.0
-46.8
-46.4
-46.2
-46.1
-45.8
-45.6
-46.0
-46.6
-46.1
-45.3
-44.8
-44.9
-46.2
-47.4
-47.1
-46.0
-46.2
-46.5
-46.0
-45.8
-46.3
-46.7
-46.6
-45.9
-46.6
-47.5
-47.5
-46.9
-46.0
-45.6
-45.4
-45.7
-45.2
-44.3
-44.8
-46.3
-47.1
-46.9
-45.8
-45.3
-45.5
-46.0
-45.9
-44.7
-43.7
-44.3
-45.5
-45.4
-44.6
-45.0
-45.3
-44.8
-44.3
-44.9
-45.3
-45.5
-45.7
-46.1
-46.7
-46.7
-46.2
-45.4
-44.7
-45.1
-44.8
-43.4
-42.8
-44.1
-45.0
-44.4
-43.9
-44.0
-43.9
-44.2
-44.8
-45.0
-44.2
-44.0
-44.3
-44.4
-43.8
-44.1
-45.7
-46.1
-45.7
-45.6
-45.4
-45.1
-44.7
-44.4
-44.2
-43.8
-43.3
-43.2
-44.0
-44.9
-44.6
-43.9
-43.9
-44.5
-45.5
-45.7
-45.4
-45.7
-46.6
-46.7
-46.1
-45.1
-44.3
-43.5
-42.8
-42.3
-42.9
-43.7
-44.3
-45.0
-44.7
-43.7
-43.2
-43.4
-43.5
-43.2
-43.2
-43.5
-43.5
-43.5
-43.1
-43.0
-43.2
-43.5
-43.5
-42.8
-42.9
-43.7
-44.0
-44.0
-44.0
-43.9
-43.9
-43.8
-43.9
-43.7
-43.5
-43.6
-44.5
-45.7
-45.1
-43.7
-43.1
-43.4
-44.0
-44.1
-43.5
-42.5
-42.4
-42.9
-43.1
-43.2
-43.2
-43.2
-43.0
-42.5
-43.0
-43.9
-44.8
-44.2
-43.3
-42.8
-42.5
-43.0
-43.3
-43.0
-43.5
-44.1
-43.6
-42.5
-42.2
-42.2
-42.4
-42.3
-41.8
-41.6
-41.9
-42.8
-43.7
-43.5
-42.6
-41.8
-42.5
-43.1
-42.7
-42.7
-43.2
-43.6
-42.8
-42.5
-42.9
-42.9
-42.8
-42.2
-42.0
-41.8
-42.1
-43.3
-43.5
-42.4
-41.5
-41.2
-40.9
-40.7
-41.5
-42.5
-43.2
-43.0
-42.2
-41.9
-42.4
-42.6
-42.3
-42.3
-42.2
-41.6
-40.8
-40.9
-42.6
-44.1
-43.8
-42.7
-42.1
-42.0
-42.1
-42.1
-42.5
-42.1
-41.2
-41.1
-41.5
-41.8
-41.9
-42.1
-41.9
-41.5
-41.4
-41.2
-40.8
-41.1
-42.0
-42.2
-42.0
-42.0
-41.9
-42.1
-41.7
-40.8
-40.6
-40.8
-41.4
-41.5
-41.2
-40.7
-40.1
-40.5
-40.7
-40.8
-40.9
-41.1
-40.7
-40.4
-41.1
-41.5
-41.5
-41.8
-42.2
-42.2
-41.2
-40.2
-40.5
-41.4
-42.0
-42.0
-41.5
-41.1
-41.1
-41.4
-41.2
-40.9
-40.2
-39.9
-40.5
-40.5
-40.8
-41.7
-42.3
-42.3
-42.4
-42.5
-42.1
-42.0
-41.7
-41.5
-40.8
-40.1
-40.1
-40.1
-41.0
-41.4
-41.2
-40.5
-40.1
-41.0
-41.5
-41.3
-40.7
-40.1
-40.2
-40.9
-41.3
-41.4
-41.4
-41.4
-41.3
-40.7
-39.5
-39.3
-40.1
-40.3
-40.2
-40.0
-40.3
-40.8
-41.5
-41.3
-40.5
-39.9
-39.6
-39.6
-40.6
-41.0
-40.7
-40.6
-41.0
-41.2
-41.0
-39.9
-39.3
-39.8
-40.7
-41.0
-40.3
-39.2
-39.0
-39.5
-40.0
-39.7
-39.2
-39.0
-38.7
-38.8
-39.7
-40.1
-39.8
-39.3
-39.3
-39.7
-39.5
-39.1
-39.2
-39.4
-39.7
-39.8
-39.4
-39.0
-39.1
-39.2
-40.0
-40.8
-40.6
-39.7
-39.3
-39.7
-39.7
-38.7
-38.7
-39.2
-39.9
-39.9
-39.6
-39.0
-39.2
-39.9
-39.7
-38.6
-38.2
-38.6
-39.6
-39.9
-39.7
-39.4
-39.0
-38.8
-38.5
-38.0
-37.8
-38.2
-39.3
-40.0
-40.0
-39.4
-38.8
-38.2
-38.2
-38.2
-37.7
-37.7
-38.1
-38.3
-37.9
-38.4
-39.3
-39.7
-39.8
-39.4
-39.0
-38.5
-37.9
-37.7
-38.1
-38.7
-38.9
-38.5
-38.6
-39.1
-39.0
-38.5
-37.6
-37.6
-38.1
-38.2
-37.6
-37.4
-38.3
-39.4
-39.7
-39.7
-39.2
-39.1
-39.1
-38.8
-38.2
-38.5
-39.2
-39.4
-38.8
-38.2
-38.0
-37.3
-37.3
-38.4
-39.2
-39.5
-39.5
-39.4
-39.1
-38.6
-39.2
-39.2
-38.2
-37.6
-37.7
-38.2
-38.2
-37.9
-38.1
-38.9
-39.4
-39.7
-39.5
-39.0
-38.6
-38.2
-37.9
-37.6
-37.5
-36.7
-35.8
-35.9
-36.9
-37.5
-37.8
-38.5
-38.7
-37.9
-37.1
-37.4
-37.7
-38.1
-38.6
-38.5
-38.1
-37.6
-37.8
-38.1
-38.0
-38.0
-37.6
-37.6
-37.5
-37.1
-37.2
-37.3
-37.0
-36.8
-36.7
-36.8
-37.2
-37.5
-37.4
-37.2
-37.1
-37.1
-37.4
-37.7
-37.9
-38.3
-38.6
-38.7
-38.3
-38.0
-37.6
-37.3
-36.8
-36.2
-35.9
-35.6
-36.3
-37.6
-37.9
-37.3
-37.0
-37.1
-36.9
-37.0
-37.0
-36.9
-36.9
-37.6
-38.6
-38.2
-37.0
-36.0
-36.3
-36.7
-36.4
-36.1
-35.5
-35.3
-36.0
-36.6
-36.7
-36.3
-35.2
-35.4
-36.3
-36.7
-36.7
-37.0
-37.4
-36.9
-36.5
-36.6
-36.8
-37.4
-37.3
-36.5
-35.9
-35.7
-36.2
-36.2
-35.7
-35.1
-34.7
-34.1
-33.9
-34.4
-35.0
-35.5
-35.9
-35.9
-35.2
-34.9
-35.5
-36.3
-37.0
-37.1
-36.2
-35.5
-35.1
-35.0
-34.9
-35.0
-34.8
-34.2
-34.0
-34.8
-36.0
-36.2
-36.2
-36.5
-36.5
-36.4
-36.0
-36.0
-35.8
-35.4
-34.9
-34.4
-35.2
-35.7
-35.5
-35.3
-35.2
-35.3
-35.0
-35.0
-34.8
-35.1
-35.1
-34.3
-33.8
-34.6
-35.2
-34.9
-34.4
-34.2
-34.5
-35.1
-35.3
-35.2
-35.5
-35.4
-35.4
-35.9
-35.9
-35.0
-34.4
-34.1
-34.0
-34.4
-34.0
-33.6
-34.0
-34.2
-34.3
-34.7
-34.5
-34.3
-34.4
-34.7
-34.2
-33.9
-33.9
-34.2
-34.6
-33.8
-33.2
-33.0
-33.9
-34.9
-35.2
-34.9
-34.8
-34.9
-34.7
-34.7
-35.0
-34.4
-33.7
-33.7
-33.8
-33.5
-33.6
-34.0
-35.0
-35.6
-35.0
-34.0
-33.7
-33.4
-33.7
-34.0
-34.2
-34.2
-34.2
-33.9
-33.7
-33.4
-33.4
-33.0
-33.3
-33.9
-34.0
-33.7
-33.2
-33.2
-33.8
-34.5
-34.0
-32.0
-31.1
-31.9
-33.4
-34.2
-34.2
-34.0
-33.5
-33.8
-34.1
-34.1
-34.1
-33.9
-33.5
-32.9
-32.7
-33.5
-34.3
-34.2
-33.5
-33.0
-33.0
-33.1
-33.7
-33.2
-33.2
-33.5
-33.5
-33.4
-33.2
-33.3
-33.1
-33.8
-34.2
-33.3
-32.7
-32.7
-33.1
-33.3
-33.4
-33.2
-32.9
-33.0
-33.5
-34.0
-33.9
-33.5
-33.1
-33.3
-33.4
-33.0
-32.5
-33.3
-33.9
-33.8
-33.3
-33.7
-33.9
-33.9
-34.1
-34.6
-34.4
-33.9
-33.3
-33.0
-32.9
-32.6
-32.4
-32.2
-32.1
-31.8
-32.2
-32.8
-33.6
-34.1
-33.7
-33.3
-32.9
-32.4
-32.4
-32.9
-33.9
-34.3
-34.2
-34.0
-33.5
-33.0
-32.9
-33.1
-32.7
-32.3
-32.5
-32.8
-32.5
-32.6
-33.3
-33.2
-32.6
-32.7
-32.7
-32.5
-32.0
-32.4
-33.0
-33.2
-33.2
-33.1
-33.0
-32.5
-32.3
-32.2
-32.0
-32.3
-32.6
-32.4
-32.0
-31.1
-31.6
-32.7
-33.4
-32.8
-32.2
-32.7
-33.3
-33.4
-32.9
-32.0
-32.1
-32.7
-32.7
-32.5
-32.9
-33.0
-32.1
-31.5
-31.7
-32.6
-32.6
-32.5
-32.7
-32.3
-31.7
-32.1
-32.9
-33.5
-33.0
-32.9
-33.4
-33.2
-33.1
-33.4
-33.7
-33.2
-32.2
-31.8
-32.3
-33.2
-33.3
-33.0
-33.1
-33.4
-33.2
-32.6
-32.1
-32.3
-32.9
-32.9
-32.7
-32.6
-32.9
-33.1
-32.6
-32.0
-32.1
-32.7
-32.9
-32.8
-32.4
-31.9
-31.8
-32.2
-31.7
-31.8
-32.6
-33.0
-33.1
-33.4
-33.9
-33.7
-33.4
-33.5
-32.9
-31.7
-31.1
-31.3
-32.2
-32.5
-31.9
-31.0
-31.5
-32.6
-32.7
-32.8
-32.7
-32.4
-31.8
-32.3
-33.2
-33.4
-33.3
-33.1
-32.9
-33.1
-33.2
-33.3
-33.8
-34.0
-33.9
-33.7
-33.3
-32.7
-32.5
-32.0
-31.3
-30.9
-31.1
-31.9
-32.4
-32.5
-32.4
-32.5
-32.6
-32.2
-31.7
-32.0
-32.7
-33.2
-33.0
-32.8
-33.0
-32.9
-32.5
-31.8
-31.1
-30.9
-31.3
-31.9
-32.7
-33.0
-32.4
-32.0
-31.5
-31.1
-31.0
-31.1
-31.5
-31.7
-31.9
-32.2
-32.7
-33.0
-32.6
-31.4
-30.5
-30.5
-30.9
-30.8
-30.8
-31.4
-32.3
-32.7
-32.0
-31.9
-32.2
-32.5
-32.5
-32.1
-32.5
-32.8
-32.9
-32.5
-32.2
-32.1
-32.3
-32.2
-32.5
-33.3
-33.6
-32.7
-32.1
-31.8
-31.8
-32.4
-32.8
-32.0
-30.8
-31.7
-33.0
-33.5
-33.4
-33.3
-33.0
-32.6
-31.6
-30.8
-31.0
-32.0
-33.0
-32.9
-31.7
-31.4
-31.9
-31.7
-31.5
-31.5
-31.2
-31.1
-31.3
-31.6
-31.5
-32.0
-32.5
-32.2
-31.9
-31.5
-31.6
-32.1
-32.3
-31.7
-31.2
-32.0
-32.5
-32.1
-30.8
-30.6
-31.7
-32.0
-31.9
-31.7
-31.8
-32.0
-31.3
-31.0
-31.1
-31.9
-32.2
-31.6
-30.9
-30.6
-30.9
-31.7
-32.0
-31.4
-30.2
-30.1
-31.1
-31.6
-31.4
-31.3
-31.7
-32.0
-32.1
-31.8
-31.1
-30.8
-30.7
-31.2
-31.5
-31.6
-31.3
-30.5
-30.6
-31.3
-31.4
-31.5
-31.6
-31.1
-30.6
-30.5
-30.7
-31.0
-31.6
-31.5
-31.5
-31.5
-31.3
-30.6
-30.1
-30.5
-30.9
-31.0
-30.8
-30.3
-30.4
-31.7
-32.6
-31.7
-30.5
-30.3
-30.1
-29.6
-29.3
-29.6
-30.0
-31.1
-31.5
-30.8
-30.9
-31.7
-31.9
-31.5
-30.9
-30.9
-31.0
-31.4
-31.4
-30.6
-30.5
-31.1
-31.9
-32.1
-31.6
-30.6
-30.1
-30.2
-30.2
-29.8
-30.1
-31.2
-31.5
-31.1
-30.8
-30.6
-31.2
-31.7
-31.1
-30.2
-29.9
-29.9
-29.9
-29.9
-30.1
-30.5
-30.6
-30.5
-30.1
-30.5
-30.8
-30.9
-30.6
-30.3
-30.8
-30.4
-29.2
-28.9
-29.6
-30.6
-30.8
-30.9
-30.7
-30.6
-30.6
-30.4
-30.1
-29.6
-29.7
-30.0
-30.3
-30.3
-30.0
-29.8
-29.7
-29.2
-28.5
-28.8
-29.3
-28.9
-28.5
-28.6
-28.8
-29.9
-31.0
-31.1
-30.6
-29.9
-29.7
-29.8
-30.1
-29.3
-28.9
-28.8
-28.5
-28.3
-28.6
-29.0
-28.6
-28.6
-29.3
-29.6
-29.9
-29.7
-29.2
-29.7
-30.9
-31.5
-30.4
-29.0
-28.0
-27.7
-28.2
-29.2
-30.1
-29.8
-28.6
-28.6
-29.7
-29.7
-29.1
-29.1
-29.0
-28.3
-28.2
-28.2
-29.4
-30.2
-29.7
-28.7
-28.2
-28.2
-27.8
-27.7
-28.4
-29.2
-28.9
-27.7
-27.6
-28.8
-29.4
-29.0
-28.3
-28.2
-28.6
-28.8
-28.7
-28.1
-27.4
-27.6
-29.1
-30.6
-30.0
-28.5
-27.7
-27.9
-28.1
-27.8
-27.0
-26.3
-26.2
-26.8
-28.3
-29.8
-30.1
-29.8
-29.4
-29.2
-28.5
-28.3
-28.6
-28.5
-28.9
-29.6
-29.9
-29.1
-28.5
-28.5
-28.4
-28.3
-28.2
-27.9
-27.7
-27.1
-27.2
-28.1
-29.0
-29.8
-30.2
-30.1
-29.5
-29.5
-29.5
-29.2
-28.8
-28.1
-28.1
-28.5
-28.7
-29.0
-28.8
-29.1
-29.3
-28.6
-27.8
-27.6
-27.9
-28.1
-27.9
-27.9
-28.1
-29.3
-30.3
-30.1
-29.3
-28.8
-28.5
-29.2
-29.7
-28.3
-27.3
-28.2
-29.3
-29.4
-28.2
-27.6
-27.6
-28.6
-28.8
-28.3
-28.1
-28.6
-29.3
-29.4
-28.5
-27.8
-27.8
-27.7
-27.1
-26.8
-26.6
-27.2
-28.1
-28.4
-27.8
-27.9
-28.7
-28.8
-28.2
-27.8
-27.5
-27.7
-29.0
-30.2
-30.0
-28.3
-26.8
-26.5
-26.8
-27.3
-27.5
-28.0
-28.2
-27.7
-27.8
-28.6
-28.8
-28.0
-27.0
-26.8
-26.7
-26.8
-27.3
-27.0
-26.8
-26.9
-28.0
-28.9
-28.7
-28.4
-28.0
-28.0
-27.8
-27.4
-27.0
-26.7
-26.4
-26.0
-26.4
-26.8
-26.9
-26.7
-26.8
-26.8
-26.7
-26.9
-27.2
-27.1
-26.2
-26.7
-27.9
-28.0
-26.8
-25.8
-25.5
-26.2
-26.2
-26.2
-26.6
-26.1
-25.5
-25.2
-25.7
-26.2
-26.5
-26.5
-25.5
-25.2
-25.3
-25.6
-25.9
-26.5
-26.3
-25.7
-26.0
-26.1
-26.0
-25.9
-26.2
-26.4
-26.0
-25.7
-25.8
-25.4
-25.5
-25.8
-25.6
-25.0
-25.1
-25.6
-25.4
-24.9
-25.6
-27.4
-28.1
-27.1
-26.2
-26.3
-26.0
-25.8
-25.7
-25.5
-25.1
-24.7
-24.5
-24.8
-25.5
-26.0
-26.1
-26.0
-26.1
-26.4
-26.3
-25.7
-25.2
-25.3
-25.9
-26.6
-26.5
-25.3
-24.6
-24.7
-25.2
-25.6
-25.3
-24.7
-24.6
-24.4
-25.1
-26.0
-26.1
-25.4
-24.7
-24.1
-23.9
-24.6
-25.2
-25.2
-25.0
-24.9
-25.2
-25.8
-26.1
-25.0
-24.6
-25.0
-25.2
-24.7
-24.1
-24.1
-24.7
-24.7
-24.6
-24.4
-24.6
-25.6
-26.0
-26.1
-25.8
-25.6
-25.4
-24.8
-24.0
-23.2
-23.4
-24.2
-24.6
-24.2
-24.3
-25.1
-25.7
-26.1
-25.4
-24.3
-23.8
-23.5
-23.2
-23.2
-23.5
-23.8
-23.9
-23.8
-24.1
-24.9
-24.7
-24.2
-24.1
-23.5
-22.9
-22.9
-23.5
-23.7
-23.9
-24.1
-23.7
-23.2
-23.3
-23.4
-23.4
-23.6
-23.5
-23.2
-23.1
-23.0
-23.3
-24.2
-24.7
-24.0
-22.6
-21.8
-22.5
-23.2
-23.4
-22.9
-22.5
-22.7
-22.7
-22.9
-23.3
-23.5
-23.0
-22.4
-22.1
-21.8
-21.7
-21.7
-21.9
-22.1
-21.9
-21.1
-21.1
-21.5
-21.3
-21.0
-21.0
-21.2
-22.0
-21.9
-21.6
-21.8
-22.1
-21.5
-20.9
-20.5
-20.6
-20.6
-20.1
-20.0
-20.2
-20.4
-20.5
-21.0
-21.5
-21.6
-21.9
-21.8
-21.8
-21.7
-21.7
-21.3
-21.2
-20.9
-20.4
-19.7
-19.9
-21.2
-21.7
-21.1
-21.0
-21.5
-21.2
-20.8
-21.2
-21.7
-21.5
-21.0
-21.1
-21.2
-21.2
-21.1
-20.9
-21.5
-22.1
-22.5
-21.5
-20.7
-21.3
-22.3
-22.6
-22.1
-21.2
-20.8
-21.2
-20.9
-20.6
-20.6
-20.7
-21.1
-21.3
-21.8
-22.4
-22.3
-22.1
-22.2
-22.5
-21.9
-21.3
-21.8
-21.9
-21.2
-21.0
-22.0
-22.1
-20.3
-19.7
-21.8
-23.4
-22.8
-21.6
-21.4
-21.5
-21.7
-21.8
-21.2
-20.6
-20.2
-20.5
-21.2
-22.7
-23.6
-23.3
-22.4
-22.2
-22.3
-22.0
-22.0
-22.2
-22.0
-21.5
-21.1
-20.9
-20.8
-21.1
-21.6
-21.5
-21.0
-21.2
-21.5
-20.7
-20.0
-21.0
-21.7
-21.5
-21.6
-21.3
-21.2
-21.0
-21.3
-21.8
-22.1
-22.2
-21.6
-21.0
-20.6
-20.6
-21.2
-21.2
-20.8
-20.3
-20.3
-20.7
-21.3
-21.6
-22.0
-22.4
-21.9
-20.9
-20.9
-21.3
-21.3
-20.8
-21.0
-20.7
-20.3
-20.8
-21.3
-21.2
-21.1
-21.1
-21.1
-21.0
-21.5
-21.6
-21.4
-21.3
-21.4
-21.2
-21.6
-22.5
-22.3
-21.0
-20.4
-20.6
-20.6
-20.2
-20.0
-20.4
-21.3
-21.5
-20.7
-19.9
-19.7
-20.3
-21.5
-21.4
-20.4
-19.8
-20.2
-20.8
-21.3
-22.1
-21.9
-21.1
-20.2
-19.8
-20.0
-19.9
-19.9
-20.7
-21.1
-21.0
-20.5
-20.4
-20.9
-21.0
-20.3
-19.6
-19.2
-19.0
-19.2
-19.3
-19.3
-20.0
-20.8
-20.9
-20.1
-19.9
-20.1
-19.7
-19.8
-20.6
-21.4
-21.4
-20.2
-19.2
-19.2
-20.2
-20.7
-20.6
-19.9
-19.9
-20.7
-20.8
-20.3
-20.3
-20.2
-19.9
-19.5
-19.5
-19.5
-19.5
-19.6
-19.9
-20.4
-20.6
-20.0
-20.0
-19.8
-19.7
-19.3
-19.4
-19.8
-19.6
-19.9
-20.1
-19.7
-19.6
-20.0
-20.1
-20.4
-20.3
-20.2
-20.1
-20.2
-19.9
-19.1
-18.7
-18.9
-19.9
-20.4
-19.9
-19.5
-19.5
-19.9
-20.6
-20.8
-20.0
-19.6
-19.8
-19.7
-19.8
-20.6
-21.3
-21.2
-21.0
-21.1
-21.2
-20.9
-20.3
-20.7
-21.2
-20.4
-19.8
-19.7
-19.5
-18.7
-18.4
-18.7
-19.1
-19.2
-18.7
-18.8
-19.4
-19.7
-19.6
-19.1
-19.0
-19.8
-20.8
-20.2
-18.7
-18.6
-19.4
-19.8
-19.8
-19.7
-19.7
-19.8
-20.2
-20.1
-19.8
-19.1
-18.3
-18.6
-18.6
-18.8
-19.0
-19.1
-19.6
-20.4
-20.7
-19.9
-18.6
-17.8
-17.7
-18.2
-18.7
-19.0
-18.9
-19.5
-20.0
-19.3
-18.7
-19.2
-19.8
-19.8
-19.0
-18.8
-19.0
-19.2
-19.2
-18.9
-19.3
-19.6
-19.1
-18.3
-18.0
-18.5
-19.1
-19.2
-18.6
-18.2
-18.2
-18.8
-19.2
-19.5
-19.6
-19.6
-19.3
-19.2
-19.2
-19.0
-18.2
-17.3
-17.8
-18.9
-19.5
-19.1
-18.5
-18.3
-17.7
-17.9
-18.3
-17.6
-17.3
-18.0
-18.6
-18.1
-17.7
-17.8
-18.6
-19.2
-18.7
-18.0
-17.1
-16.8
-17.7
-18.3
-18.2
-17.3
-17.3
-18.2
-19.2
-19.2
-18.2
-18.4
-19.2
-19.7
-19.5
-18.9
-18.5
-17.9
-17.9
-17.9
-17.7
-17.8
-18.1
-18.1
-18.2
-18.1
-17.8
-18.3
-19.0
-19.1
-18.6
-18.8
-19.1
-19.0
-18.6
-18.2
-18.0
-17.4
-17.0
-16.5
-16.3
-16.1
-16.7
-17.4
-17.7
-18.2
-18.5
-18.5
-18.0
-17.0
-16.2
-16.3
-17.1
-17.9
-18.2
-18.5
-18.1
-17.3
-17.4
-18.0
-17.2
-16.8
-17.5
-18.1
-18.0
-17.5
-17.5
-17.5
-17.1
-17.1
-17.2
-17.3
-17.3
-17.8
-18.7
-19.0
-18.7
-18.9
-19.4
-19.8
-19.1
-18.1
-17.8
-18.7
-19.3
-19.0
-18.7
-18.5
-18.1
-17.8
-17.7
-18.0
-17.8
-17.7
-18.0
-18.1
-18.1
-17.8
-16.7
-16.8
-17.7
-18.6
-19.0
-18.7
-18.1
-17.8
-18.3
-18.8
-18.8
-18.2
-17.6
-16.8
-16.8
-17.4
-18.2
-18.3
-18.0
-18.3
-18.5
-17.9
-17.5
-17.8
-18.1
-18.2
-18.0
-18.2
-18.8
-19.5
-20.0
-19.8
-19.5
-18.8
-18.4
-18.6
-18.8
-18.6
-17.9
-18.4
-19.7
-20.1
-19.0
-17.7
-17.7
-18.6
-19.5
-18.7
-17.6
-18.2
-19.5
-20.1
-20.0
-19.4
-18.8
-18.8
-19.3
-19.7
-19.9
-19.6
-19.5
-19.6
-19.5
-19.5
-19.2
-19.3
-19.0
-18.3
-18.2
-17.8
-17.8
-18.2
-18.4
-18.1
-17.6
-17.9
-18.6
-18.7
-18.6
-18.2
-18.3
-18.5
-18.8
-19.5
-20.2
-20.8
-21.2
-20.7
-20.0
-19.3
-18.8
-18.7
-19.3
-19.6
-19.1
-18.5
-18.6
-19.0
-19.5
-19.7
-19.4
-19.4
-19.1
-18.9
-19.4
-20.5
-21.5
-21.0
-19.6
-18.8
-18.6
-19.0
-19.6
-19.2
-18.0
-17.6
-18.2
-18.6
-18.4
-18.7
