2.6
2.6
2.5
2.3
2.1
2.0
2.0
2.1
2.2
2.4
2.6
2.7
2.8
2.8
2.8
2.7
2.6
2.5
2.5
2.5
2.6
2.7
2.8
2.8
2.8
2.7
2.6
2.5
2.4
2.4
2.4
2.5
2.5
2.6
2.6
2.6
2.6
2.6
2.5
2.4
2.4
2.6
2.8
3.1
3.4
3.7
4.1
4.7
5.2
5.7
6.2
6.6
7.0
7.4
7.8
7.9
7.9
7.8
7.7
7.6
7.5
7.4
7.2
6.9
6.9
7.0
7.2
7.3
7.2
7.2
7.3
7.4
7.6
7.7
7.7
7.5
7.4
7.3
7.2
7.1
7.0
7.0
7.0
7.0
7.1
7.1
7.0
6.9
6.9
6.8
6.7
6.5
6.5
6.6
6.8
6.9
6.9
7.0
7.0
7.1
7.1
7.1
7.0
6.9
6.8
6.8
6.8
6.8
6.7
6.6
6.6
6.7
6.7
6.6
6.4
6.0
5.8
5.6
5.4
5.3
5.3
5.4
5.7
6.0
6.2
6.4
6.5
6.5
6.4
6.3
6.1
5.8
5.4
5.0
4.8
4.7
4.7
4.6
4.5
4.5
4.6
4.7
4.8
4.9
5.0
5.1
5.2
5.3
5.3
5.3
5.1
5.0
5.0
5.0
5.0
5.0
5.0
5.0
4.8
4.5
4.3
4.2
4.3
4.3
4.4
4.4
4.6
4.9
5.1
5.1
4.8
4.4
3.9
3.6
3.4
3.2
3.1
3.1
3.2
3.5
3.9
4.2
4.4
4.5
4.6
4.7
4.6
4.5
4.3
4.1
3.9
3.7
3.6
3.5
3.4
3.4
3.4
3.4
3.4
3.5
3.5
3.5
3.5
3.6
3.6
3.6
3.6
3.6
3.5
3.3
3.2
3.1
3.0
3.0
3.0
3.0
3.2
3.4
3.6
3.7
3.8
3.7
3.7
3.6
3.5
3.4
3.3
3.1
3.0
2.9
2.8
2.8
2.8
2.7
2.6
2.5
2.3
2.1
2.0
2.0
1.9
1.9
1.9
2.0
2.2
2.5
2.7
2.9
2.9
2.9
2.9
2.8
2.7
2.7
2.7
2.7
2.7
2.7
2.7
2.8
2.9
2.9
2.9
2.7
2.6
2.4
2.2
2.0
1.9
1.8
1.7
1.7
1.6
1.6
1.6
1.6
1.7
1.7
1.7
1.7
1.7
1.7
1.7
1.6
1.6
1.7
1.8
2.0
2.2
2.4
2.5
2.5
2.5
2.3
2.1
1.9
1.8
1.6
1.6
1.7
1.9
2.1
2.3
2.4
2.4
2.4
2.2
2.0
1.8
1.7
1.7
1.7
1.7
1.8
1.8
1.8
1.7
1.6
1.4
1.2
1.1
0.9
0.7
0.6
0.6
0.6
0.7
0.7
0.7
0.7
0.6
0.5
0.3
0.2
0.0
-0.1
-0.3
-0.5
-0.6
-0.7
-0.7
-0.8
-0.8
-0.9
-1.0
-1.1
-1.3
-1.6
-1.9
-2.2
-2.6
-2.9
-3.1
-3.2
-3.2
-3.1
-2.8
-2.5
-2.2
-1.9
-1.8
-1.8
-2.0
-2.2
-2.4
-2.5
-2.5
-2.6
-2.5
-2.5
-2.4
-2.2
-1.9
-1.8
-1.8
-1.9
-2.0
-2.1
-2.2
-2.2
-2.2
-2.2
-2.1
-2.0
-1.9
-1.8
-1.9
-2.0
-2.3
-2.5
-2.5
-2.4
-2.4
-2.3
-2.1
-1.8
-1.4
-1.1
-1.1
-1.3
-1.6
-1.7
-1.7
-1.7
-1.7
-1.6
-1.7
-1.7
-1.8
-2.0
-2.3
-2.6
-2.8
-2.8
-2.6
-2.4
-2.2
-1.9
-1.7
-1.5
-1.5
-1.6
-1.8
-2.1
-2.2
-2.3
-2.2
-2.1
-1.8
-1.5
-1.2
-1.0
-0.9
-0.9
-0.9
-1.2
-1.6
-1.9
-2.3
-2.5
-2.6
-2.6
-2.5
-2.4
-2.1
-1.7
-1.3
-1.1
-1.0
-1.0
-1.1
-1.1
-1.0
-1.0
-1.1
-1.2
-1.4
-1.6
-1.8
-1.9
-2.0
-2.0
-2.2
-2.3
-2.4
-2.2
-1.9
-1.5
-1.1
-0.8
-0.5
-0.3
0.0
0.1
0.3
0.4
0.4
0.5
0.6
0.8
1.1
1.3
1.6
1.8
2.0
2.1
2.1
2.0
1.9
1.8
1.8
1.8
1.9
2.0
2.1
2.3
2.5
2.7
2.7
2.6
2.4
2.3
2.2
2.2
2.2
2.2
2.2
2.2
2.1
2.0
1.9
1.8
1.7
1.5
1.5
1.6
1.8
2.1
2.3
2.3
2.3
2.4
2.3
2.2
2.0
1.8
1.5
1.3
1.2
1.1
1.0
0.9
1.0
1.2
1.3
1.3
1.3
1.4
1.5
1.7
1.8
1.7
1.7
1.7
1.6
1.5
1.2
1.0
0.8
0.5
0.3
0.2
0.2
0.4
0.6
1.0
1.2
1.4
1.7
1.9
1.9
1.7
1.4
1.2
1.0
0.9
0.8
0.8
1.0
1.2
1.4
1.5
1.6
1.6
1.5
1.3
1.0
0.7
0.4
0.0
-0.2
-0.4
-0.4
-0.2
0.0
0.4
0.8
1.2
1.5
1.7
1.7
1.5
1.3
1.0
0.8
0.7
0.6
0.5
0.6
0.6
0.8
0.8
0.8
0.7
0.6
0.4
0.2
0.0
0.0
0.0
0.1
0.3
0.5
0.8
1.1
1.3
1.4
1.3
1.1
0.8
0.7
0.5
0.4
0.4
0.4
0.5
0.7
0.9
1.0
0.9
0.8
0.7
0.6
0.5
0.3
0.1
0.1
0.1
0.2
0.3
0.4
0.4
0.4
0.4
0.5
0.4
0.2
0.0
-0.1
-0.2
-0.1
0.0
0.1
0.2
0.3
0.5
0.6
0.6
0.6
0.4
0.0
-0.2
-0.4
-0.5
-0.4
-0.4
-0.3
-0.1
0.0
0.2
0.4
0.4
0.3
0.1
0.0
-0.1
-0.2
-0.2
-0.1
0.0
0.0
0.1
0.1
0.2
0.2
0.1
0.0
0.0
-0.1
-0.2
-0.3
-0.4
-0.6
-0.8
-1.2
-1.6
-2.0
-2.3
-2.5
-2.7
-2.8
-2.8
-2.9
-3.0
-3.1
-3.3
-3.5
-3.9
-4.2
-4.6
-4.8
-4.9
-4.9
-4.8
-4.7
-4.6
-4.5
-4.5
-4.5
-4.5
-4.5
-4.5
-4.5
-4.5
-4.6
-4.6
-4.6
-4.6
-4.6
-4.5
-4.4
-4.3
-4.2
-4.1
-4.0
-3.9
-3.9
-3.9
-3.9
-4.0
-4.2
-4.3
-4.5
-4.5
-4.5
-4.6
-4.6
-4.5
-4.4
-4.3
-4.1
-4.0
-4.0
-4.1
-4.2
-4.3
-4.5
-4.6
-4.6
-4.5
-4.3
-4.2
-4.1
-4.0
-3.8
-3.7
-3.7
-3.7
-3.7
-3.8
-3.8
-3.9
-3.9
-4.0
-4.1
-4.2
-4.2
-4.1
-4.0
-4.0
-4.0
-4.0
-3.9
-3.7
-3.6
-3.5
-3.5
-3.5
-3.5
-3.6
-3.6
-3.7
-3.7
-3.8
-3.8
-3.8
-3.7
-3.6
-3.5
-3.5
-3.5
-3.6
-3.6
-3.7
-3.6
-3.5
-3.3
-3.1
-2.8
-2.5
-2.3
-2.0
-1.7
-1.4
-1.1
-0.8
-0.5
-0.2
0.1
0.5
0.9
1.2
1.5
1.7
1.9
2.1
2.1
2.2
2.2
2.3
2.4
2.6
2.8
3.1
3.4
3.6
3.7
3.8
3.7
3.5
3.2
3.0
2.8
2.6
2.5
2.5
2.6
2.7
2.8
2.8
2.8
2.6
2.4
2.3
2.3
2.3
2.4
2.4
2.3
2.4
2.4
2.4
2.2
2.1
2.1
2.0
2.1
2.2
2.4
2.5
2.4
2.3
2.3
2.3
2.2
2.1
2.1
2.0
2.1
2.2
2.3
2.4
2.5
2.5
2.4
2.2
2.1
2.0
1.9
1.7
1.5
1.3
1.3
1.3
1.4
1.4
1.4
1.3
1.3
1.3
1.4
1.5
1.6
1.6
1.7
1.7
1.8
1.8
1.6
1.4
1.1
0.7
0.4
0.1
-0.1
-0.3
-0.5
-0.6
-0.8
-1.0
-1.2
-1.2
-1.1
-1.0
-0.8
-0.8
-0.6
-0.4
-0.2
0.0
0.2
0.3
0.4
0.5
0.5
0.5
0.5
0.6
0.6
0.5
0.5
0.5
0.5
0.5
0.6
0.6
0.6
0.5
0.4
0.4
0.4
0.4
0.3
0.2
0.1
0.0
0.0
0.0
0.0
0.1
0.2
0.3
0.4
0.6
0.7
0.7
0.6
0.5
0.5
0.5
0.6
0.6
0.7
0.9
1.0
1.1
1.0
0.9
0.7
0.4
0.0
-0.3
-0.6
-0.9
-1.1
-1.1
-1.0
-0.8
-0.6
-0.4
-0.2
0.0
0.0
0.0
-0.1
-0.4
-0.8
-1.3
-1.7
-1.9
-2.1
-2.1
-2.0
-1.8
-1.5
-1.2
-1.0
-0.7
-0.6
-0.5
-0.6
-0.7
-0.9
-1.1
-1.1
-1.2
-1.2
-1.3
-1.4
-1.6
-1.6
-1.6
-1.6
-1.7
-1.7
-1.8
-2.0
-2.2
-2.4
-2.6
-2.6
-2.7
-2.7
-2.6
-2.5
-2.5
-2.5
-2.5
-2.6
-2.7
-2.8
-2.8
-2.9
-2.9
-2.8
-2.7
-2.6
-2.5
-2.5
-2.4
-2.4
-2.4
-2.4
-2.3
-2.2
-2.0
-1.8
-1.6
-1.4
-1.3
-1.3
-1.3
-1.4
-1.5
-1.7
-2.0
-2.2
-2.3
-2.4
-2.5
-2.6
-2.7
-2.6
-2.6
-2.5
-2.4
-2.2
-2.1
-2.0
-1.9
-1.8
-1.8
-1.8
-1.9
-2.0
-2.1
-2.2
-2.4
-2.6
-2.7
-2.7
-2.6
-2.5
-2.3
-2.2
-2.2
-2.2
-2.3
-2.4
-2.5
-2.5
-2.7
-2.7
-2.7
-2.8
-2.8
-2.8
-2.7
-2.6
-2.6
-2.8
-3.1
-3.2
-3.2
-3.3
-3.3
-3.5
-3.5
-3.4
-3.1
-2.9
-2.7
-2.7
-2.8
-3.1
-3.3
-3.5
-3.7
-3.9
-4.0
-3.9
-3.7
-3.4
-3.3
-3.2
-3.2
-3.3
-3.5
-3.7
-3.9
-3.9
-3.9
-3.9
-3.9
-3.8
-3.7
-3.7
-3.7
-3.8
-3.9
-3.9
-3.9
-4.0
-4.1
-4.3
-4.4
-4.6
-4.8
-5.0
-5.1
-5.2
-5.4
-5.5
-5.7
-5.9
-6.1
-6.3
-6.6
-6.9
-7.1
-7.3
-7.4
-7.5
-7.5
-7.4
-7.4
-7.5
-7.6
-7.9
-8.2
-8.6
-8.9
-9.2
-9.5
-9.7
-9.9
-10.0
-9.9
-9.8
-9.7
-9.8
-9.9
-10.2
-10.5
-10.7
-10.9
-11.0
-11.1
-11.1
-11.1
-11.1
-11.0
-10.9
-10.6
-10.5
-10.4
-10.5
-10.6
-10.6
-10.7
-10.8
-10.8
-10.8
-10.8
-10.8
-10.9
-10.9
-11.0
-11.0
-11.0
-11.1
-11.1
-11.1
-11.1
-11.0
-10.9
-10.8
-10.7
-10.6
-10.5
-10.5
-10.4
-10.3
-10.3
-10.2
-10.3
-10.3
-10.4
-10.4
-10.3
-10.2
-10.0
-9.8
-9.7
-9.7
-9.8
-10.0
-10.2
-10.4
-10.6
-10.8
-10.9
-10.9
-10.8
-10.7
-10.5
-10.3
-10.1
-10.0
-10.0
-9.9
-9.8
-9.8
-9.8
-9.9
-9.9
-9.8
-9.8
-9.6
-9.5
-9.4
-9.3
-9.1
-9.0
-8.9
-8.8
-8.8
-8.9
-8.9
-9.0
-9.0
-9.0
-9.1
-9.1
-9.1
-9.0
-8.9
-8.9
-8.9
-8.8
-8.6
-8.4
-8.3
-8.1
-8.0
-7.9
-7.8
-7.6
-7.5
-7.5
-7.5
-7.5
-7.6
-7.7
-7.8
-7.9
-8.0
-8.1
-8.1
-8.1
-8.0
-7.9
-7.6
-7.3
-6.8
-6.5
-6.2
-6.0
-5.9
-5.9
-6.0
-6.2
-6.5
-6.7
-6.7
-6.6
-6.5
-6.3
-6.1
-5.9
-5.6
-5.4
-5.3
-5.4
-5.5
-5.7
-5.8
-5.8
-5.9
-5.9
-5.9
-5.8
-5.7
-5.6
-5.6
-5.6
-5.7
-5.9
-6.1
-6.2
-6.1
-6.1
-6.1
-6.0
-5.8
-5.7
-5.6
-5.5
-5.5
-5.5
-5.4
-5.3
-5.2
-5.0
-5.0
-5.0
-4.9
-5.0
-5.1
-5.3
-5.4
-5.5
-5.6
-5.8
-5.9
-6.1
-6.2
-6.2
-6.1
-6.1
-6.0
-5.8
-5.5
-5.3
-5.2
-5.1
-5.0
-5.0
-5.0
-5.1
-5.2
-5.2
-5.2
-5.3
-5.4
-5.6
-5.8
-5.7
-5.6
-5.4
-5.4
-5.5
-5.8
-6.2
-6.7
-7.4
-8.0
-8.6
-9.1
-9.6
-10.0
-10.2
-10.3
-10.3
-10.5
-10.8
-11.2
-11.8
-12.5
-13.3
-14.1
-14.9
-15.6
-16.3
-16.9
-17.4
-17.7
-17.9
-18.1
-18.3
-18.3
-18.4
-18.5
-18.8
-19.0
-19.2
-19.5
-19.8
-20.3
-20.9
-21.5
-22.1
-22.4
-22.7
-22.7
-22.6
-22.4
-22.1
-21.7
-21.4
-21.2
-21.3
-21.4
-21.6
-21.8
-22.1
-22.3
-22.4
-22.4
-22.2
-21.9
-21.7
-21.5
-21.4
-21.2
-20.9
-20.7
-20.5
-20.4
-20.3
-20.2
-20.1
-20.1
-20.1
-20.2
-20.4
-20.5
-20.6
-20.6
-20.4
-20.2
-20.0
-19.7
-19.4
-19.1
-19.0
-18.8
-18.8
-18.9
-19.1
-19.4
-19.7
-19.9
-19.9
-19.9
-19.7
-19.6
-19.4
-19.1
-18.8
-18.6
-18.5
-18.6
-18.6
-18.6
-18.6
-18.5
-18.4
-18.3
-18.2
-18.1
-18.0
-18.1
-18.3
-18.4
-18.4
-18.3
-18.2
-18.1
-17.8
-17.6
-17.4
-17.2
-17.1
-17.1
-17.2
-17.5
-17.7
-17.6
-17.4
-17.2
-17.0
-17.0
-17.0
-17.0
-16.8
-16.7
-16.6
-16.4
-16.2
-15.9
-15.7
-15.5
-15.4
-15.4
-15.5
-15.7
-15.9
-16.1
-16.2
-16.2
-16.1
-16.0
-16.0
-16.0
-15.9
-15.7
-15.6
-15.6
-15.7
-15.8
-15.8
-15.7
-15.6
-15.6
-15.6
-15.5
-15.4
-15.3
-15.1
-14.8
-14.6
-14.5
-14.3
-14.1
-13.9
-13.8
-13.9
-14.1
-14.4
-14.6
-14.8
-14.8
-14.9
-14.8
-14.7
-14.3
-13.9
-13.5
-13.3
-13.3
-13.5
-13.7
-13.9
-13.8
-13.7
-13.5
-13.3
-13.1
-12.8
-12.6
-12.4
-12.3
-12.3
-12.5
-12.7
-12.8
-12.8
-12.8
-12.8
-12.9
-12.8
-12.7
-12.6
-12.5
-12.3
-12.3
-12.1
-12.0
-11.8
-11.8
-11.8
-11.9
-12.0
-12.0
-12.0
-12.0
-12.0
-12.0
-12.0
-12.0
-11.9
-11.9
-12.0
-12.1
-12.1
-12.2
-12.1
-12.0
-12.0
-11.8
-11.6
-11.4
-11.1
-10.8
-10.6
-10.4
-10.3
-10.3
-10.2
-10.2
-10.3
-10.4
-10.7
-10.8
-10.6
-10.4
-10.1
-9.8
-9.5
-9.4
-9.5
-9.6
-9.8
-10.0
-10.3
-10.6
-10.8
-10.7
-10.5
-10.1
-9.7
-9.3
-9.0
-8.7
-8.5
-8.4
-8.5
-8.6
-8.7
-8.8
-8.9
-9.0
-9.0
-8.8
-8.5
-8.2
-7.8
-7.5
-7.2
-6.9
-6.9
-7.1
-7.5
-7.9
-8.2
-8.5
-8.7
-8.8
-8.8
-8.6
-8.2
-7.7
-7.3
-7.0
-6.9
-6.8
-6.8
-6.8
-6.9
-7.0
-7.1
-7.2
-7.3
-7.4
-7.4
-7.5
-7.4
-7.5
-7.6
-7.7
-7.9
-8.0
-8.1
-8.2
-8.2
-8.2
-8.2
-8.0
-7.8
-7.5
-7.3
-7.2
-7.1
-7.2
-7.2
-7.3
-7.3
-7.4
-7.4
-7.5
-7.6
-7.6
-7.6
-7.7
-7.8
-7.9
-7.9
-7.8
-7.6
-7.3
-7.1
-6.8
-6.4
-6.1
-6.0
-6.0
-6.0
-6.1
-6.3
-6.5
-6.6
-6.7
-6.7
-6.6
-6.4
-6.1
-5.9
-5.6
-5.5
-5.4
-5.5
-5.5
-5.5
-5.5
-5.4
-5.4
-5.2
-5.0
-4.8
-4.6
-4.4
-4.2
-4.1
-4.1
-4.3
-4.3
-4.3
-4.2
-4.2
-4.1
-4.0
-3.8
-3.5
-3.3
-3.1
-3.0
-3.0
-2.9
-2.7
-2.5
-2.4
-2.3
-2.3
-2.3
-2.2
-2.0
-2.0
-2.0
-2.0
-2.1
-2.1
-1.9
-1.7
-1.6
-1.5
-1.5
-1.4
-1.3
-1.3
-1.2
-1.1
-1.2
-1.2
-1.1
-1.0
-0.9
-0.8
-0.7
-0.6
-0.6
-0.6
-0.6
-0.7
-0.8
-0.9
-1.0
-1.1
-1.1
-1.1
-1.0
-0.8
-0.4
0.0
0.3
0.7
1.0
1.4
1.7
1.8
1.7
1.4
1.2
1.1
1.1
1.1
1.2
1.4
1.9
2.4
2.8
3.3
3.7
4.1
4.2
4.1
4.0
3.9
3.9
3.8
3.8
3.9
4.1
4.5
4.8
5.0
5.2
5.3
5.5
5.5
5.5
5.4
5.3
5.3
5.3
5.4
5.4
5.2
5.1
5.0
5.0
5.0
5.2
5.4
5.5
5.7
6.0
6.4
6.7
6.9
7.0
7.1
7.2
7.4
7.5
7.7
7.8
7.9
8.0
8.0
8.1
8.1
8.2
8.3
8.4
8.5
8.6
8.7
8.9
9.0
9.1
9.2
9.2
9.2
9.1
9.1
9.1
9.1
9.1
9.2
9.2
9.2
9.3
9.5
9.5
9.5
9.3
9.2
9.2
9.3
9.3
9.3
9.3
9.3
9.5
9.6
9.7
9.8
9.9
10.2
10.5
10.8
11.1
11.3
11.5
11.5
11.5
11.4
11.3
11.3
11.3
11.5
11.6
11.8
11.9
11.9
12.0
12.0
12.0
12.0
11.9
11.9
11.9
12.0
12.2
12.4
12.6
12.8
12.9
13.0
13.1
13.0
12.9
12.8
12.7
12.7
12.6
12.6
12.6
12.7
12.8
12.9
12.9
12.9
12.9
13.0
13.1
13.2
13.3
13.3
13.2
13.2
13.2
13.2
13.2
13.1
13.0
13.0
13.1
13.1
13.2
13.3
13.5
13.6
13.7
13.7
13.6
13.4
13.1
12.5
12.0
11.6
11.3
11.2
11.2
11.3
11.5
11.7
11.8
12.0
12.0
11.8
11.6
11.3
11.1
11.0
11.0
11.0
11.1
11.2
11.3
11.4
11.5
11.5
11.4
11.3
11.3
11.3
11.3
11.4
11.4
11.5
11.7
11.8
11.8
11.8
11.6
11.4
11.3
11.3
11.3
11.3
11.3
11.3
11.3
11.2
11.1
10.8
10.5
10.1
9.7
9.3
9.0
8.8
8.7
8.7
8.8
8.9
9.1
9.2
9.2
9.2
9.2
9.1
9.0
8.8
8.6
8.4
8.2
8.0
7.8
7.7
7.6
7.6
7.6
7.7
7.8
7.9
8.0
8.0
8.1
8.1
8.1
8.0
8.0
8.0
8.0
8.0
8.0
8.0
7.9
7.7
7.6
7.5
7.3
7.2
7.1
7.0
7.0
7.0
7.0
7.0
6.9
6.8
6.7
6.5
6.3
6.0
5.7
5.5
5.2
4.9
4.8
4.7
4.8
4.9
5.1
5.3
5.5
5.6
5.8
5.9
6.0
6.1
6.1
6.1
6.1
6.3
6.6
6.9
7.1
7.2
7.4
7.6
7.9
8.2
8.5
8.7
9.0
9.4
9.7
10.0
10.2
10.3
10.3
10.2
10.0
9.8
9.7
9.6
9.7
9.7
9.8
9.9
10.0
10.1
10.1
10.0
9.9
9.7
9.6
9.5
9.5
9.4
9.4
9.4
9.4
9.3
9.2
9.1
9.1
9.1
9.1
9.2
9.2
9.3
9.3
9.2
9.1
9.0
8.9
8.8
8.6
8.5
8.4
8.4
8.4
8.4
8.3
8.3
8.3
8.3
8.3
8.2
8.3
8.3
8.4
8.5
8.4
8.4
8.3
8.3
8.3
8.3
8.2
8.1
7.9
7.8
7.6
7.6
7.4
7.3
7.2
7.2
7.2
7.2
7.2
7.1
7.1
6.9
6.7
6.5
6.3
6.0
5.8
5.6
5.3
5.1
4.8
4.6
4.4
4.3
4.2
4.3
4.5
4.7
5.0
5.3
5.6
6.0
6.1
6.2
6.3
6.3
6.2
6.1
5.9
5.8
5.6
5.5
5.4
5.5
5.5
5.5
5.6
5.6
5.7
5.7
5.7
5.6
5.5
5.3
5.2
5.0
4.9
4.8
4.6
4.5
4.3
4.1
4.0
3.9
3.8
3.7
3.6
3.5
3.4
3.4
3.3
3.3
3.2
3.1
3.0
2.8
2.8
2.7
2.5
2.4
2.2
2.1
2.0
1.9
1.8
1.7
1.6
1.5
1.4
1.3
1.2
1.1
1.1
1.0
0.9
0.9
0.8
0.8
0.8
0.8
0.7
0.8
0.9
1.0
1.1
1.2
1.3
1.5
1.5
1.5
1.5
1.4
1.3
1.2
1.1
1.1
1.1
1.0
1.1
1.2
1.3
1.5
1.6
1.7
1.7
1.7
1.6
1.6
1.6
1.6
1.7
1.9
2.1
2.2
2.4
2.6
2.7
2.8
2.7
2.6
2.5
2.4
2.2
2.0
1.9
1.7
1.5
1.3
1.0
0.7
0.4
0.2
0.2
0.1
0.0
-0.2
-0.5
-0.7
-0.9
-1.2
-1.7
-2.2
-2.8
-3.0
-3.0
-3.0
-3.2
-3.3
-3.4
-3.5
-3.6
-3.9
-4.2
-4.6
-4.9
-5.2
-5.5
-5.8
-6.1
-6.3
-6.5
-6.7
-7.0
-7.2
-7.5
-7.7
-7.9
-8.1
-8.3
-8.6
-8.8
-9.1
-9.3
-9.6
-9.9
-10.2
-10.5
-10.7
-11.0
-11.3
-11.6
-11.9
-12.1
-12.4
-12.7
-13.1
-13.4
-13.8
-14.0
-14.3
-14.6
-14.8
-14.9
-15.0
-15.1
-15.1
-15.2
-15.1
-15.1
-15.2
-15.2
-15.1
-15.1
-15.0
-14.9
-14.7
-14.6
-14.5
-14.5
-14.5
-14.5
-14.6
-14.7
-14.8
-14.9
-15.0
-14.8
-14.6
-14.2
-13.8
-13.3
-12.7
-12.3
-11.8
-11.4
-11.2
-11.1
-11.1
-11.0
-11.0
-11.0
-11.1
-11.1
-11.1
-11.1
-11.1
-11.1
-11.1
-11.1
-11.0
-10.9
-10.8
-10.6
-10.5
-10.2
-10.0
-9.9
-9.8
-9.7
-9.8
-9.8
-9.9
-9.9
-10.1
-10.3
-10.3
-10.3
-10.1
-9.9
-9.8
-9.6
-9.5
-9.4
-9.3
-9.3
-9.3
-9.3
-9.5
-9.6
-9.8
-10.0
-10.1
-10.2
-10.1
-10.1
-10.0
-9.8
-9.6
-9.4
-9.3
-9.3
-9.3
-9.4
-9.6
-9.8
-10.0
-10.2
-10.3
-10.3
-10.3
-10.4
-10.5
-10.4
-10.3
-10.1
-10.0
-9.8
-9.6
-9.2
-8.9
-8.8
-8.7
-8.7
-8.7
-8.7
-8.8
-9.0
-9.1
-9.3
-9.3
-9.3
-9.4
-9.4
-9.4
-9.3
-9.3
-9.2
-9.0
-8.8
-8.5
-8.5
-8.6
-8.8
-9.0
-9.3
-9.6
-9.8
-10.1
-10.2
-10.3
-10.3
-10.0
-9.6
-9.1
-8.7
-8.4
-8.1
-7.8
-7.5
-7.3
-7.0
-6.7
-6.4
-6.0
-5.5
-5.0
-4.5
-4.0
-3.7
-3.5
-3.4
-3.2
-3.0
-2.8
-2.6
-2.4
-2.2
-2.0
-1.8
-1.7
-1.7
-1.7
-1.8
-1.8
-1.7
-1.5
-1.2
-1.0
-0.7
-0.4
0.0
0.2
0.4
0.5
0.6
0.6
0.7
0.7
0.8
0.9
1.0
1.2
1.5
2.0
2.5
2.9
3.3
3.8
4.4
4.9
5.3
5.5
5.8
6.1
6.4
6.7
7.0
7.2
7.3
7.4
7.3
7.1
6.8
6.4
5.9
5.5
5.3
5.2
5.2
5.1
5.0
5.0
4.9
4.9
4.9
4.9
4.8
4.8
4.8
4.8
4.8
4.7
4.5
4.3
4.1
4.1
4.1
4.1
4.1
4.2
4.4
4.5
4.4
4.3
4.2
4.2
4.1
4.0
3.9
4.0
4.2
4.3
4.2
4.0
4.0
4.0
4.2
4.2
4.1
4.3
4.5
4.9
5.1
5.2
5.3
5.3
5.3
5.3
5.3
5.3
5.4
5.5
5.5
5.6
5.6
5.7
5.8
5.9
5.9
5.8
5.7
5.6
5.5
5.5
5.4
5.4
5.5
5.5
5.7
5.8
5.8
5.8
5.7
5.6
5.5
5.3
5.2
5.3
5.3
5.1
5.0
4.9
4.9
4.9
4.9
4.9
4.9
4.8
4.8
5.0
5.1
5.2
5.2
5.2
5.3
5.4
5.6
5.7
5.7
5.6
5.5
5.3
5.4
5.5
5.6
5.7
5.8
6.0
6.2
6.4
6.4
6.2
6.0
5.8
5.7
5.8
6.0
6.1
6.2
6.4
6.6
6.8
6.9
6.9
6.8
6.6
6.3
6.0
5.8
5.6
5.5
5.4
5.3
5.3
5.3
5.5
5.7
5.9
6.0
6.0
5.9
5.9
5.9
5.8
5.5
5.2
4.9
4.7
4.6
4.6
4.6
4.7
4.8
5.0
5.5
6.0
6.4
6.6
6.7
6.6
6.4
6.2
6.1
6.1
6.1
6.3
6.5
7.0
7.6
8.1
8.5
8.6
8.6
8.2
7.7
7.2
6.9
6.7
6.7
6.8
7.0
7.2
7.3
7.5
7.7
7.9
7.8
7.6
7.2
6.9
6.7
6.5
6.2
5.9
5.6
5.4
5.3
5.4
5.5
5.6
5.7
5.9
6.1
6.3
6.5
6.5
6.4
6.3
6.2
6.2
6.1
6.0
5.9
5.8
5.8
5.8
5.9
6.0
6.2
6.2
6.1
5.9
5.6
5.2
4.9
4.7
4.6
4.5
4.5
4.6
4.8
5.0
5.2
5.2
5.0
4.6
4.2
4.0
3.9
3.7
3.6
3.5
3.5
3.7
3.9
4.1
4.2
4.3
4.4
4.4
4.5
4.5
4.6
4.6
4.6
4.5
4.4
4.3
4.1
3.9
3.7
3.5
3.5
3.6
3.8
4.0
4.2
4.4
4.5
4.6
4.5
4.2
3.7
3.2
2.6
2.1
1.6
1.3
1.1
0.9
0.8
0.9
1.1
1.3
1.5
1.6
1.7
1.8
1.8
1.8
1.7
1.6
1.5
1.4
1.4
1.4
1.5
1.6
1.6
1.7
1.7
1.8
1.9
2.0
2.1
2.0
1.8
1.7
1.6
1.5
1.4
1.3
1.2
1.2
1.4
1.5
1.6
1.7
1.7
1.6
1.6
1.5
1.5
1.5
1.5
1.5
1.5
1.4
1.3
1.2
1.1
1.0
0.9
0.9
0.9
0.9
0.9
0.9
0.8
0.8
0.7
0.8
0.8
0.8
0.7
0.7
0.8
0.8
0.7
0.6
0.4
0.1
-0.1
-0.2
-0.2
-0.2
-0.2
-0.1
0.0
0.2
0.4
0.6
0.6
0.4
0.2
-0.1
-0.4
-0.8
-1.2
-1.6
-2.0
-2.2
-2.4
-2.5
-2.6
-2.6
-2.5
-2.3
-2.1
-2.0
-1.8
-1.7
-1.6
-1.6
-1.6
-1.8
-1.9
-2.0
-2.2
-2.3
-2.3
-2.2
-2.1
-2.0
-1.8
-1.7
-1.5
-1.4
-1.3
-1.2
-1.3
-1.3
-1.3
-1.4
-1.5
-1.6
-1.7
-1.7
-1.7
-1.8
-1.8
-1.7
-1.7
-1.6
-1.5
-1.5
-1.5
-1.4
-1.4
-1.3
-1.3
-1.3
-1.4
-1.3
-1.2
-1.2
-1.3
-1.3
-1.4
-1.4
-1.5
-1.6
-1.7
-1.7
-1.7
-1.6
-1.5
-1.5
-1.4
-1.2
-1.1
-1.0
-1.0
-1.0
-1.1
-1.2
-1.2
-1.2
-1.3
-1.4
-1.4
-1.5
-1.5
-1.5
-1.5
-1.4
-1.5
-1.6
-1.7
-1.8
-2.0
-2.2
-2.4
-2.7
-2.9
-3.0
-3.1
-3.0
-3.0
-2.8
-2.6
-2.4
-2.2
-2.1
-2.0
-2.1
-2.2
-2.2
-2.3
-2.3
-2.2
-2.1
-2.2
-2.2
-2.3
-2.4
-2.5
-2.7
-2.9
-3.1
-3.2
-3.2
-3.2
-3.1
-3.0
-3.0
-2.9
-2.9
-2.8
-2.8
-2.8
-2.9
-3.0
-3.0
-3.1
-3.0
-3.0
-2.9
-3.0
-3.1
-3.2
-3.2
-3.3
-3.5
-3.6
-3.6
-3.7
-3.6
-3.6
-3.5
-3.5
-3.5
-3.5
-3.5
-3.5
-3.6
-3.6
-3.6
-3.7
-3.7
-3.9
-4.0
-4.1
-4.1
-4.1
-4.1
-4.1
-4.2
-4.2
-4.3
-4.3
-4.2
-4.2
-4.1
-3.9
-3.7
-3.5
-3.3
-3.2
-3.0
-3.0
-3.2
-3.4
-3.7
-3.9
-4.0
-4.1
-4.1
-4.1
-4.1
-4.0
-3.8
-3.7
-3.6
-3.6
-3.6
-3.5
-3.5
-3.5
-3.4
-3.5
-3.5
-3.6
-3.6
-3.6
-3.7
-3.8
-3.9
-4.0
-4.1
-4.2
-4.3
-4.4
-4.5
-4.7
-4.9
-5.0
-5.2
-5.4
-5.6
-5.7
-5.9
-6.0
-6.2
-6.3
-6.5
-6.7
-6.9
-7.0
-7.0
-7.1
-7.2
-7.2
-7.2
-7.1
-7.1
-7.1
-7.0
-7.0
-7.0
-6.9
-6.8
-6.7
-6.6
-6.6
-6.6
-6.5
-6.4
-6.3
-6.3
-6.3
-6.2
-6.1
-6.0
-5.9
-5.8
-5.7
-5.5
-5.3
-5.2
-5.1
-5.0
-5.0
-4.9
-4.7
-4.5
-4.3
-4.0
-3.7
-3.4
-3.1
-2.7
-2.3
-2.0
-1.7
-1.6
-1.4
-1.2
-1.0
-0.8
-0.6
-0.4
-0.1
0.2
0.6
1.1
1.7
2.3
2.9
3.5
4.1
4.6
5.1
5.6
6.1
6.6
7.1
7.5
8.0
8.5
9.1
9.8
10.5
11.1
11.7
12.4
13.1
13.8
14.6
15.3
16.1
16.8
17.5
18.2
19.0
19.8
20.7
21.6
22.5
23.4
24.3
25.3
26.3
27.3
28.3
29.3
30.3
31.4
32.5
33.6
34.8
36.0
37.1
38.2
39.2
40.2
41.4
42.5
43.8
45.0
46.4
47.8
49.3
50.8
52.2
53.7
55.1
56.5
57.8
59.1
60.4
61.7
63.0
64.3
65.5
66.7
68.0
69.4
70.9
72.3
73.8
75.2
76.7
78.1
79.5
80.8
82.0
83.3
84.5
85.8
87.1
88.4
89.6
90.9
92.2
93.5
94.7
95.8
96.9
98.0
99.0
100.2
101.3
102.5
103.6
104.8
106.2
107.6
109.0
110.3
111.5
112.6
113.8
114.9
115.9
116.8
117.8
118.8
119.8
120.9
121.9
122.9
124.0
125.0
126.0
126.9
127.8
128.6
129.4
130.2
130.9
131.6
132.4
133.2
134.0
134.9
135.8
136.8
137.8
138.7
139.7
140.6
141.5
142.3
143.1
143.8
144.5
145.3
146.0
146.6
147.3
148.0
148.8
149.6
150.3
151.1
151.9
152.7
153.5
154.3
155.1
155.7
156.3
157.0
157.6
158.2
158.8
159.4
160.0
160.6
161.3
162.1
162.8
163.4
164.0
164.7
165.5
166.3
167.0
167.6
168.1
168.7
169.3
169.8
170.2
170.6
171.0
171.6
172.2
172.7
173.2
173.8
174.5
175.3
175.9
176.5
177.0
177.4
177.8
178.3
178.9
179.3
179.7
180.0
180.5
181.0
181.6
182.2
182.7
183.0
183.3
183.4
183.6
183.7
183.7
183.7
183.7
183.7
183.8
183.9
184.0
184.1
184.0
183.9
183.7
183.6
183.4
183.1
182.8
182.4
182.1
181.7
181.4
181.1
180.9
180.6
180.3
180.0
179.8
179.6
179.5
179.4
179.4
179.5
179.6
179.8
180.0
180.1
180.0
179.9
179.8
179.8
179.8
179.7
179.7
179.7
179.8
179.9
179.9
179.9
179.8
179.6
179.2
178.8
178.3
177.9
177.4
176.9
176.4
175.9
175.4
174.9
174.2
173.4
172.8
172.1
171.5
170.8
170.1
169.5
169.0
168.5
168.0
167.3
166.6
165.8
164.8
163.9
162.9
161.9
161.1
160.4
159.8
159.1
158.3
157.7
157.2
156.7
156.1
155.5
154.7
154.1
153.5
152.9
152.5
152.1
151.7
151.3
150.9
150.6
150.3
149.9
149.4
148.9
148.5
148.0
147.5
146.9
146.4
146.1
145.9
145.7
145.5
145.4
145.3
145.2
145.1
145.0
144.9
144.7
144.6
144.4
144.3
144.2
144.2
144.2
144.1
144.0
144.0
144.0
144.0
144.0
144.0
144.1
144.5
144.9
145.3
145.7
146.1
146.5
147.0
147.3
147.7
147.9
148.1
148.2
148.3
148.4
148.4
148.4
148.4
148.4
148.4
148.4
148.4
148.4
148.3
148.3
148.3
148.3
148.3
148.3
148.3
148.5
148.7
149.0
149.3
149.7
150.0
150.4
150.7
151.0
151.1
151.0
150.9
150.8
150.6
150.5
150.5
150.5
150.6
150.7
150.9
151.1
151.3
151.4
151.4
151.4
151.4
151.4
151.4
151.3
151.2
151.1
151.1
150.9
150.8
150.6
150.6
150.6
150.6
150.7
150.8
150.8
150.9
150.9
151.0
151.1
151.2
151.3
151.5
151.7
151.8
152.0
152.0
152.1
152.1
152.1
152.0
151.9
151.9
152.0
152.0
152.1
152.1
152.0
151.8
151.6
151.4
151.0
150.6
150.1
149.6
148.9
148.3
147.8
147.4
147.1
146.8
146.6
146.6
146.6
146.6
146.5
146.4
146.2
146.0
145.6
145.2
144.6
144.1
143.6
143.0
142.4
141.6
140.8
139.8
138.7
137.5
136.3
135.0
133.6
132.3
130.9
129.6
128.3
127.1
125.9
124.7
123.5
122.3
121.1
120.0
118.9
117.9
116.9
116.0
115.2
114.6
114.2
113.9
113.8
113.8
113.8
113.8
113.7
113.5
113.1
112.7
112.3
111.7
111.1
110.5
109.9
109.4
108.9
108.3
107.8
107.1
106.4
105.6
104.9
104.1
103.4
102.7
102.0
101.3
100.6
99.9
99.3
98.6
97.9
97.3
96.6
95.8
95.1
94.5
93.8
93.1
92.4
91.7
91.0
90.3
89.6
88.9
88.1
87.4
86.6
85.8
85.1
84.4
83.7
83.1
82.5
82.0
81.5
80.9
80.3
79.7
79.0
78.3
77.5
76.6
75.7
74.9
74.0
73.1
72.3
71.5
70.7
69.9
69.1
68.4
67.5
66.6
65.7
64.7
63.6
62.6
61.6
60.7
59.8
58.9
58.1
57.5
56.9
56.4
55.8
55.3
54.8
54.3
53.8
53.3
52.8
52.5
52.0
51.7
51.3
51.0
50.8
50.7
50.6
50.3
50.0
49.7
49.5
49.3
49.0
48.7
48.3
48.0
47.7
47.4
47.2
47.0
46.8
46.6
46.3
46.1
45.8
45.5
45.1
44.7
44.4
44.0
43.7
43.3
42.8
42.4
41.9
41.4
40.8
40.2
39.7
39.1
38.6
38.2
37.7
37.3
36.8
36.3
35.7
35.2
34.7
34.1
33.4
32.8
32.2
31.7
31.2
30.7
30.1
29.5
28.9
28.3
27.6
26.8
26.1
25.4
24.7
24.1
23.5
22.8
22.2
21.7
21.1
20.4
19.8
19.1
18.5
18.0
17.4
16.9
16.5
16.0
15.5
15.0
14.4
13.8
13.2
12.5
11.8
11.2
10.6
10.0
9.4
8.9
8.3
7.8
7.2
6.6
6.0
5.5
5.0
4.5
4.1
3.7
3.3
3.0
2.6
2.2
1.7
1.3
0.8
0.2
-0.4
-1.1
-1.8
-2.4
-3.0
-3.5
-4.1
-4.6
-4.9
-5.2
-5.5
-5.8
-6.1
-6.5
-6.9
-7.2
-7.7
-8.1
-8.6
-9.1
-9.6
-10.0
-10.5
-11.0
-11.5
-12.0
-12.4
-12.9
-13.3
-13.7
-14.1
-14.4
-14.8
-15.1
-15.4
-15.7
-16.1
-16.5
-16.9
-17.3
-17.7
-18.1
-18.5
-18.8
-19.2
-19.5
-19.9
-20.3
-20.7
-21.1
-21.4
-21.8
-22.2
-22.7
-23.1
-23.4
-23.7
-24.0
-24.3
-24.7
-25.0
-25.3
-25.6
-26.0
-26.4
-26.8
-27.3
-27.7
-28.0
-28.3
-28.6
-28.9
-29.1
-29.4
-29.7
-30.0
-30.3
-30.7
-31.0
-31.4
-31.8
-32.2
-32.5
-32.7
-33.0
-33.2
-33.4
-33.6
-33.9
-34.1
-34.4
-34.6
-34.9
-35.2
-35.6
-35.9
-36.3
-36.7
-37.0
-37.5
-37.9
-38.3
-38.7
-39.1
-39.4
-39.7
-40.0
-40.2
-40.6
-40.9
-41.2
-41.5
-41.7
-41.9
-42.2
-42.4
-42.7
-42.9
-43.2
-43.4
-43.6
-43.9
-44.2
-44.5
-44.7
-44.8
-45.0
-45.2
-45.4
-45.6
-45.8
-46.0
-46.3
-46.6
-46.9
-47.3
-47.7
-48.1
-48.4
-48.7
-48.9
-49.0
-49.2
-49.4
-49.5
-49.7
-49.8
-50.0
-50.1
-50.3
-50.4
-50.6
-50.8
-51.1
-51.4
-51.7
-52.0
-52.3
-52.6
-52.8
-52.9
-53.0
-53.0
-53.0
-53.1
-53.1
-53.3
-53.5
-53.8
-54.1
-54.4
-54.7
-55.0
-55.3
-55.5
-55.6
-55.7
-55.8
-55.9
-56.0
-56.1
-56.2
-56.4
-56.6
-56.8
-57.0
-57.2
-57.4
-57.6
-57.7
-57.8
-57.9
-58.0
-58.0
-58.0
-58.0
-58.1
-58.2
-58.2
-58.3
-58.4
-58.3
-58.1
-57.9
-57.7
-57.5
-57.4
-57.3
-57.3
-57.4
-57.6
-57.9
-58.2
-58.6
-59.0
-59.3
-59.5
-59.6
-59.8
-59.9
-60.0
-60.1
-60.2
-60.2
-60.2
-60.2
-60.1
-60.1
-60.2
-60.3
-60.4
-60.6
-60.7
-60.9
-61.1
-61.4
-61.6
-61.7
-61.9
-62.0
-62.2
-62.4
-62.6
-62.7
-62.9
-63.0
-63.2
-63.3
-63.4
-63.5
-63.7
-63.8
-64.0
-64.1
-64.2
-64.3
-64.5
-64.6
-64.7
-64.7
-64.7
-64.7
-64.8
-64.9
-65.0
-65.2
-65.4
-65.5
-65.8
-66.0
-66.1
-66.1
-66.2
-66.2
-66.3
-66.3
-66.4
-66.5
-66.5
-66.5
-66.6
-66.6
-66.6
-66.6
-66.7
-66.9
-67.1
-67.4
-67.6
-67.9
-68.0
-68.1
-68.3
-68.4
-68.4
-68.3
-68.3
-68.4
-68.5
-68.7
-68.9
-69.1
-69.4
-69.6
-69.9
-70.0
-70.1
-70.2
-70.2
-70.3
-70.4
-70.5
-70.6
-70.8
-70.9
-71.0
-71.2
-71.3
-71.4
-71.5
-71.5
-71.7
-71.8
-72.0
-72.2
-72.4
-72.6
-72.7
-72.8
-72.9
-72.9
-72.8
-72.8
-72.7
-72.5
-72.4
-72.4
-72.5
-72.6
-72.8
-72.9
-73.1
-73.3
-73.4
-73.5
-73.5
-73.5
-73.5
-73.5
-73.6
-73.7
-73.9
-74.0
-74.2
-74.3
-74.4
-74.4
-74.5
-74.4
-74.4
-74.4
-74.4
-74.5
-74.5
-74.5
-74.6
-74.6
-74.7
-74.7
-74.8
-75.0
-75.1
-75.2
-75.3
-75.3
-75.2
-75.1
-74.8
-74.5
-74.1
-73.6
-73.1
-72.6
-72.1
-71.7
-71.3
-70.9
-70.5
-70.1
-69.7
-69.4
-68.9
-68.5
-68.2
-67.9
-67.7
-67.4
-67.2
-67.1
-66.9
-66.8
-66.8
-66.8
-66.9
-67.0
-67.2
-67.4
-67.6
-67.9
-68.1
-68.2
-68.3
-68.4
-68.4
-68.5
-68.5
-68.6
-68.6
-68.8
-68.9
-69.0
-69.1
-69.2
-69.3
-69.4
-69.5
-69.6
-69.6
-69.7
-69.8
-69.9
-70.0
-70.0
-70.0
-70.1
-70.2
-70.2
-70.3
-70.3
-70.4
-70.4
-70.5
-70.6
-70.8
-71.0
-71.1
-71.2
-71.3
-71.4
-71.5
-71.5
-71.5
-71.5
-71.6
-71.6
-71.7
-71.8
-72.0
-72.1
-72.3
-72.4
-72.4
-72.5
-72.6
-72.6
-72.6
-72.6
-72.5
-72.5
-72.5
-72.5
-72.5
-72.6
-72.7
-72.8
-72.9
-72.9
-73.0
-73.0
-73.0
-73.0
-72.9
-72.9
-72.9
-72.9
-73.0
-73.0
-73.1
-73.1
-73.1
-73.1
-73.2
-73.2
-73.2
-73.2
-73.3
-73.3
-73.4
-73.5
-73.5
-73.5
-73.5
-73.5
-73.5
-73.5
-73.5
-73.5
-73.6
-73.7
-73.9
-73.9
-74.0
-74.1
-74.2
-74.2
-74.2
-74.3
-74.3
-74.3
-74.3
-74.3
-74.3
-74.2
-74.2
-74.1
-74.1
-74.1
-74.2
-74.3
-74.4
-74.5
-74.6
-74.6
-74.7
-74.7
-74.6
-74.6
-74.6
-74.5
-74.5
-74.4
-74.4
-74.4
-74.4
-74.5
-74.5
-74.5
-74.6
-74.7
-74.7
-74.7
-74.6
-74.6
-74.6
-74.6
-74.8
-74.9
-75.1
-75.3
-75.4
-75.5
-75.7
-75.8
-76.0
-76.1
-76.2
-76.3
-76.3
-76.4
-76.3
-76.3
-76.1
-75.8
-75.4
-75.0
-74.7
-74.4
-74.0
-73.7
-73.3
-73.0
-72.6
-72.3
-72.0
-71.6
-71.3
-71.0
-70.8
-70.5
-70.1
-69.8
-69.5
-69.2
-68.9
-68.5
-68.3
-68.0
-67.9
-67.6
-67.2
-66.9
-66.5
-66.3
-66.0
-65.9
-65.8
-65.7
-65.8
-65.9
-66.0
-66.1
-66.2
-66.3
-66.4
-66.5
-66.6
-66.8
-67.0
-67.3
-67.5
-67.8
-68.0
-68.3
-68.5
-68.6
-68.8
-68.9
-69.0
-69.1
-69.2
-69.4
-69.5
-69.6
-69.7
-69.8
-69.9
-70.0
-70.1
-70.1
-70.2
-70.2
-70.3
-70.4
-70.4
-70.4
-70.3
-70.2
-70.1
-70.1
-70.1
-70.1
-70.2
-70.3
-70.4
-70.6
-70.7
-70.8
-70.9
-70.8
-70.8
-70.7
-70.7
-70.6
-70.5
-70.5
-70.4
-70.4
-70.4
-70.5
-70.5
-70.5
-70.5
-70.5
-70.5
-70.6
-70.6
-70.6
-70.5
-70.5
-70.5
-70.5
-70.5
-70.4
-70.5
-70.5
-70.6
-70.6
-70.5
-70.5
-70.5
-70.4
-70.3
-70.2
-70.2
-70.2
-70.2
-70.2
-70.2
-70.3
-70.3
-70.3
-70.4
-70.4
-70.4
-70.5
-70.5
-70.5
-70.5
-70.5
-70.4
-70.4
-70.3
-70.1
-70.0
-69.8
-69.7
-69.6
-69.7
-69.7
-69.7
-69.8
-69.8
-69.9
-69.9
-69.9
-69.8
-69.7
-69.6
-69.5
-69.5
-69.5
-69.6
-69.6
-69.7
-69.8
-69.8
-69.8
-69.8
-69.8
-69.8
-69.8
-69.8
-69.7
-69.6
-69.5
-69.5
-69.5
-69.4
-69.4
-69.5
-69.5
-69.5
-69.6
-69.7
-70.0
-70.2
-70.4
-70.6
-70.8
-71.1
-71.4
-71.6
-71.8
-71.9
-72.0
-72.2
-72.3
-72.5
-72.6
-72.8
-73.0
-73.1
-73.2
-73.3
-73.4
-73.4
-73.4
-73.4
-73.3
-73.2
-73.1
-73.0
-72.8
-72.6
-72.5
-72.4
-72.3
-72.2
-72.2
-72.2
-72.2
-72.2
-72.2
-72.2
-72.3
-72.3
-72.3
-72.3
-72.4
-72.4
-72.5
-72.5
-72.5
-72.5
-72.5
-72.4
-72.3
-72.3
-72.3
-72.2
-72.1
-72.0
-71.9
-71.8
-71.7
-71.7
-71.6
-71.6
-71.6
-71.6
-71.6
-71.7
-71.8
-71.8
-71.8
-71.6
-71.5
-71.4
-71.3
-71.1
-70.9
-70.8
-70.6
-70.6
-70.6
-70.6
-70.6
-70.5
-70.5
-70.4
-70.4
-70.3
-70.2
-70.2
-70.1
-70.0
-70.0
-70.0
-70.1
-70.1
-70.1
-70.1
-70.1
-70.0
-69.9
-69.8
-69.6
-69.5
-69.5
-69.5
-69.4
-69.4
-69.5
-69.6
-69.6
-69.7
-69.7
-69.8
-69.8
-69.9
-69.8
-69.6
-69.4
-69.1
-68.8
-68.3
-67.8
-67.2
-66.5
-65.9
-65.2
-64.6
-64.0
-63.5
-63.0
-62.5
-62.0
-61.5
-61.1
-60.7
-60.2
-59.7
-59.3
-59.0
-58.8
-58.6
-58.4
-58.3
-58.3
-58.2
-58.2
-58.2
-58.1
-58.1
-58.2
-58.4
-58.5
-58.6
-58.8
-58.9
-59.0
-59.0
-59.0
-59.0
-58.9
-58.8
-58.7
-58.6
-58.5
-58.4
-58.3
-58.2
-58.1
-58.1
-58.0
-58.0
-58.0
-58.1
-58.1
-58.2
-58.2
-58.2
-58.2
-58.1
-58.1
-58.2
-58.3
-58.4
-58.4
-58.4
-58.4
-58.5
-58.5
-58.5
-58.5
-58.5
-58.5
-58.5
-58.5
-58.5
-58.5
-58.4
-58.4
-58.4
-58.4
-58.4
-58.4
-58.5
-58.6
-58.7
-58.7
-58.7
-58.7
-58.7
-58.8
-58.8
-58.8
-58.8
-58.8
-58.8
-58.9
-58.9
-58.9
-58.9
-58.9
-58.8
-58.7
-58.6
-58.5
-58.4
-58.4
-58.3
-58.4
-58.5
-58.6
-58.6
-58.6
-58.6
-58.6
-58.5
-58.4
-58.4
-58.3
-58.2
-58.2
-58.2
-58.3
-58.3
-58.4
-58.4
-58.5
-58.5
-58.5
-58.5
-58.5
-58.3
-58.2
-58.0
-57.9
-57.7
-57.6
-57.5
-57.5
-57.5
-57.5
-57.6
-57.7
-57.8
-57.8
-57.8
-57.8
-57.9
-57.9
-58.1
-58.2
-58.2
-58.4
-58.6
-58.9
-59.1
-59.3
-59.3
-59.4
-59.5
-59.5
-59.5
-59.5
-59.5
-59.5
-59.5
-59.5
-59.5
-59.6
-59.6
-59.6
-59.5
-59.4
-59.4
-59.3
-59.2
-59.1
-59.0
-59.0
-59.0
-59.0
-58.9
-58.9
-58.9
-58.8
-58.8
-58.7
-58.6
-58.5
-58.4
-58.3
-58.2
-58.0
-57.9
-57.7
-57.6
-57.5
-57.3
-57.2
-57.1
-57.1
-57.1
-57.1
-57.1
-57.0
-57.0
-57.0
-57.0
-57.0
-57.0
-57.0
-57.0
-57.0
-57.0
-56.9
-56.9
-56.7
-56.5
-56.3
-56.1
-55.9
-55.7
-55.6
-55.5
-55.4
-55.3
-55.3
-55.2
-55.1
-55.0
-54.9
-54.8
-54.7
-54.6
-54.5
-54.5
-54.5
-54.5
-54.5
-54.5
-54.4
-54.3
-54.2
-54.1
-54.0
-54.0
-53.9
-53.8
-53.7
-53.6
-53.5
-53.5
-53.4
-53.4
-53.4
-53.3
-53.3
-53.3
-53.3
-53.3
-53.2
-53.1
-53.0
-52.9
-52.8
-52.7
-52.7
-52.6
-52.5
-52.5
-52.4
-52.3
-52.3
-52.2
-52.1
-52.1
-52.1
-52.0
-52.0
-52.0
-52.0
-51.9
-51.9
-51.8
-51.7
-51.5
-51.4
-51.3
-51.2
-51.1
-51.0
-51.0
-51.0
-50.9
-50.9
-50.9
-50.9
-50.9
-50.8
-50.7
-50.6
-50.4
-50.3
-50.1
-49.9
-49.8
-49.7
-49.8
-50.0
-50.2
-50.5
-50.8
-51.1
-51.3
-51.6
-51.9
-52.2
-52.4
-52.7
-53.1
-53.4
-53.9
-54.3
-54.8
-55.2
-55.6
-56.0
-56.3
-56.7
-57.0
-57.3
-57.6
-57.8
-58.0
-58.1
-58.3
-58.4
-58.5
-58.5
-58.6
-58.5
-58.5
-58.4
-58.3
-58.2
-58.2
-58.0
-57.9
-57.8
-57.7
-57.6
-57.5
-57.3
-57.1
-56.9
-56.7
-56.5
-56.2
-56.0
-55.7
-55.5
-55.2
-54.9
-54.7
-54.5
-54.2
-54.0
-53.8
-53.5
-53.3
-53.1
-53.0
-52.8
-52.7
-52.5
-52.4
-52.3
-52.2
-52.1
-51.9
-51.8
-51.6
-51.5
-51.3
-51.2
-51.0
-50.9
-50.7
-50.5
-50.4
-50.4
-50.3
-50.3
-50.4
-50.4
-50.5
-50.5
-50.6
-50.6
-50.5
-50.5
-50.4
-50.3
-50.2
-50.2
-50.2
-50.1
-50.0
-49.9
-49.8
-49.7
-49.5
-49.3
-49.1
-49.0
-48.9
-48.9
-48.8
-48.7
-48.5
-48.5
-48.4
-48.3
-48.3
-48.2
-48.2
-48.2
-48.2
-48.2
-48.2
-48.2
-48.1
-48.0
-47.8
-47.7
-47.6
-47.5
-47.4
-47.4
-47.4
-47.4
-47.5
-47.6
-47.6
-47.6
-47.6
-47.5
-47.3
-47.2
-47.0
-46.8
-46.7
-46.6
-46.5
-46.5
-46.5
-46.5
-46.5
-46.4
-46.3
-46.3
-46.2
-46.1
-46.1
-46.1
-46.0
-46.0
-45.9
-45.8
-45.7
-45.5
-45.3
-45.2
-45.0
-44.9
-44.7
-44.6
-44.5
-44.5
-44.5
-44.4
-44.4
-44.3
-44.4
-44.4
-44.3
-44.3
-44.2
-44.1
-44.0
-43.9
-43.8
-43.7
-43.6
-43.5
-43.4
-43.4
-43.3
-43.2
-43.2
-43.1
-43.0
-42.9
-42.8
-42.8
-42.7
-42.7
-42.5
-42.5
-42.4
-42.3
-42.2
-42.1
-42.0
-41.8
-41.7
-41.7
-41.6
-41.5
-41.5
-41.4
-41.4
-41.3
-41.2
-41.2
-41.1
-41.1
-41.1
-41.1
-41.1
-41.0
-41.0
-41.0
-40.9
-40.9
-40.9
-40.9
-40.9
-40.8
-40.7
-40.6
-40.5
-40.3
-40.1
-39.9
-39.6
-39.4
-39.1
-38.9
-38.7
-38.6
-38.5
-38.4
-38.4
-38.4
-38.5
-38.5
-38.5
-38.5
-38.5
-38.5
-38.5
-38.4
-38.4
-38.3
-38.2
-38.2
-38.1
-38.0
-37.9
-37.8
-37.6
-37.5
-37.3
-37.2
-37.1
-37.0
-37.0
-37.0
-37.0
-37.0
-37.0
-36.8
-36.6
-36.4
-36.1
-35.8
-35.5
-35.2
-34.9
-34.7
-34.5
-34.3
-34.1
-33.9
-33.8
-33.7
-33.6
-33.5
-33.4
-33.4
-33.4
-33.3
-33.3
-33.2
-33.1
-33.1
-33.1
-33.0
-33.1
-33.1
-33.1
-33.1
-33.0
-33.0
-32.9
-32.8
-32.8
-32.7
-32.7
-32.7
-32.7
-32.6
-32.6
-32.6
-32.5
-32.5
-32.4
-32.3
-32.3
-32.3
-32.2
-32.2
-32.1
-32.1
-32.1
-32.1
-32.1
-32.0
-32.0
-32.0
-31.9
-31.9
-31.8
-31.7
-31.6
-31.6
-31.5
-31.4
-31.3
-31.3
-31.3
-31.4
-31.4
-31.4
-31.4
-31.4
-31.3
-31.3
-31.3
-31.2
-31.1
-31.0
-30.9
-30.9
-30.8
-30.8
-30.7
-30.6
-30.6
-30.6
-30.6
-30.6
-30.6
-30.6
-30.6
-30.5
-30.4
-30.4
-30.3
-30.2
-30.1
-30.0
-30.0
-30.0
-30.0
-29.9
-29.9
-29.9
-30.0
-30.0
-29.9
-29.8
-29.8
-29.7
-29.5
-29.4
-29.2
-29.1
-29.0
-28.9
-28.9
-28.9
-28.8
-28.8
-28.8
-28.8
-28.8
-28.8
-28.8
-28.8
-28.8
-28.8
-28.8
-28.8
-28.7
-28.6
-28.4
-28.2
-28.1
-27.9
-27.8
-27.7
-27.7
-27.7
-27.7
-27.7
-27.6
-27.5
-27.4
-27.3
-27.2
-27.2
-27.1
-27.0
-27.0
-27.0
-26.9
-26.9
-26.8
-26.8
-26.8
-26.7
-26.7
-26.6
-26.6
-26.5
-26.4
-26.3
-26.2
-26.2
-26.1
-26.1
-26.1
-26.1
-26.1
-26.2
-26.2
-26.3
-26.3
-26.3
-26.3
-26.3
-26.3
-26.2
-26.2
-26.1
-26.0
-25.9
-25.7
-25.7
-25.6
-25.5
-25.4
-25.3
-25.2
-25.1
-25.1
-25.0
-25.0
-24.9
-24.9
-24.9
-24.9
-24.9
-24.9
-24.9
-24.9
-24.9
-25.0
-25.0
-25.0
-25.0
-25.0
-25.0
-25.0
-25.1
-25.3
-25.5
-25.7
-25.9
-26.0
-26.0
-25.9
-25.8
-25.5
-25.2
-25.0
-24.7
-24.5
-24.3
-24.3
-24.3
-24.3
-24.2
-24.1
-24.1
-24.0
-24.0
-23.9
-23.9
-23.9
-23.9
-23.8
-23.7
-23.6
-23.4
-23.3
-23.1
-22.9
-22.7
-22.4
-22.1
-21.9
-21.7
-21.4
-21.2
-21.0
-20.9
-20.8
-20.7
-20.5
-20.4
-20.3
-20.3
-20.1
-20.0
-19.8
-19.7
-19.6
-19.6
-19.6
-19.5
-19.5
-19.4
-19.3
-19.2
-19.0
-18.9
-18.8
-18.7
-18.7
-18.7
-18.7
-18.7
-18.8
-18.9
-19.0
-19.0
-19.0
-19.1
-19.1
-19.1
-19.1
-19.0
-18.9
-18.9
-18.8
-18.8
-18.9
-19.0
-19.1
-19.2
-19.3
-19.3
-19.4
-19.4
-19.4
-19.4
-19.5
-19.5
-19.5
-19.6
-19.6
-19.6
-19.6
-19.6
-19.5
-19.5
-19.4
-19.4
-19.5
-19.5
-19.6
-19.7
-19.7
-19.7
-19.6
-19.5
-19.5
-19.3
-19.2
-19.0
-18.9
-18.9
-18.9
-18.9
-19.0
-19.1
-19.2
-19.3
-19.3
-19.4
-19.3
-19.3
-19.4
-19.3
-19.3
-19.3
-19.4
-19.4
-19.5
-19.5
-19.4
-19.3
-19.2
-19.2
-19.2
-19.2
-19.2
-19.3
-19.6
-19.8
-20.1
-20.3
-20.4
-20.6
-20.9
-21.2
-21.4
-21.5
-21.6
-21.7
-21.7
-21.7
-21.6
-21.5
-21.3
-21.1
-21.0
-20.9
-20.9
-20.8
-20.6
-20.4
-20.2
-20.0
-19.8
-19.6
-19.3
-19.1
-18.9
-18.8
-18.6
-18.3
-18.0
-17.7
-17.4
-17.1
-16.7
-16.3
-15.9
-15.6
-15.2
-14.8
-14.4
-14.1
-13.7
-13.3
-12.9
-12.4
-12.0
-11.5
-11.0
-10.5
-10.0
-9.6
-9.1
-8.7
-8.2
-7.7
-7.3
-6.9
-6.5
-6.2
-5.9
-5.6
-5.3
-5.0
-4.8
-4.5
-4.2
-3.9
-3.5
-3.2
-2.8
-2.4
-2.1
-1.8
-1.5
-1.3
-1.0
-0.8
-0.6
-0.5
-0.3
-0.1
0.1
0.2
0.4
0.5
0.5
0.5
0.5
0.5
0.4
0.3
0.2
0.2
0.2
0.2
0.3
0.2
0.2
0.1
0.0
-0.1
-0.3
-0.4
-0.5
-0.7
-0.8
-0.9
-0.9
-0.9
-1.0
-1.2
-1.3
-1.4
-1.4
-1.5
-1.6
-1.7
-1.8
-1.8
-1.9
-1.9
-2.0
-2.1
-2.1
-2.1
-2.1
-2.2
-2.3
-2.4
-2.4
-2.4
-2.5
-2.5
-2.6
-2.6
-2.7
-2.8
-2.9
-3.0
-3.2
-3.3
-3.4
-3.5
-3.5
-3.6
-3.6
-3.6
-3.7
-3.7
-3.8
-3.9
-4.1
-4.3
-4.5
-4.7
-4.9
-5.2
-5.3
-5.5
-5.5
-5.6
-5.6
-5.6
-5.6
-5.5
-5.5
-5.4
-5.3
-5.3
-5.3
-5.3
-5.2
-5.2
-5.2
-5.2
-5.3
-5.3
-5.3
-5.3
-5.4
-5.4
-5.4
-5.4
-5.5
-5.5
-5.6
-5.7
-5.8
-5.9
-6.0
-6.1
-6.2
-6.4
-6.5
-6.5
-6.6
-6.7
-6.7
-6.7
-6.7
-6.8
-6.8
-6.8
-6.9
-7.0
-7.1
-7.2
-7.4
-7.5
-7.7
-7.8
-7.9
-7.9
-8.0
-8.0
-8.0
-8.0
-8.0
-8.1
-8.1
-8.2
-8.3
-8.4
-8.6
-8.7
-8.8
-8.9
-9.0
-9.0
-9.0
-9.1
-9.1
-9.1
-9.2
-9.2
-9.1
-9.2
-9.2
-9.2
-9.2
-9.1
-9.1
-9.1
-9.0
-9.1
-9.1
-9.1
-9.1
-9.1
-9.2
-9.2
-9.2
-9.2
-9.2
-9.2
-9.3
-9.5
-9.8
-10.0
-10.2
-10.3
-10.5
-10.7
-10.9
-11.1
-11.3
-11.6
-11.9
-12.3
-12.8
-13.4
-13.9
-14.4
-14.9
-15.4
-16.0
-16.5
-17.0
-17.5
-18.0
-18.5
-19.0
-19.5
-20.0
-20.4
-20.7
-21.1
-21.4
-21.7
-21.9
-22.0
-22.2
-22.3
-22.3
-22.3
-22.3
-22.3
-22.3
-22.2
-22.1
-22.1
-22.0
-21.9
-21.8
-21.6
-21.5
-21.4
-21.3
-21.2
-21.1
-21.1
-21.1
-21.1
-21.1
-21.1
-21.1
-21.0
-20.9
-20.8
-20.7
-20.6
-20.4
-20.3
-20.2
-20.1
-20.0
-19.9
-19.9
-19.8
-19.8
-19.9
-19.9
-19.9
-19.9
-19.9
-19.9
-20.0
-20.0
-20.0
-19.9
-19.9
-19.8
-19.8
-19.7
-19.7
-19.6
-19.6
-19.6
-19.5
-19.5
-19.4
-19.4
-19.3
-19.3
-19.2
-19.2
-19.1
-19.0
-19.0
-19.0
-18.9
-18.9
-18.9
-18.8
-18.8
-18.7
-18.6
-18.5
-18.3
-18.2
-18.1
-18.0
-17.9
-17.8
-17.9
-18.0
-18.1
-18.1
-18.2
-18.2
-18.2
-18.1
-18.1
-18.0
-17.9
-17.8
-17.7
-17.6
-17.6
-17.6
-17.5
-17.5
-17.5
-17.5
-17.5
-17.5
-17.5
-17.4
-17.3
-17.2
-17.2
-17.0
-16.9
-16.8
-16.7
-16.7
-16.6
-16.5
-16.4
-16.3
-16.2
-16.1
-16.1
-16.0
-15.9
-15.9
-15.9
-15.8
-15.8
-15.7
-15.6
-15.5
-15.3
-15.2
-15.1
-15.0
-14.9
-14.8
-14.8
-14.8
-14.7
-14.6
-14.6
-14.6
-14.5
-14.4
-14.4
-14.3
-14.2
-14.1
-14.0
-13.8
-13.8
-13.7
-13.6
-13.5
-13.4
-13.4
-13.3
-13.3
-13.2
-13.2
-13.3
-13.5
-13.7
-14.0
-14.1
-14.3
-14.4
-14.5
-14.6
-14.6
-14.7
-14.9
-15.2
-15.6
-16.0
-16.5
-17.1
-17.6
-18.1
-18.6
-19.1
-19.5
-20.0
-20.4
-20.9
-21.4
-21.8
-22.2
-22.5
-22.9
-23.2
-23.6
-23.9
-24.2
-24.5
-24.7
-25.0
-25.4
-25.7
-26.0
-26.3
-26.6
-26.8
-27.1
-27.3
-27.4
-27.4
-27.4
-27.3
-27.2
-27.1
-26.9
-26.8
-26.7
-26.6
-26.5
-26.4
-26.3
-26.3
-26.2
-26.1
-25.9
-25.7
-25.5
-25.2
-24.9
-24.6
-24.3
-24.0
-23.7
-23.5
-23.2
-23.0
-22.7
-22.5
-22.3
-22.2
-22.0
-21.9
-21.8
-21.7
-21.6
-21.5
-21.4
-21.3
-21.2
-21.0
-20.8
-20.7
-20.5
-20.3
-20.1
-19.8
-19.6
-19.3
-19.1
-18.9
-18.7
-18.6
-18.4
-18.3
-18.3
-18.4
-18.4
-18.5
-18.4
-18.3
-18.2
-18.0
-17.9
-17.7
-17.4
-17.2
-17.1
-16.9
-16.7
-16.6
-16.4
-16.3
-16.2
-16.1
-15.9
-15.8
-15.6
-15.5
-15.3
-15.2
-15.0
-14.9
-14.8
-14.7
-14.6
-14.6
-14.6
-14.6
-14.5
-14.3
-14.2
-14.0
-13.9
-13.7
-13.6
-13.4
-13.3
-13.2
-13.1
-13.1
-13.0
-12.9
-12.9
-12.8
-12.8
-12.8
-12.7
-12.6
-12.5
-12.3
-12.2
-12.1
-12.0
-11.8
-11.7
-11.7
-11.7
-11.7
-11.7
-11.7
-11.7
-11.7
-11.7
-11.6
-11.5
-11.3
-11.3
-11.1
-11.0
-10.8
-10.7
-10.8
-10.8
-10.8
-10.9
-10.9
-10.9
-10.9
-10.8
-10.8
-10.7
-10.6
-10.5
-10.5
-10.4
-10.3
-10.1
-10.0
-9.9
-9.8
-9.6
-9.5
-9.4
-9.3
-9.2
-9.1
-9.2
-9.3
-9.5
-9.6
-9.5
-9.5
-9.6
-9.7
-9.7
-9.8
-9.9
-10.1
-10.3
-10.7
-11.2
-11.7
-12.1
-12.6
-13.1
-13.6
-14.0
-14.4
-14.8
-15.1
-15.4
-15.6
-15.6
-15.7
-15.9
-16.0
-16.1
-16.2
-16.2
-16.2
-16.2
-16.2
-16.2
-16.2
-16.3
-16.4
-16.5
-16.6
-16.6
-16.6
-16.6
-16.6
-16.5
-16.5
-16.4
-16.5
-16.6
-16.9
-17.1
-17.3
-17.4
-17.5
-17.6
-17.6
-17.6
-17.7
-17.7
-17.8
-17.9
-18.0
-18.2
-18.4
-18.5
-18.6
-18.7
-18.7
-18.9
-19.1
-19.2
-19.4
-19.5
-19.6
-19.7
-19.8
-19.8
-19.7
-19.5
-19.4
-19.3
-19.3
-19.3
-19.3
-19.3
-19.4
-19.5
-19.6
-19.6
-19.6
-19.6
-19.6
-19.6
-19.6
-19.6
-19.7
-19.8
-19.9
-20.0
-20.0
-20.0
-20.0
-20.0
-20.0
-19.9
-19.9
-19.9
-19.9
-19.8
-19.7
-19.7
-19.6
-19.5
-19.4
-19.3
-19.2
-19.1
-19.0
-19.0
-19.0
-19.0
-19.1
-19.0
-19.0
-19.0
-18.8
-18.7
-18.5
-18.4
-18.1
-17.9
-17.6
-17.4
-17.2
-17.0
-16.8
-16.6
-16.5
-16.3
-16.2
-16.0
-15.8
-15.6
-15.4
-15.1
-14.8
-14.5
-14.1
-13.9
-13.6
-13.3
-13.1
-12.8
-12.7
-12.6
-12.4
-12.3
-12.1
-11.8
-11.6
-11.3
-11.0
-10.6
-10.3
-10.0
-9.7
-9.5
-9.3
-9.1
-8.9
-8.6
-8.4
-8.2
-8.0
-7.8
-7.6
-7.5
-7.4
-7.2
-7.2
-7.2
-7.2
-7.2
-7.3
-7.4
-7.5
-7.6
-7.7
-7.7
-7.6
-7.5
-7.4
-7.3
-7.2
-7.2
-7.3
-7.4
-7.6
-7.7
-8.0
-8.1
-8.2
-8.2
-8.3
-8.2
-8.2
-8.1
-8.1
-8.0
-7.9
-7.7
-7.6
-7.5
-7.4
-7.3
-7.1
-7.0
-7.0
-7.0
-7.0
-7.1
-7.1
-7.1
-7.0
-7.1
-7.1
-7.0
-7.0
-6.9
-6.7
-6.6
-6.5
-6.5
-6.5
-6.5
-6.6
-6.7
-6.8
-6.9
-7.0
-6.9
-6.8
-6.5
-6.3
-6.1
-5.9
-5.8
-5.7
-5.6
-5.6
-5.7
-5.8
-5.8
-5.9
-5.9
-5.9
-5.8
-5.8
-5.7
-5.6
-5.6
-5.5
-5.5
-5.5
-5.5
-5.6
-5.7
-5.8
-5.9
-6.0
-6.1
-6.0
-6.0
-5.9
-5.9
-5.9
-5.8
-5.8
-5.8
-5.9
-6.1
-6.4
-6.7
-7.1
-7.5
-7.9
-8.3
-8.7
-9.0
-9.2
-9.4
-9.5
-9.6
-9.8
-9.9
-10.1
-10.3
-10.5
-10.8
-11.0
-11.3
-11.4
-11.5
-11.5
-11.5
-11.5
-11.6
-11.6
-11.7
-11.7
-11.7
-11.7
-11.8
-11.8
-11.7
-11.6
-11.5
-11.3
-11.2
-11.2
-11.1
-11.0
-10.9
-10.8
-10.8
-10.7
-10.6
-10.5
-10.3
-10.2
-10.1
-10.0
-9.9
-9.9
-9.8
-9.8
-9.8
-9.7
-9.6
-9.6
-9.6
-9.6
-9.4
-9.3
-9.3
-9.3
-9.3
-9.3
-9.2
-9.1
-9.0
-8.9
-8.8
-8.7
-8.7
-8.6
-8.6
-8.6
-8.6
-8.5
-8.5
-8.5
-8.5
-8.4
-8.3
-8.3
-8.1
-8.0
-7.8
-7.7
-7.5
-7.3
-7.2
-7.1
-7.0
-7.0
-6.9
-6.9
-6.9
-7.0
-7.0
-7.0
-6.9
-6.8
-6.8
-6.7
-6.6
-6.4
-6.2
-6.1
-5.9
-5.8
-5.7
-5.6
-5.6
-5.6
-5.5
-5.5
-5.4
-5.4
-5.4
-5.5
-5.5
-5.6
-5.6
-5.5
-5.4
-5.4
-5.3
-5.2
-5.1
-5.0
-4.9
-4.8
-4.8
-4.7
-4.6
-4.4
-4.3
-4.3
-4.3
-4.3
-4.4
-4.6
-4.7
-4.9
-4.9
-5.0
-5.1
-5.0
-4.9
-4.8
-4.7
-4.6
-4.5
-4.4
-4.5
-4.6
-4.8
-5.0
-5.3
-5.5
-5.7
-5.7
-5.7
-5.7
-5.6
-5.6
-5.6
-5.8
-6.0
-6.3
-6.6
-6.8
-6.8
-6.8
-6.7
-6.6
-6.5
-6.3
-6.1
-6.0
-6.0
-6.1
-6.1
-6.1
-6.2
-6.3
-6.3
-6.2
-6.1
-6.0
-6.0
-6.0
-6.0
-5.9
-5.9
-6.0
-6.1
-6.2
-6.2
-6.2
-6.1
-6.0
-5.8
-5.6
-5.5
-5.4
-5.4
-5.3
-5.3
-5.3
-5.4
-5.4
-5.3
-5.2
-5.1
-5.0
-5.0
-4.9
-4.8
-4.7
-4.6
-4.5
-4.5
-4.4
-4.3
-4.3
-4.2
-4.0
-3.8
-3.7
-3.5
-3.4
-3.2
-3.0
-2.9
-2.8
-2.8
-2.8
-2.8
-2.7
-2.8
-2.8
-2.9
-3.0
-3.0
-2.9
-2.9
-2.9
-2.8
-2.7
-2.6
-2.4
-2.2
-2.1
-2.1
-2.1
-2.2
-2.2
-2.2
-2.3
-2.4
-2.4
-2.4
-2.3
-2.2
-2.1
-1.9
-1.8
-1.9
-1.9
-1.9
-1.8
-1.7
-1.6
-1.5
-1.5
-1.4
-1.4
-1.3
-1.3
-1.5
-1.7
-1.9
-2.0
-1.9
-1.8
-1.7
-1.4
-1.2
-0.8
-0.5
-0.2
-0.1
-0.1
-0.3
-0.5
-0.8
-1.1
-1.4
-1.4
-1.3
-1.0
-0.6
-0.1
0.3
0.9
1.5
2.0
2.5
2.8
3.1
3.5
3.8
4.2
4.6
5.0
5.5
6.0
6.4
6.9
7.4
7.8
8.2
8.7
9.1
9.5
9.8
10.1
10.5
10.8
11.1
11.2
11.4
11.6
11.7
11.8
11.7
11.6
11.5
11.4
11.3
11.1
10.9
10.6
10.5
10.4
10.4
10.5
10.6
10.7
10.8
10.8
10.8
10.8
10.8
10.7
10.5
10.4
10.4
10.4
10.4
10.4
10.4
10.4
10.4
10.4
10.4
10.4
10.3
10.2
10.2
10.2
10.2
10.1
10.0
10.1
10.2
10.2
10.3
10.3
10.3
10.4
10.4
10.5
10.5
10.6
10.7
10.9
11.1
11.2
11.3
11.4
11.4
11.4
11.4
11.3
11.3
11.1
11.0
10.9
10.8
10.8
10.6
10.4
10.3
10.2
10.2
10.2
10.1
10.1
10.2
10.2
10.3
10.3
10.3
10.2
10.1
10.0
9.9
9.8
9.7
9.6
9.5
9.3
9.2
9.0
9.0
8.9
8.8
8.6
8.6
8.5
8.5
8.3
8.2
8.1
8.0
7.9
7.8
7.8
7.7
7.7
7.8
7.8
7.8
7.8
7.7
7.5
7.4
7.2
7.0
6.9
6.9
6.8
6.7
6.7
6.9
7.0
7.2
7.4
7.6
7.9
8.2
8.5
8.9
9.2
9.5
9.9
10.3
10.7
11.0
11.3
11.4
11.6
11.7
11.8
12.1
12.2
12.3
12.5
12.7
13.1
13.5
13.8
14.0
14.2
14.2
14.1
13.9
13.7
13.4
13.1
12.9
12.8
12.7
12.7
12.7
12.8
12.8
12.8
12.6
12.3
12.0
11.8
11.8
11.7
11.6
11.5
11.5
11.5
11.4
11.3
11.2
11.1
11.0
11.0
10.9
10.9
10.9
11.0
11.1
11.1
11.1
11.0
10.8
10.5
10.3
10.0
9.8
9.6
9.4
9.4
9.4
9.5
9.7
9.7
9.8
9.8
9.9
9.9
9.7
9.6
9.5
9.5
9.5
9.5
9.6
9.6
9.6
9.7
9.8
9.9
10.0
10.0
10.0
9.9
10.0
10.1
10.2
10.2
10.3
10.3
10.3
10.2
10.2
10.2
10.1
10.2
10.3
10.4
10.6
10.7
10.9
10.9
11.0
10.9
10.7
10.5
10.3
10.2
10.1
10.1
10.0
10.0
10.0
10.1
10.1
10.3
10.3
10.3
10.3
10.2
10.1
10.1
9.9
9.8
9.7
9.6
9.6
9.5
9.3
9.2
9.1
9.0
8.9
8.7
8.6
8.4
8.2
8.1
7.8
7.5
7.2
6.9
6.5
6.3
6.1
6.1
6.2
6.2
6.2
6.3
6.3
6.4
6.3
6.3
6.3
6.2
6.2
6.2
6.2
6.2
6.2
6.1
6.1
6.0
6.0
5.9
5.9
5.8
5.8
5.9
5.9
5.9
5.9
5.9
5.8
5.8
5.7
5.6
5.5
5.4
5.3
5.2
5.1
5.1
5.0
4.9
4.8
4.8
4.7
4.6
4.4
4.4
4.3
4.4
4.5
4.5
4.6
4.7
4.7
4.8
4.8
4.9
4.9
5.0
5.0
5.1
5.1
5.2
5.2
5.1
5.0
4.8
4.6
4.5
4.4
4.6
4.8
5.1
5.5
6.0
6.5
7.0
7.4
7.8
8.0
8.3
8.5
8.7
8.8
8.9
9.1
9.4
9.7
10.0
10.2
10.5
10.8
11.1
11.4
11.6
11.8
11.9
11.9
11.8
11.8
11.7
11.6
11.5
11.4
11.3
11.3
11.3
11.4
11.4
11.5
11.4
11.3
11.2
11.1
11.0
11.0
11.1
11.1
11.3
11.4
11.5
11.5
11.4
11.3
11.2
11.1
11.0
11.0
11.0
11.0
11.1
11.1
11.1
11.1
11.0
10.8
10.7
10.6
10.5
10.4
10.3
10.3
10.2
10.1
10.0
9.9
9.8
9.8
9.7
9.6
9.4
9.3
9.2
9.1
9.0
8.9
8.8
8.6
8.5
8.4
8.3
8.1
8.0
7.9
7.7
7.5
7.4
7.3
7.1
7.0
6.7
6.4
6.1
5.8
5.6
5.4
5.2
5.1
4.9
4.7
4.5
4.5
4.4
4.3
4.0
3.8
3.7
3.7
3.7
3.8
3.8
3.9
3.9
3.9
4.0
3.9
3.8
3.7
3.6
3.6
3.6
3.7
3.7
3.9
4.1
4.3
4.4
4.5
4.5
4.4
4.4
4.3
4.3
4.2
4.1
4.0
4.0
4.0
3.9
3.9
3.8
3.7
3.7
3.7
3.7
3.6
3.6
3.7
3.7
3.7
3.7
3.7
3.7
3.7
3.7
3.6
3.5
3.5
3.4
3.3
3.2
3.0
2.9
3.0
3.1
3.2
3.3
3.4
3.5
3.6
3.6
3.7
3.6
3.6
3.6
3.6
3.6
3.7
3.8
3.9
4.0
4.0
4.1
4.1
4.0
4.0
4.0
4.1
4.2
4.4
4.5
4.6
4.8
5.0
5.2
5.3
5.5
5.5
5.6
5.6
5.7
5.7
5.8
5.8
5.9
5.9
5.9
5.9
5.9
6.0
6.0
6.0
6.0
5.9
5.9
6.0
6.0
6.0
6.1
6.2
6.2
