-1.6
-2.1
-2.0
-3.0
-3.0
-0.5
-1.3
-1.0
-1.7
-2.3
-2.4
-2.2
-1.1
-0.3
0.3
-1.5
-1.6
-1.4
-1.7
-0.8
-2.0
-0.3
-0.5
-0.3
-0.9
-0.6
-2.1
-0.9
-0.5
-0.2
-0.7
-0.5
-0.7
-0.6
-0.8
0.3
0.3
0.4
0.2
-0.1
-0.4
-1.7
-2.0
-1.9
-2.8
-2.3
-2.2
-2.2
-1.6
-2.2
-0.9
-2.0
-1.6
-2.3
-2.2
-3.0
-2.0
-2.3
-1.9
-2.6
-2.8
-3.0
-2.0
-3.0
-1.8
-1.8
-1.4
-1.8
-1.3
-1.0
0.1
-0.4
-1.2
-1.4
-2.2
-1.5
-0.9
-1.2
-2.1
-2.9
-2.3
-1.1
-1.1
-2.0
-2.7
-2.4
-2.1
-1.7
-1.1
-1.2
-0.9
-0.2
-0.5
-0.4
-0.6
-1.8
-2.5
-2.5
-2.9
-1.8
-0.7
-0.7
-1.5
-0.9
-1.7
-0.9
-0.9
-2.4
-1.9
-0.6
-1.0
-0.1
-0.3
-0.6
-0.8
-1.2
-2.0
-1.9
-1.6
-2.9
-2.1
-1.5
-1.1
-1.2
-2.3
-2.0
-1.5
-2.5
-2.7
-3.1
-2.4
-2.4
-2.3
-2.1
-2.2
-2.2
-1.2
-1.4
-0.9
-0.8
-0.5
-0.3
-0.7
-1.2
-1.7
-3.5
-2.9
-2.2
-2.7
-1.8
-1.9
-1.5
-1.2
-2.2
-2.6
-2.1
-2.7
-1.5
-1.4
-1.7
-2.2
-2.3
-2.5
-2.6
-1.6
-3.0
-0.5
-2.1
-1.7
-1.2
-2.8
-3.1
-3.5
-3.2
-2.3
-3.5
-3.3
-2.9
-1.8
-2.8
-2.4
-1.8
-2.2
-2.3
-2.4
-2.4
-2.4
-3.6
-3.1
-2.9
-2.4
-2.9
-2.2
-1.2
-2.0
-1.9
-2.7
-2.3
-2.5
-2.9
-2.7
-3.2
-3.2
-4.1
-3.3
-3.1
-2.4
-3.4
-2.7
-1.9
-2.9
-2.9
-3.1
-2.1
-2.0
-2.1
-2.4
-1.2
-2.6
-1.9
-3.1
-2.8
-2.3
-2.8
-1.9
-1.0
-0.9
-0.8
-2.1
-2.7
-1.9
-1.6
-1.9
-2.8
-3.3
-3.9
-2.2
-1.7
-2.2
-1.3
-1.3
-0.6
-1.5
-1.9
-1.4
-1.6
-0.9
-0.6
-0.7
-0.6
-0.3
-0.1
-0.3
-0.1
-1.4
-2.5
-1.9
-1.0
-1.3
-0.9
-1.4
-0.7
-0.8
-0.4
-1.1
-0.2
-2.5
-2.4
-3.7
-3.1
-4.3
-4.2
-3.4
-2.5
-1.8
-0.7
-1.2
-2.8
-2.9
-3.5
-4.1
-4.1
-3.6
-2.6
-3.3
-3.1
-4.6
-3.4
-3.8
-2.8
-1.6
-1.8
-1.2
-1.7
-2.7
-2.2
-2.6
-2.8
-2.5
-2.6
-0.8
-1.3
-1.7
-1.6
-1.5
-1.4
-2.6
-2.7
-4.3
-2.7
-2.6
-2.9
-1.1
-1.0
0.4
-0.4
-1.6
-1.6
-1.5
-2.6
-2.4
-2.1
-1.8
-0.8
-1.0
-0.8
-1.1
-2.4
-2.2
-1.5
-0.7
-1.0
-0.9
-0.9
-0.9
-0.7
-1.5
-2.2
-1.2
-2.0
-1.4
-2.9
-3.4
-2.7
-2.0
-1.8
-1.6
-1.4
-0.8
-1.4
-2.0
-2.7
-3.1
-3.5
-2.9
-1.7
-2.0
-1.8
-2.5
-2.3
-2.2
-3.8
-3.7
-2.5
-2.2
-1.2
-2.2
-1.7
-1.6
-1.9
-2.0
-1.6
-1.0
-1.2
-2.3
-1.8
-2.0
-2.5
-2.4
-1.8
-0.9
-1.2
-1.6
-2.5
-1.8
-0.6
-0.8
-0.8
-2.2
-2.0
-2.1
-2.1
-2.0
-2.2
-3.0
-2.6
-2.0
-1.8
-2.9
-2.8
-2.2
-2.0
-1.5
-1.9
-2.8
-2.7
-2.7
-1.9
-1.5
-1.4
-1.9
-1.8
-1.9
-2.4
-1.0
-1.8
-0.9
-1.3
-1.9
-1.4
-2.0
-2.3
-1.9
-2.1
-2.9
-1.8
-1.9
-0.7
-1.0
0.4
-0.2
0.1
-0.6
-1.2
-1.9
-1.7
-1.3
-0.4
-1.0
-1.0
-2.2
-2.7
-2.7
-2.4
-1.7
-2.4
-2.0
-1.2
-1.2
-1.2
-1.2
-1.9
-3.6
-3.2
-1.9
-2.0
-2.4
-2.5
-2.1
-1.0
-1.6
-1.7
-0.8
-2.6
-1.8
-2.5
-2.1
-1.6
-2.5
-1.5
-1.9
-1.5
-1.5
-1.4
-1.0
-0.8
-0.8
-0.9
-1.5
-2.0
-1.5
-2.0
-1.2
-1.3
-2.0
-1.9
-1.3
-0.6
-0.1
-0.4
-1.2
-1.1
-1.1
-1.1
-1.2
-1.0
-1.3
-1.7
-1.8
-1.2
-1.1
-0.5
-1.2
-1.5
-1.5
-1.8
-1.4
-1.2
-1.3
-1.0
-0.4
-0.5
-1.1
-1.2
-1.9
-1.7
-2.2
-1.7
-2.8
-2.4
-2.0
-1.2
-1.0
-0.6
-1.3
-1.0
-1.1
-0.4
-0.3
0.3
-0.2
-0.7
-1.5
-2.5
-1.4
-0.4
-0.1
-1.6
-1.8
-1.4
0.3
-0.5
-0.5
-1.2
-1.2
-1.5
-1.2
-1.1
-0.9
-0.7
-0.5
-0.5
0.0
-0.8
-1.2
-0.9
-0.8
0.0
-0.6
-0.1
-0.6
-0.5
-0.3
-0.1
-0.2
-1.0
-1.5
-1.5
-0.6
-0.1
-0.4
-0.2
-1.4
-1.0
-0.4
-0.8
-0.2
-0.2
-0.6
-0.5
-1.0
-0.9
-1.5
-1.6
-2.1
-0.5
-1.4
-1.3
-1.5
-2.0
-2.1
-2.6
-0.3
-1.3
-1.5
-2.7
-1.6
-1.1
-1.4
-1.7
-1.0
-1.2
-1.5
-1.7
-1.1
-2.2
-1.5
0.0
0.1
-0.1
-1.2
-1.5
-0.6
-0.7
-1.1
-1.8
-1.8
-1.0
-0.3
-0.2
0.1
-0.5
0.6
0.5
-0.3
0.0
0.0
-1.1
-2.2
-1.8
-0.2
1.0
0.7
0.6
0.9
0.5
-0.7
-1.0
-0.5
-0.6
-0.6
0.0
1.5
1.5
1.9
2.1
1.2
-0.5
-2.0
-2.4
-0.6
-1.3
0.1
0.9
1.8
2.2
2.0
1.3
0.3
-0.8
-2.2
-2.8
-2.0
-0.5
-1.2
-1.6
-2.5
-0.6
-0.9
-1.7
-2.6
-2.6
-2.5
-1.3
-1.0
-0.7
-1.0
-1.3
-0.8
-0.3
-1.2
-2.2
-1.8
-1.9
-0.2
-0.3
-0.3
-0.1
0.3
0.2
-0.3
-1.4
-0.6
0.0
0.2
-0.3
0.0
-0.6
-0.1
-0.9
-1.2
-0.7
-0.4
0.0
-0.6
-1.7
-1.0
-0.6
-0.2
-1.5
-2.1
-0.6
-1.1
-1.7
-0.6
-1.0
-0.2
-0.4
-1.1
-0.8
-1.1
-1.1
-1.1
-0.5
-0.3
-1.4
-1.2
-0.3
-0.3
-0.4
-1.5
-1.9
-0.9
-0.8
-1.6
-2.0
-1.5
-1.1
-0.1
0.0
-0.6
0.0
-0.2
0.0
0.2
0.0
0.0
-0.1
-0.4
-1.0
-1.2
-1.0
-0.5
-0.7
-1.3
-0.9
0.3
0.1
-0.1
-0.6
-0.3
-0.6
-1.1
-0.6
-0.8
-0.1
-1.6
-1.2
-1.0
-0.1
-0.3
-0.4
0.0
-0.6
-0.7
-0.9
-2.3
-2.1
-1.4
-1.7
-1.6
-1.0
-1.7
-1.5
-1.4
-0.2
0.0
-0.6
-1.6
-2.0
-2.0
-1.7
-1.4
-1.3
-1.4
-2.2
-1.8
-1.3
-0.6
-0.8
-0.9
-0.7
0.4
0.4
0.2
-0.1
-0.3
-0.7
-0.2
-1.0
0.0
1.0
0.3
1.0
-0.5
-1.6
-0.9
-0.4
0.0
0.2
0.4
0.1
1.4
0.0
0.6
-0.3
-1.0
-0.8
-1.0
-1.1
-0.2
-1.3
-0.8
-0.6
-1.6
-0.8
-1.6
-0.9
-0.6
-0.8
-0.8
-1.1
-0.9
-1.3
-1.3
-3.2
-1.8
-1.3
-1.0
-0.8
-1.5
-1.8
-1.6
-2.6
-1.8
-2.2
-2.6
-2.5
-2.1
-1.7
-2.1
-2.9
-1.9
-1.8
-2.3
-1.7
-1.2
-1.3
-1.5
-1.9
-1.3
-1.0
-1.9
-1.7
-1.7
-1.7
-1.0
-0.6
-0.8
-0.5
-0.1
0.1
-0.2
-1.2
-1.7
-2.2
-2.1
-0.9
-0.8
-1.5
-2.0
-2.6
-1.4
-1.6
-1.8
-1.4
-1.7
-1.2
-1.4
-1.2
-1.6
-1.9
-2.1
-2.6
-2.3
-2.3
-1.9
-1.5
-2.0
-1.4
-1.5
-2.1
-2.1
-1.8
-1.1
-1.8
-1.6
-1.5
-1.5
-1.2
-0.9
-0.8
-1.0
-0.4
-0.3
-0.9
-1.6
-1.0
-1.1
-0.5
-1.2
-0.8
-0.6
-1.9
-1.8
-2.9
-1.8
-1.7
-1.6
-0.9
-0.3
-0.6
-0.8
0.3
-0.5
-0.5
-1.2
-1.4
-0.6
0.6
0.6
-0.6
-1.1
-1.5
-2.0
-1.7
-2.2
-0.1
0.4
0.2
0.6
0.6
0.8
0.4
0.4
0.0
0.1
-0.2
0.1
-0.2
-0.4
-1.2
-0.3
-1.1
-0.3
0.8
0.2
-0.7
-0.7
-0.6
-1.1
0.0
-0.9
0.8
-0.4
-0.7
-1.6
-0.9
-1.3
-1.5
-0.8
-0.9
-1.3
-1.0
-0.2
-0.6
0.4
-1.6
-0.9
-1.8
-1.9
-1.6
-0.3
0.2
0.0
0.0
0.2
1.3
1.0
0.8
-0.4
-1.0
-1.0
-0.2
-1.2
-1.0
-0.6
0.0
-0.1
-0.8
-0.4
0.3
0.2
1.0
0.0
1.1
-0.3
-0.4
-0.8
-1.0
-0.9
-0.3
0.2
0.8
-0.7
-0.9
-0.3
0.0
-0.3
-0.3
-1.4
0.5
0.1
0.3
0.9
1.0
0.8
0.8
0.9
1.2
1.9
0.8
-0.8
-0.4
-0.8
-0.1
-0.6
-0.2
-0.7
-0.8
-2.2
-2.5
-1.7
-0.6
-0.5
-0.6
-1.1
-1.9
-1.4
-0.9
-1.7
-0.9
-2.3
-0.8
-0.3
-0.8
-0.3
-0.6
-0.5
0.1
-0.7
-0.4
0.0
-1.1
-1.5
-2.1
-2.0
-1.6
-2.2
-1.6
-1.1
-0.7
-0.6
-0.6
-1.6
-1.5
-1.8
-0.8
-1.0
-0.5
0.2
0.5
-0.2
-0.5
-0.8
-0.1
-1.5
-1.0
0.0
-0.3
0.0
0.3
0.3
0.8
-0.2
-0.7
-0.6
-0.5
-2.0
-0.7
-1.1
-0.6
-0.6
-1.7
-1.2
-2.3
-2.5
-2.3
-1.2
0.2
-0.4
-1.3
-1.2
-1.2
-2.0
-2.4
-2.7
-2.3
-2.5
-1.7
-0.9
0.5
-0.4
-0.8
-1.0
-1.2
-0.5
-2.2
-1.2
-1.8
-0.8
0.0
1.0
1.5
2.1
0.6
0.9
0.1
-0.9
-0.3
-0.4
-0.9
0.1
-0.5
-0.1
0.2
0.0
0.3
0.0
-1.7
-1.0
-0.9
-0.2
0.7
0.0
-0.7
-0.9
-1.3
-1.9
-1.4
-1.5
-0.9
-0.9
-1.1
-2.1
-2.0
-2.4
-1.2
-1.6
-1.3
-0.8
-0.6
-0.6
-1.5
-2.8
-3.4
-5.0
-3.4
-2.3
-1.3
-0.3
-0.8
-1.6
-4.3
-5.5
-5.8
-4.7
-2.2
-0.4
0.9
1.2
1.5
3.1
1.7
0.0
-1.4
-2.9
-3.7
-3.9
-2.9
-2.7
-0.7
-1.5
-0.7
-1.5
-1.1
-1.5
-1.5
-2.2
-1.5
-1.0
-1.8
-1.5
-1.6
-0.3
-0.8
-0.8
-0.6
0.1
0.0
0.0
0.0
0.5
0.5
-0.2
0.0
-0.5
0.0
-0.5
0.4
0.0
-0.5
-0.6
-2.2
-1.7
-1.5
-0.1
-0.1
-0.4
-0.7
0.1
-0.3
-0.7
-0.7
-2.0
-2.0
-2.1
-2.3
-0.9
-1.0
0.0
-0.1
-0.9
-1.1
-1.4
-0.9
-1.3
-1.9
-2.1
-2.2
-2.3
-2.1
-1.7
-1.0
-0.8
-0.5
-1.7
-1.8
-2.0
-1.2
-1.3
-0.9
-0.4
-0.3
-0.4
-1.3
-1.2
-2.1
-1.3
-0.7
-0.2
-0.4
-2.5
-2.7
-1.0
-0.3
-0.5
-1.5
-2.1
-1.5
-0.7
-0.2
-0.9
0.0
-1.0
-0.3
0.5
0.6
0.3
-0.4
-0.8
-0.5
0.0
-0.1
-0.8
-0.7
-2.4
-2.0
-1.1
-0.2
-0.5
-1.2
-2.0
0.1
-0.3
-0.2
-0.6
-0.6
-0.7
-0.6
0.0
-0.3
-0.5
-0.8
-0.8
-0.9
-0.2
-1.3
-0.9
-0.6
-1.1
-1.2
-1.0
-1.9
-1.7
-1.1
-1.3
-0.7
-0.6
-1.0
-0.8
-0.4
-1.4
-1.3
-2.1
-2.0
-1.6
-2.3
-2.2
-3.0
-2.4
-2.0
-1.4
-1.3
-1.5
-2.1
-2.4
-2.6
-1.9
-2.4
-2.1
-1.8
-1.5
-1.8
-1.7
-1.4
-1.2
-1.5
-1.5
-1.9
-0.8
-1.2
-1.2
-0.9
-1.4
-2.3
-2.2
-2.0
-1.0
-0.3
-1.0
-1.0
-1.2
-1.8
-1.7
-1.5
-0.4
-0.8
-0.2
-1.7
-1.1
-1.4
-1.4
-2.4
-2.2
-2.2
-3.3
-3.1
-3.5
-2.0
-1.2
-0.6
-0.8
-0.4
-0.8
-1.0
-0.6
-1.3
-1.2
-1.7
-2.7
-3.2
-1.5
-0.9
-0.3
-1.2
-1.6
-2.3
-1.6
-1.1
-0.9
-1.8
-1.3
-1.5
-0.6
0.0
-1.0
-0.3
-0.6
-1.7
-0.6
-1.0
-0.8
-0.7
-0.9
-1.5
0.6
-0.5
-0.7
-1.6
-2.4
-1.4
-1.6
-2.1
-2.1
-1.9
-2.8
-2.6
-2.9
-2.3
-1.3
-1.5
-1.8
-2.0
-2.2
-2.5
-2.6
-2.5
-2.2
-2.5
-2.3
-1.7
-1.2
-1.1
-1.8
-1.9
-2.4
-2.9
-2.0
-1.8
-1.3
-1.6
-0.3
-0.6
-1.6
-2.4
-2.7
-1.8
-0.7
-0.9
-1.7
-1.7
-1.2
-0.5
-1.6
-2.3
-2.3
-1.5
-0.9
-0.7
-0.8
0.0
-1.0
-1.1
-1.2
-1.7
0.0
1.3
0.9
1.0
-0.1
-1.5
-1.1
-1.4
-0.4
0.1
0.3
-0.2
0.1
1.1
0.3
0.8
0.0
0.0
-0.8
-1.3
-1.1
-0.4
0.2
-1.9
-1.0
-0.5
0.6
1.4
0.4
-0.3
0.0
0.2
-0.4
0.0
-1.5
-0.5
0.1
0.4
-0.1
0.3
-1.3
-0.9
-1.2
-1.3
-0.1
-0.3
-0.2
-1.1
-0.6
-1.7
-0.8
-2.2
-1.5
-1.4
-1.5
-1.4
-1.8
-1.9
-1.5
-1.7
-1.7
-1.5
-1.8
0.0
-0.1
-0.1
-0.6
-0.6
-0.6
-1.2
-0.7
0.3
-0.3
-0.1
-1.7
-1.2
-1.2
-0.7
0.2
-0.2
-0.3
-1.2
-1.2
-2.1
0.5
0.9
0.4
-0.3
-1.4
-0.6
-0.8
-1.0
0.0
0.0
0.2
-0.3
-0.7
-0.4
0.8
1.6
1.4
0.3
-0.7
-0.6
-0.7
0.0
-0.3
0.0
1.0
0.6
0.7
-0.3
-0.2
-0.9
-1.1
-0.4
-1.0
-0.8
-1.7
-1.9
-2.5
-2.9
-1.8
0.0
-0.5
-1.0
-1.5
-2.4
-1.7
-2.2
-1.3
-0.6
-1.8
-1.3
-2.1
-2.2
-2.1
-1.3
-0.8
-2.3
-3.1
-2.9
-2.3
-0.4
0.6
0.4
1.3
0.1
-0.2
-0.3
-0.8
-1.1
-2.0
-2.1
-1.5
-1.5
-1.2
-1.0
-0.2
-1.2
0.0
-0.6
-0.4
0.0
-0.7
-0.4
-1.0
-0.6
-0.5
-1.6
-1.7
-0.6
0.8
1.5
0.7
-0.5
0.5
-0.4
-0.1
-0.5
-0.8
-0.8
-0.5
-1.0
0.0
-0.7
-1.1
-1.1
-0.4
-1.0
-1.3
-0.4
-1.2
-1.0
-2.1
-1.6
-0.3
-0.1
0.1
0.0
0.5
0.2
0.5
0.3
-1.0
-1.3
-1.0
-0.5
-0.4
0.0
-0.3
-1.1
-1.6
-1.2
-0.9
-1.8
-1.9
-0.6
0.4
0.0
-0.3
-0.2
-0.5
-0.3
-0.5
-0.8
-1.7
-0.8
-1.5
-1.6
-1.7
-1.8
-1.4
-1.2
-0.6
-0.6
-2.0
-2.5
-2.7
-2.9
-2.5
-2.9
-2.7
-2.2
-1.8
-1.3
-1.1
-1.7
-1.7
-1.7
-2.0
-2.8
-2.5
-1.5
-1.9
-1.5
-1.7
-2.2
-1.2
-1.9
-2.5
-1.3
-1.8
-1.6
-1.9
-1.5
-2.1
-0.5
-1.3
-0.3
-1.1
-0.9
-0.9
-1.1
-2.0
-2.4
-1.3
-0.6
-0.6
-0.6
-1.1
-0.3
-0.5
-1.1
-2.5
-1.7
-2.1
-1.0
-1.5
0.0
-0.4
-0.6
0.0
-0.9
-0.8
-0.4
-0.9
0.0
-0.3
0.1
0.5
-1.5
-2.0
-1.2
-0.2
0.6
0.4
1.5
0.6
0.1
-0.9
-0.6
-0.6
-0.7
-0.4
-0.1
0.1
0.4
0.4
1.0
-0.1
0.3
0.0
0.2
-0.1
0.0
1.0
0.3
0.4
-1.0
0.3
-1.0
0.1
-0.4
-0.7
0.2
-0.5
-0.8
-1.0
-1.9
-1.3
-0.9
-0.5
-0.2
0.9
-0.4
0.6
-0.4
0.8
0.6
-0.6
-0.7
-0.5
-1.0
-1.8
-2.3
-2.6
-1.1
-0.1
1.0
1.1
0.6
-0.5
0.3
1.0
0.1
-0.9
-0.5
1.1
-0.9
0.6
0.0
1.0
1.0
0.8
1.5
2.2
1.4
1.5
1.3
0.5
-0.1
-0.3
0.8
0.1
-0.3
0.0
0.0
0.7
0.6
-0.3
0.0
0.2
0.3
0.5
0.7
-1.3
-2.4
-3.7
-3.7
-2.5
-1.0
-0.2
-0.8
-1.9
-2.2
-3.1
-2.7
-2.9
-2.6
-1.8
-1.3
-1.5
-1.2
-2.3
-0.9
-0.6
-0.6
-1.3
-2.1
-0.8
-0.5
0.0
0.6
-0.1
0.1
-0.5
0.2
0.1
0.2
0.0
-0.4
-2.0
-1.8
-2.0
-1.0
-0.4
-0.8
-1.2
-0.5
-0.8
-0.8
-0.5
-0.9
-0.7
-0.5
-0.4
-0.4
-1.1
-2.0
-1.8
-0.3
-0.1
-0.3
-1.1
-1.1
-0.8
-0.9
-1.1
0.2
-1.3
-0.6
-1.2
-2.0
-2.3
-1.5
-1.0
0.0
-0.2
-2.7
-2.4
-1.2
-0.3
-1.0
-2.0
-0.5
-0.8
-1.0
-2.2
-2.3
-0.3
-2.2
-2.3
-1.8
-2.0
-0.7
-0.8
-0.3
-1.0
-1.5
-1.1
-1.1
-1.2
-2.2
-1.4
-0.7
-0.7
-1.2
0.0
-0.5
-0.3
-0.5
-1.3
-0.1
-1.1
-1.1
-0.8
-1.0
-0.3
-0.8
0.4
-0.1
-0.6
-0.5
-0.4
-0.3
-1.5
-0.8
-0.9
-0.3
-1.6
-0.4
-0.4
0.2
0.1
-0.3
-0.3
-0.8
-2.3
-2.4
-2.6
-2.6
-1.5
-0.3
0.5
0.9
0.6
-0.4
-1.8
-1.9
-3.7
-2.9
-3.8
-3.0
-2.4
-1.0
0.8
0.6
0.0
-0.1
-0.7
-1.0
-1.8
-2.4
-0.6
-2.6
-1.5
-0.3
-0.1
0.8
1.0
0.7
0.2
-0.5
-1.6
-2.2
-2.0
-2.4
-1.4
-0.5
-0.9
-1.5
-0.5
-0.6
-0.6
-2.0
-2.6
-2.1
-3.1
-0.8
-0.3
0.9
0.9
0.0
-0.7
-0.7
-0.6
0.6
0.0
0.3
0.4
0.0
0.6
-0.5
0.1
0.2
-0.8
-0.3
-0.8
0.0
-0.4
-0.2
-0.3
-0.5
-1.0
0.0
-0.5
-0.2
0.3
1.1
0.9
0.0
-0.5
-1.7
-0.8
-1.7
-1.6
-1.5
-1.9
-1.1
-1.9
-1.8
-2.2
-1.2
-2.0
-1.2
-1.3
-0.8
-1.2
-1.4
-1.0
-1.0
-0.3
-0.3
0.0
-0.7
-1.1
-0.9
-1.5
-1.7
-1.4
-1.2
-0.5
-0.6
-0.7
-0.5
-1.6
-1.5
-2.5
-2.2
-1.3
-1.1
-0.2
-1.2
-0.5
-1.4
-0.7
-0.7
-0.9
-1.3
-2.0
-1.5
-0.9
0.5
0.0
-0.1
-0.9
-0.9
-0.4
-0.2
-0.3
-0.8
-0.5
-0.9
-0.8
-1.3
-1.6
-1.0
-0.2
0.5
0.6
0.0
0.2
0.3
0.6
0.4
0.5
-0.1
-0.7
-0.9
-0.5
-0.6
-0.3
-0.6
-0.1
-1.2
-0.7
-0.8
-1.0
-0.8
-2.5
-2.9
-1.9
-1.2
-0.6
0.0
-0.6
-0.4
-0.1
-0.5
-0.4
-1.9
-2.5
-2.6
-2.1
-0.9
0.0
-0.2
-0.8
-1.1
-0.6
-0.5
-0.2
-0.9
-1.3
-1.8
-2.5
-1.6
0.0
0.0
0.6
-0.2
-0.9
0.0
-0.5
-1.2
-1.5
-1.4
-0.6
-0.5
-1.9
-1.4
-1.7
-2.3
-1.9
-1.9
-1.3
-1.5
-1.7
-1.7
-1.4
-1.6
-0.7
-1.3
-2.5
-2.8
-1.3
-0.9
-1.1
-0.6
-0.8
-0.9
-0.8
-1.0
-2.0
-2.0
-3.3
-3.5
-2.2
-2.7
-1.0
-1.2
-0.3
-0.5
-1.5
-2.8
-3.7
-2.7
-1.5
-0.8
-1.0
-2.0
-1.2
-1.9
-2.0
-1.8
-2.7
-1.8
-2.3
-1.8
-0.5
-2.2
-1.1
-0.9
0.0
0.5
-0.3
-1.1
-1.2
-2.0
-1.6
-2.2
-1.4
-1.1
0.0
0.2
0.0
-1.1
-1.2
0.2
0.3
-0.8
-0.9
-2.2
-1.9
-1.3
-1.8
-0.6
0.0
0.1
0.3
0.9
0.0
-0.6
-1.4
-1.8
-2.1
-1.5
-2.1
-1.6
-2.3
-2.1
-1.1
-1.8
-2.7
-3.5
-3.7
-3.5
-2.6
-1.6
-1.3
-2.0
-1.7
-1.6
-0.5
-1.2
-1.3
-1.6
-1.4
-1.5
-0.8
-1.0
-0.2
-0.7
-0.3
-1.4
-2.1
-2.9
-1.9
-2.2
-2.0
-0.8
-0.3
-0.1
0.0
0.0
-0.6
-1.1
-0.6
-1.0
-0.4
-0.3
-1.0
-0.3
-0.9
-0.9
-0.3
-0.6
-0.4
-0.5
-1.2
-1.5
-1.3
-0.8
-1.0
-1.2
-1.9
-2.1
-2.4
-2.3
-2.2
-0.8
-0.8
-1.6
-1.6
-1.7
-1.6
-2.0
-2.5
-1.6
-2.1
-2.0
-1.7
-2.3
-1.7
-2.9
-2.0
-3.4
-3.2
-3.0
-2.7
-1.4
-1.8
-0.1
-0.9
-1.5
-1.4
-2.5
-3.9
-3.0
-2.9
-0.6
-2.2
-3.2
-2.2
-1.8
-2.8
-2.1
-2.8
-2.9
-2.4
-3.5
-2.5
-2.6
-1.9
-2.5
-2.5
-2.5
-3.2
-2.9
-2.1
-2.3
-1.9
-2.8
-3.9
-2.2
-1.5
-1.9
-2.5
-2.7
-2.0
-2.3
-3.2
-2.8
-3.3
-2.9
-3.2
-2.3
-2.1
-1.8
-2.7
-1.8
-1.3
-1.8
-0.8
-2.0
-3.0
-3.9
-5.0
-2.5
-1.7
-1.0
-0.8
-2.0
-1.2
-1.6
-0.9
-2.0
-2.1
-2.0
-0.8
-1.8
-2.7
-2.6
-2.6
-2.2
-2.4
-1.6
-0.7
1.3
0.5
0.2
-0.6
-0.3
0.0
-1.1
-1.6
-2.3
-2.7
-2.0
-2.6
-1.2
-0.5
0.5
0.2
-0.5
-0.2
0.3
-0.5
-1.3
-1.3
-1.1
-0.8
-1.3
-0.6
0.0
0.6
-0.5
-0.8
-1.7
-2.3
-3.5
-3.7
-2.4
-2.1
-1.1
-1.4
-0.8
0.6
0.2
0.3
0.5
1.2
-1.1
-0.6
-0.2
0.7
1.0
0.9
1.4
2.0
0.9
0.2
-0.5
-0.9
0.0
-0.7
-0.1
-1.1
-0.3
1.2
1.2
1.2
0.2
0.0
-0.6
0.7
0.8
0.3
-0.2
0.0
-0.7
-0.7
-0.6
-0.2
-0.1
-1.8
-1.8
-1.0
-1.2
-1.9
-1.8
-2.9
-1.8
-2.1
-0.8
0.0
0.1
-0.1
0.0
-1.8
-2.0
-0.5
-0.9
0.5
0.5
-0.9
-0.2
0.6
0.3
0.9
0.1
-0.8
-0.6
-1.3
-0.8
-1.0
-1.0
-1.0
-1.7
-2.1
-2.5
-2.6
-1.9
-1.6
-1.8
-1.4
-1.2
-0.9
0.1
-0.2
-0.5
-0.1
-0.2
-0.8
-1.6
-2.1
-1.7
-2.6
-2.2
-2.2
-1.3
-1.0
-0.9
0.0
0.1
-0.7
-1.8
-1.1
-0.4
-0.4
-0.4
0.1
-0.3
0.0
-1.2
-2.1
-2.2
-2.9
-2.1
-0.8
1.2
0.9
0.5
0.6
-0.5
-0.8
-1.0
-1.5
-0.3
-1.3
0.1
0.7
0.9
0.8
0.3
1.0
0.5
0.0
-0.3
-0.6
-0.9
-0.6
-1.3
-1.7
-2.1
-1.6
-0.5
0.5
-0.6
-0.3
-0.9
0.0
-0.7
0.0
-0.6
0.5
0.3
0.6
0.8
2.0
2.1
0.7
-1.3
-2.6
-2.9
-4.0
-3.3
-2.2
-1.0
-0.1
0.2
-0.7
0.5
0.3
0.9
0.3
0.0
0.2
0.8
1.0
1.1
1.8
2.6
3.4
3.2
1.1
0.7
0.0
-1.0
0.1
-0.9
0.5
0.6
0.6
0.1
-1.1
-2.1
-2.3
-1.6
-2.2
-1.3
-0.5
0.5
0.4
1.1
1.9
1.8
2.7
1.3
2.3
1.4
1.4
-0.1
0.0
-2.3
-1.6
-0.6
-0.7
0.0
0.2
0.4
0.1
0.4
-0.5
0.1
0.0
1.6
0.6
0.8
-0.1
-1.0
-0.6
-1.2
-1.4
-0.5
-1.5
-1.8
-1.0
-2.0
-1.7
-1.6
-2.1
-1.5
-0.8
0.1
-0.4
-0.3
-0.5
0.0
-0.1
-0.3
-0.2
-1.4
-0.8
-1.7
-1.8
-2.5
-3.5
-1.9
-2.3
-1.8
-1.4
-1.6
-0.5
-1.5
-0.9
-0.4
0.3
0.6
1.6
0.8
0.9
1.2
2.0
0.5
0.0
0.2
-0.3
-0.3
-1.0
-1.6
-1.5
-2.1
-1.2
-1.5
-0.8
-1.6
-2.0
0.1
-0.3
0.6
0.2
-0.1
0.1
0.8
1.6
1.8
1.1
1.2
1.7
1.1
1.0
-0.3
0.6
0.6
0.3
-0.6
-1.0
-2.3
-1.8
-0.3
0.8
-0.2
-0.2
-1.3
-0.7
0.1
-0.3
0.9
1.1
0.4
-0.4
-0.3
0.5
0.8
1.0
1.0
1.2
2.9
1.7
0.2
0.5
0.5
0.1
0.9
0.7
-0.4
0.1
-1.1
-0.9
-1.1
-2.2
-3.4
-2.4
-1.8
-1.4
0.3
-0.5
-0.3
-0.5
-1.9
-1.8
-1.9
-3.9
-2.4
-0.7
-0.2
0.8
0.7
1.2
1.8
2.0
-0.3
-1.2
-1.9
-2.1
-0.9
-2.5
-3.1
-2.5
-1.6
-0.9
-0.1
-0.7
-0.5
-1.3
-0.7
-1.6
-1.1
-1.4
-1.5
0.3
-0.7
0.8
0.4
0.0
0.6
-1.1
-1.5
-2.8
-3.4
-3.3
-4.3
-4.5
-3.8
-1.8
-2.7
-2.6
-1.8
-1.4
-0.1
-0.2
-0.8
0.6
0.8
1.6
0.6
-0.2
-1.5
-0.1
0.0
-0.5
-0.1
-0.5
0.4
-0.3
-0.6
-0.5
-1.0
-0.8
-0.9
-0.6
-0.6
-1.9
-2.7
-2.7
-1.9
-2.3
-1.4
-0.1
0.7
1.3
1.3
1.5
0.8
0.0
-0.5
-1.0
-1.8
-1.3
-0.5
-0.8
-1.0
0.5
0.6
-0.4
-1.1
-1.5
-1.2
-0.8
-1.5
-1.0
-1.6
-2.4
-2.2
-0.7
0.3
0.2
0.7
-0.4
0.0
-0.5
0.1
0.4
-0.1
-0.1
-0.3
-0.5
0.0
-0.9
-1.8
-1.8
-2.9
-1.7
-0.7
-0.6
-1.0
-1.5
-1.6
-1.1
-1.7
-2.7
-2.5
-2.3
-1.9
-1.8
-0.5
-0.7
0.1
0.2
0.6
0.6
-0.7
-1.4
-1.2
-1.8
-2.2
-3.0
-2.4
-2.2
-0.7
-0.9
-0.8
-1.3
-1.0
-0.8
-0.4
-1.0
-0.3
-0.8
-0.6
-1.5
-1.6
-1.2
-1.0
-1.1
-1.2
-0.6
-0.7
-0.9
-1.2
-0.7
-1.3
-1.6
-1.8
-2.5
-2.5
-2.2
-2.6
-1.9
-1.5
-1.9
-1.3
-0.9
-0.7
0.5
0.0
-1.1
-1.4
-0.3
-1.3
-0.7
-2.3
-2.3
-0.6
0.3
-0.3
-0.6
0.1
0.2
-0.2
-1.6
-0.6
0.3
0.1
-1.2
-0.6
-0.6
-1.1
-0.2
0.4
-0.2
0.5
-0.4
0.1
-0.6
-0.1
0.0
-0.1
-0.4
0.0
0.8
0.9
1.4
1.8
0.7
0.2
-1.1
-0.2
0.2
0.3
1.0
0.5
1.3
2.1
2.1
2.4
1.6
1.0
0.2
-0.7
-0.5
0.0
-1.0
-0.9
-0.9
-0.4
-0.4
-0.6
-0.4
-0.2
0.8
0.3
0.2
-0.8
-2.1
-1.3
-1.2
-0.7
-0.3
0.9
0.3
-0.6
-1.0
-1.3
-1.1
-0.6
0.8
0.9
0.5
0.9
0.8
0.8
0.0
0.0
-0.1
0.0
-0.2
-0.1
0.3
-0.3
-0.2
-0.6
0.2
-0.4
-1.3
-1.9
-0.7
-1.3
-1.3
-0.8
0.3
0.2
0.1
-1.9
-1.4
-1.2
-0.7
-0.6
-0.9
0.0
-0.6
-0.4
-0.9
-0.4
-1.0
-1.0
-1.2
-0.9
-0.8
-1.8
-2.6
-1.5
-1.0
-1.1
0.4
0.3
-0.3
0.0
-1.2
-1.0
-0.6
-0.5
-1.2
-1.3
-0.4
-0.7
0.3
0.2
0.1
-0.5
-0.9
-0.9
-0.7
-0.8
-1.6
-2.2
-1.7
-1.7
-2.1
-1.5
-1.1
-1.4
-0.9
-1.3
-0.6
-0.5
-1.1
-1.3
-1.0
-1.2
-0.7
-1.1
0.0
-0.3
-0.3
-0.5
-0.8
-0.7
-2.0
-1.6
-1.9
-1.6
-1.7
-1.8
-1.3
-1.5
-1.1
-1.3
-0.9
-0.8
-1.0
-2.0
-1.7
-1.5
-2.1
-3.1
-2.6
-1.5
-1.3
-0.8
-1.6
-1.2
-2.0
-2.1
-2.3
-1.7
-1.3
-1.8
-1.1
-1.6
-2.5
-0.8
-0.9
0.4
-1.1
-1.7
-2.9
-1.5
-1.7
-0.2
0.0
0.3
-0.3
-0.2
-1.6
-1.8
-3.3
-2.5
-1.2
-1.0
-0.6
-0.1
0.6
0.3
-0.1
-0.9
-0.3
-0.7
-1.2
0.0
-0.1
0.1
-0.3
-2.0
-1.4
-1.3
-1.4
-1.7
-1.5
-2.2
-0.8
-0.3
-0.7
-1.6
-1.0
-1.6
-0.8
-1.4
-0.9
-0.9
-0.8
-1.3
-1.5
-2.1
-2.3
-2.0
-1.5
-1.7
-1.2
-0.8
-0.6
-1.4
-1.1
-0.5
-0.8
-1.1
-1.5
-1.5
-1.6
-1.3
-2.8
-1.9
-2.8
-1.9
-1.8
-1.4
-1.1
-1.5
-1.5
-1.4
-1.2
-2.0
-2.4
-2.0
-1.8
-1.2
-0.6
-0.9
-1.0
-1.3
-1.3
-1.1
-1.8
-2.1
-2.5
-2.1
-2.2
-1.4
-1.8
-1.5
-1.5
-0.9
0.1
-0.2
0.1
-0.7
0.0
0.2
-0.8
-2.1
-1.7
-1.6
-0.9
-1.5
-1.5
-2.0
-0.6
-1.9
-1.3
-1.2
-0.5
-0.7
-0.7
-1.1
-0.4
0.0
-0.8
-0.8
-0.6
0.0
-0.7
-1.3
-1.0
-0.2
-0.6
-1.6
-2.5
-1.9
-1.5
-0.7
-0.6
-0.9
-1.4
-0.1
0.1
0.0
0.0
-0.4
-0.5
-0.6
0.1
-0.9
-0.3
-1.1
-0.6
-0.1
-0.3
-0.1
-0.8
-0.6
0.1
0.0
1.3
0.5
0.6
-0.3
-0.7
-0.8
0.3
0.6
-0.1
0.0
-0.2
0.2
0.3
-0.4
-1.6
-0.9
-1.3
-0.5
-0.5
-0.8
-2.4
-2.8
-2.6
-2.2
-1.6
-2.2
-1.1
-1.7
-2.3
-2.4
-2.0
-0.8
-1.4
-3.0
-3.9
-4.0
-2.3
-1.5
-0.5
-0.4
-0.3
-1.3
-1.5
-0.8
0.0
-0.2
-0.4
-1.2
-1.2
-0.5
-2.4
-2.4
-1.6
-1.5
-0.8
-1.7
-2.5
-2.1
-1.0
-1.3
-1.5
-2.7
-2.1
-1.3
-0.4
-0.6
-0.5
-2.0
-2.5
-2.7
-2.6
-2.0
-2.9
-1.7
-2.2
-2.2
-2.6
-2.7
-2.2
-1.6
-1.8
-1.8
-1.0
-1.5
-1.9
-2.8
-2.0
-1.7
-1.2
-2.2
-1.8
-1.3
-1.1
-1.0
-1.7
-1.3
-1.6
-1.7
-1.9
-1.5
-1.8
-2.5
-2.2
-1.2
-1.9
-1.2
-1.3
-1.2
-1.1
-2.2
-1.6
-1.6
-2.2
-2.4
-0.6
-0.3
-1.2
-1.2
-1.8
-1.7
-1.4
-1.8
-2.9
-2.5
-1.5
-2.1
-1.7
-2.2
-2.2
-2.1
-2.2
-2.7
-1.8
-1.8
-1.3
-1.1
-2.0
-1.9
-2.3
-1.8
-2.2
-1.8
-1.8
-1.5
-1.5
-0.8
-1.5
-1.8
-2.1
-1.9
-2.5
-1.7
-2.0
-1.2
-1.3
-1.6
-0.8
0.4
-0.1
-0.8
-2.6
-3.4
-1.7
-1.0
-0.9
-1.5
-1.0
-1.6
-0.9
-1.3
-1.3
-0.7
-1.3
-1.8
-3.5
-3.4
-2.7
-2.7
-1.6
-1.9
-2.2
-1.7
-2.1
-2.8
-2.4
-3.0
-2.8
-3.2
-3.6
-3.2
-2.5
-2.5
-3.0
-1.8
-2.3
-2.0
-2.9
-2.0
-1.7
-1.0
-1.7
-1.9
-2.4
-3.4
-3.8
-1.0
-2.2
-1.1
-2.4
-1.9
-2.1
-2.7
-2.0
-2.1
-2.5
-1.6
-2.9
-2.0
-3.2
-1.7
-1.4
-1.5
-1.2
-2.2
-2.3
-2.5
-1.5
-1.4
-1.1
-1.7
-2.0
-0.6
-1.0
-1.3
-1.4
-1.3
-3.0
-1.8
-2.3
-1.5
-1.2
-1.8
-2.5
-1.8
-1.6
-1.2
-1.3
-2.5
-2.3
-1.3
-2.8
-2.1
-2.4
-1.6
0.4
0.0
-0.5
-1.8
-2.6
-2.0
-1.2
-1.5
-1.0
-1.2
0.0
-0.3
-0.1
0.2
0.5
0.0
-0.6
-1.0
-1.2
-2.0
-2.3
-2.6
-2.0
-2.5
-2.2
-3.4
-2.9
-2.4
-3.0
-2.2
-2.5
-2.0
-2.9
-1.9
-2.9
-1.3
-2.3
-2.8
-2.3
-2.9
-2.5
-1.8
-3.2
-2.3
-3.5
-2.8
-2.3
-2.3
-1.5
-2.0
-2.4
-1.8
-2.3
-2.1
-3.0
-1.9
-2.3
-2.5
-1.9
-1.5
-0.8
-1.2
-2.6
-2.1
-1.8
-2.2
-1.4
-1.3
-2.2
-2.2
-1.4
-1.6
-2.1
-2.4
-2.7
-3.1
-3.8
-3.2
-2.5
-2.7
-2.8
-3.2
-2.6
-3.1
-3.8
-4.2
-3.7
-2.8
-2.5
-2.6
-2.6
-2.7
-2.6
-3.3
-3.3
-2.3
-3.5
-2.9
-3.7
-2.5
-2.5
-2.6
-2.1
-2.3
-1.7
-2.1
-3.2
-3.4
-3.5
-3.0
-3.3
-3.4
-3.5
-2.5
-1.0
-3.5
-2.4
-2.2
-2.6
-2.0
-3.5
-3.6
-1.6
-3.5
-2.5
-2.1
-3.2
-3.0
-2.0
-2.6
-1.3
-1.9
-1.6
-2.0
-3.0
-3.5
-3.3
-3.3
-2.9
-3.0
-2.2
-2.5
-2.0
-0.1
-0.4
-2.5
-4.2
-4.3
-2.7
-2.4
-2.6
-2.4
-1.6
-2.0
-2.4
-1.8
-2.6
-2.8
-3.0
-2.7
-2.6
-2.2
-1.3
-1.4
-0.8
-2.2
-2.0
-2.9
-1.9
-3.4
-3.4
-2.9
-2.5
-1.8
-1.8
-3.7
-2.5
-2.0
-1.8
-2.0
-2.3
-2.1
-2.2
-1.6
-2.9
-1.5
-1.7
-1.2
-1.6
-1.2
-0.8
-1.2
-1.5
-0.5
0.3
-1.2
-2.2
-3.6
-3.3
-3.3
-3.3
-1.4
-1.1
-0.7
-1.0
0.7
-0.3
-0.2
-1.5
-3.0
-2.4
-2.9
-3.6
-3.6
-2.1
-1.3
-0.8
-1.3
-2.1
-1.8
-1.4
-1.6
-1.5
-1.6
-2.1
-2.0
-2.3
-1.8
-1.7
-2.5
-3.2
-2.1
-2.7
-2.5
-2.4
-2.1
-1.8
-2.4
-1.8
-0.5
-1.5
-1.9
-3.0
-2.5
-0.9
-1.4
-1.5
-1.8
-2.4
-0.5
-1.3
-1.2
-1.8
-1.5
-2.0
-1.7
-2.7
-1.6
-1.5
-1.2
-1.4
-1.5
-1.2
-0.8
-0.5
-0.9
-0.4
-1.0
-1.2
-2.4
-2.9
-3.1
-2.8
-2.3
-1.7
-1.1
-1.2
-0.7
-0.8
-0.7
-1.0
-1.7
-2.7
-1.6
-2.5
-2.6
-1.2
-1.6
-0.5
-0.9
-0.8
-0.9
-0.8
-2.0
-1.4
-0.4
-1.2
-2.2
-1.4
-1.4
-1.1
-2.0
-2.0
-1.8
-1.4
-0.6
-1.4
-1.5
-2.2
-1.9
-1.9
-1.6
-3.2
-2.3
-1.5
-1.1
0.0
-1.6
-2.9
-1.9
-2.4
-1.0
-2.1
-2.4
-1.7
-1.2
-1.2
-0.8
-1.2
-0.8
-0.3
-0.2
-0.9
-1.7
-2.7
-1.5
-0.5
0.0
-1.2
-1.0
-0.6
-2.3
-1.5
-1.0
-0.8
-0.7
-1.8
-1.1
-1.3
-2.6
-2.7
-2.9
-3.5
-3.2
-2.3
-2.9
-3.0
-3.6
-1.6
-2.1
-2.9
-3.1
-3.5
-3.5
-2.9
-2.6
-1.7
-1.6
-1.1
-0.5
-0.9
-1.2
-1.5
-2.0
-2.2
-1.6
-0.9
-0.3
0.2
0.1
1.0
-1.3
-3.1
-3.3
-2.2
-2.9
-2.0
-1.3
-1.0
-1.0
-1.5
-2.2
-1.4
-1.8
-1.4
-1.1
-0.5
-2.0
-2.2
-2.9
-1.7
-1.7
-2.1
-2.7
-2.1
-0.9
-0.7
-1.4
-2.0
-1.8
-1.6
-1.3
-2.1
-2.7
-2.8
-1.8
-2.0
-0.5
-0.4
-0.4
-1.5
-1.9
-1.7
-1.8
-2.2
-1.9
-2.2
-1.3
-2.3
-1.5
-0.7
-0.8
-0.4
-1.1
-1.7
-1.5
-2.1
-1.8
-1.6
-2.1
-2.7
-2.2
-1.4
-1.2
-0.5
-1.5
-1.5
-1.0
-1.0
-1.5
-0.4
-1.4
-2.0
-1.7
-1.3
-1.1
-2.2
-1.6
-1.7
-1.0
0.6
-1.0
-0.6
-1.3
-2.5
-2.1
-1.5
-2.5
-2.3
-1.5
-0.6
-0.3
-0.1
-0.6
0.2
0.3
-0.5
-1.8
-2.1
-3.1
-2.3
-2.2
-1.5
-0.8
-0.8
-0.1
-0.7
-0.7
-1.6
-1.8
-1.6
-1.7
-0.6
-1.8
-1.5
-2.3
-1.7
-0.9
-1.7
-1.5
-1.4
-2.3
-2.1
-2.2
-1.7
-0.4
-0.9
-0.3
-0.2
0.0
-1.5
-1.2
-0.9
-1.0
-0.8
-1.3
-0.4
-0.6
-0.2
-0.5
-0.3
-0.9
-1.3
0.1
0.4
0.0
-1.5
-1.5
-0.7
-0.5
-0.8
-2.0
-2.2
-2.0
-1.3
-1.2
-0.7
-0.7
-0.3
-1.1
-0.8
0.0
-1.7
-1.7
-0.8
-0.6
-0.4
-0.4
-0.7
-0.3
0.0
-1.1
0.0
-0.1
0.0
-0.2
-0.4
-0.6
-0.3
-0.4
0.9
0.0
0.1
-1.0
-1.2
-1.4
-1.4
-1.4
-1.5
-0.9
-1.1
-0.7
-0.1
0.0
0.5
0.3
-0.8
-1.0
0.0
-0.1
0.5
-0.4
0.4
0.1
0.0
-0.3
-0.6
-0.7
-0.5
-0.4
-0.6
0.1
0.3
0.9
1.7
1.0
0.8
-0.2
0.2
0.1
-0.2
-0.2
0.8
0.7
0.4
-0.1
-0.7
-0.2
0.4
0.0
1.7
0.4
0.4
-0.4
-0.8
-0.3
0.5
-0.1
-0.4
0.1
0.2
0.2
0.7
0.4
1.2
0.2
-0.7
-0.7
-0.6
0.4
1.5
2.0
1.8
2.0
1.5
0.5
2.0
1.3
2.4
1.5
0.2
0.1
0.0
0.5
1.4
0.9
1.1
0.5
1.7
2.4
1.8
0.7
-0.1
-0.6
0.0
-0.2
0.1
0.0
1.8
1.1
1.8
0.3
0.0
-0.2
0.2
1.3
0.5
0.2
1.0
0.5
1.4
0.8
0.5
0.0
-0.1
-0.3
-1.2
-0.8
0.2
1.4
0.9
-0.2
0.5
1.8
1.8
1.6
0.8
-0.2
-0.2
-0.1
0.1
-0.6
0.3
1.1
3.2
1.7
2.9
3.4
3.8
1.2
0.8
-0.2
1.0
2.2
1.3
1.5
0.4
1.0
1.8
1.8
2.0
0.7
0.2
0.4
0.1
1.2
1.0
0.7
0.8
-0.3
-2.2
-2.0
-0.9
-0.8
-0.1
-0.2
0.0
0.5
-0.8
-0.2
-0.6
-0.9
-1.1
-1.6
-0.7
-0.2
0.7
0.7
-1.4
-1.5
-2.1
-2.7
-2.3
-1.7
0.1
3.7
3.0
3.5
1.8
-0.3
-0.1
-0.5
-0.6
-0.9
-0.8
2.2
3.0
3.5
3.0
2.5
1.5
1.5
0.9
0.5
-0.5
-0.5
0.6
1.3
2.0
2.3
2.7
3.0
2.9
2.7
2.4
2.0
1.9
1.8
1.9
1.0
2.4
1.5
2.8
2.0
1.8
3.1
2.7
2.7
2.7
2.3
1.7
4.1
2.4
2.5
1.1
0.9
1.5
2.9
1.6
1.4
0.8
2.3
3.6
4.5
2.1
1.6
1.9
1.5
1.4
1.0
1.0
0.0
1.0
1.0
1.4
1.6
1.3
1.4
0.8
1.3
1.7
1.5
2.3
3.0
2.0
2.3
2.5
3.2
1.7
1.1
0.0
0.6
-0.3
-1.2
-0.4
-0.3
0.9
1.2
1.7
2.1
2.0
1.1
0.5
0.4
2.0
1.7
1.7
1.6
1.2
2.0
1.8
1.7
1.8
2.2
1.1
1.8
2.6
0.0
1.9
1.3
2.0
1.2
2.3
3.3
3.6
1.4
2.6
2.3
2.8
1.1
1.4
1.7
1.6
2.9
3.4
2.3
3.2
2.5
3.1
2.3
2.0
1.3
2.5
1.2
2.5
3.0
3.3
2.2
1.4
0.1
0.3
0.6
1.5
2.7
2.7
3.2
2.7
2.8
2.8
2.0
2.7
1.7
1.7
1.5
1.2
1.2
0.3
1.1
2.3
3.1
2.9
1.5
2.3
3.8
3.5
2.7
1.3
2.6
2.9
2.5
2.4
3.3
3.3
1.5
2.5
2.3
2.2
2.5
2.4
3.2
2.7
2.2
1.5
1.0
0.9
1.6
2.7
1.5
2.4
2.7
2.4
1.7
1.9
2.0
1.5
1.5
1.4
2.2
1.7
1.4
1.5
2.2
2.0
1.7
1.2
0.7
0.2
1.0
1.4
0.8
2.2
2.4
2.1
1.7
1.2
1.0
1.2
1.3
2.2
1.8
1.7
1.2
1.4
0.5
1.3
1.6
2.3
1.4
0.9
0.8
0.5
0.4
2.1
2.7
2.5
1.3
1.5
1.2
2.9
2.3
1.8
1.6
1.2
1.8
1.9
1.4
1.2
2.4
2.8
3.4
2.7
2.5
3.1
2.7
1.9
2.0
2.0
2.5
3.0
2.0
1.8
1.7
2.2
3.0
4.3
4.1
3.8
1.5
1.8
1.4
1.7
0.9
2.5
3.1
3.1
2.9
3.4
4.4
4.3
3.4
2.9
3.0
2.6
3.4
3.8
1.6
0.6
1.7
1.5
3.5
3.3
3.1
3.8
3.7
3.2
2.1
2.4
1.0
1.3
0.8
0.1
1.0
1.7
2.4
2.1
2.4
1.4
1.3
0.9
0.3
1.5
1.2
2.6
2.4
2.0
1.2
1.0
2.5
3.7
2.0
0.9
1.3
2.5
3.3
4.1
3.2
3.0
3.5
3.5
2.9
3.6
3.6
3.8
2.4
2.8
2.2
2.8
2.9
2.6
2.6
2.7
2.5
2.5
2.5
2.3
2.7
2.8
2.1
2.7
2.6
3.4
1.5
2.1
1.5
0.8
1.5
1.3
1.1
2.0
2.1
2.2
2.3
1.1
0.5
0.7
0.3
1.0
2.4
1.9
1.3
0.3
0.8
0.5
0.0
0.0
0.8
2.8
2.8
2.7
0.9
0.7
2.3
3.0
2.9
2.7
1.9
2.2
1.7
0.1
1.2
2.2
1.6
2.5
1.1
2.3
2.2
1.4
1.3
1.3
1.6
1.8
2.4
2.0
1.1
1.1
1.8
1.5
1.1
1.8
2.1
1.8
0.5
0.0
0.1
0.1
0.2
0.0
0.4
0.0
0.9
0.6
0.3
0.0
-0.9
0.7
1.3
1.2
0.5
1.5
1.6
2.4
1.0
0.2
0.7
0.8
0.2
0.2
0.1
0.4
1.3
1.1
1.1
2.0
1.2
0.6
0.5
1.5
1.8
1.4
0.0
1.8
0.9
-0.2
-0.6
-0.4
0.8
0.6
0.6
1.0
1.0
0.3
1.3
0.9
0.2
-0.1
0.9
0.1
0.8
0.7
0.9
0.0
0.0
0.9
0.9
0.5
0.0
1.0
1.5
0.0
0.8
0.3
1.3
1.0
0.7
1.0
1.0
-0.2
0.4
0.4
0.5
0.3
0.6
0.3
0.9
1.1
0.6
0.6
-0.2
0.0
0.3
0.0
-0.5
0.6
-0.9
-0.4
-1.3
-1.0
0.3
0.3
-0.6
-0.6
-0.2
0.0
0.0
-1.1
-2.3
-1.4
-2.0
0.3
0.1
0.1
0.1
-0.5
-1.7
-1.4
-1.2
-2.4
-1.9
-3.1
-2.1
-0.9
-0.2
0.0
0.5
-0.8
0.0
-0.2
-0.8
-0.3
-1.2
-1.7
-2.4
-1.7
-1.5
-0.5
-0.4
0.9
0.1
0.1
-0.9
0.2
-0.2
-0.2
-1.1
-0.8
-0.4
-1.7
-2.1
-1.7
-1.0
1.0
0.1
0.4
0.0
0.0
-0.9
-1.5
-1.4
-2.7
-0.3
-0.8
-0.4
-0.4
-0.4
-1.4
-1.0
-0.8
0.2
-1.1
-1.1
-2.0
-1.2
-1.7
-2.2
-1.0
-0.8
-1.1
-0.2
0.0
-0.5
-1.5
-1.7
-2.0
-0.3
-1.1
-1.1
-1.2
-0.4
0.1
-0.5
-1.3
-0.9
-0.7
-0.9
-1.8
-1.0
-1.6
-2.3
-1.8
-0.8
-1.5
-1.7
-1.8
-1.2
-0.9
-1.5
-1.7
-1.6
-1.4
-2.2
-2.8
-3.2
-2.7
-2.4
-1.4
-2.4
-2.1
-2.0
-1.3
-2.0
-1.6
-2.1
-2.2
-2.5
-0.9
-1.1
-1.6
-1.1
-1.5
-1.3
-0.8
-1.3
-0.1
-1.5
-2.0
-2.4
-2.9
-3.8
-2.3
-1.7
-1.0
-0.9
-2.1
-2.1
-2.4
-2.0
-2.6
-1.9
-2.4
-1.9
-1.1
-2.8
-2.1
-3.1
-2.4
-2.2
-2.5
-2.1
-2.1
-1.2
-1.8
-1.2
-1.4
-1.8
-1.8
-0.8
-0.6
-1.6
-1.7
-1.1
-0.4
-1.3
-1.0
-0.9
-1.2
-0.8
-1.9
-0.8
-2.2
-2.5
-2.2
-2.8
-0.4
-0.7
-1.1
-2.1
-2.9
-3.0
-3.7
-4.5
-3.8
-3.4
-3.6
-3.0
-3.2
-2.2
-1.7
-2.5
-2.3
-1.7
-2.3
-2.7
-3.2
-2.9
-1.9
-1.3
-1.2
-0.5
-1.5
-0.7
-2.4
-1.8
-2.5
-1.5
-1.4
-3.0
-3.3
-2.6
-1.4
-1.1
-2.1
-2.8
-3.0
-4.2
-2.9
-3.7
-3.0
-3.4
-2.4
-2.1
-1.8
-2.6
-1.6
-1.9
-2.8
-3.8
-3.2
-2.7
-2.4
-3.2
-4.3
-4.1
-3.9
-3.3
-4.0
-3.2
-2.5
-2.5
-2.7
-2.9
-3.8
-3.6
-4.0
-4.7
-3.8
-4.3
-3.6
-3.6
-3.7
-1.7
-2.8
-3.0
-4.6
-4.5
-4.0
-3.8
-3.7
-3.0
-2.2
-2.4
-3.8
-4.0
-4.3
-3.2
-3.4
-2.6
-2.8
-3.3
-3.5
-3.7
-3.4
-2.7
-3.7
-4.1
-3.9
-3.0
-3.4
-3.6
-3.1
-4.0
-3.8
-4.2
-4.0
-3.6
-3.0
-2.9
-2.7
-2.6
-2.8
-3.1
-3.1
-3.8
-3.8
-2.7
-3.4
-3.9
-3.9
-4.1
-3.7
-3.4
-3.8
-4.0
-4.5
-4.7
-4.1
-4.1
-3.4
-3.4
-4.2
-4.5
-6.0
-4.6
-4.1
-3.5
-3.2
-4.4
-4.4
-4.1
-4.0
-4.0
-4.0
-3.7
-2.1
-3.2
-2.9
-3.7
-4.2
-4.3
-5.1
-5.5
-2.8
-2.7
-3.5
-3.8
-3.9
-3.5
-3.3
-4.1
-3.3
-2.4
-3.5
-3.3
-3.0
-3.7
-3.8
-3.9
-3.4
-2.7
-3.2
-2.6
-1.5
-2.5
-3.3
-3.6
-3.4
-3.1
-3.1
-3.2
-3.1
-2.8
-3.5
-3.0
-3.2
-4.1
-3.5
-3.1
-3.6
-4.1
-4.9
-3.7
-3.4
-3.5
-4.3
-3.5
-2.9
-2.5
-2.1
-3.5
-3.5
-2.9
-3.0
-2.6
-4.4
-4.3
-4.9
-3.3
-3.3
-2.8
-3.7
-2.6
-2.7
-4.0
-4.5
-5.0
-4.4
-4.3
-3.2
-3.4
-3.1
-4.3
-3.9
-4.1
-4.7
-4.4
-3.7
-4.7
-4.2
-3.9
-2.8
-2.9
-3.7
-3.3
-2.3
-2.2
-2.7
-3.8
-3.0
-2.5
-2.9
-2.5
-3.2
-2.9
-3.4
-3.8
-4.0
-3.6
-3.4
-3.0
-3.2
-2.9
-2.8
-1.7
-2.2
-1.9
-1.4
-2.7
-3.3
-5.3
-5.5
-4.6
-4.3
-3.9
-4.8
-4.8
-6.1
-6.0
-5.5
-4.2
-4.6
-5.3
-5.1
-4.0
-4.0
-3.1
-3.9
-3.4
-3.3
-3.2
-3.4
-3.4
-3.9
-2.3
-2.3
-2.0
-3.0
-1.6
-3.1
-3.5
-4.3
-4.0
-2.9
-2.4
-3.4
-2.9
-2.4
-3.2
-3.0
-4.0
-3.8
-3.0
-3.6
-4.1
-3.8
-3.6
-3.1
-2.8
-3.0
-3.5
-2.6
-3.8
-4.6
-3.4
-3.3
-2.2
-2.4
-2.7
-3.1
-3.3
-3.5
-2.5
-2.9
-2.3
-2.1
-2.3
-2.5
-3.6
-2.0
-2.8
-3.3
-3.6
-5.2
-5.3
-4.1
-4.3
-4.4
-4.8
-5.4
-2.1
-1.8
-2.5
-3.7
-4.1
-3.8
-4.2
-3.7
-4.8
-4.5
-5.0
-2.6
-2.9
-2.5
-3.1
-2.9
-2.1
-3.3
-3.5
-4.3
-4.3
-3.6
-3.1
-3.4
-2.3
-2.5
-2.8
-2.6
-4.2
-4.4
-4.4
-5.0
-4.0
-4.4
-4.5
-4.9
-3.4
-3.0
-2.9
-3.2
-3.8
-3.7
-3.4
-3.7
-3.3
-3.2
-4.1
-4.6
-4.5
-3.6
-3.8
-4.7
-3.2
-4.3
-3.7
-4.4
-3.7
-3.5
-3.9
-4.7
-2.4
-3.1
-3.5
-3.8
-4.4
-4.5
-5.0
-5.8
-4.2
-2.9
-2.1
-2.2
-4.1
-4.5
-4.6
-3.8
-4.2
-4.6
-4.0
-3.7
-2.7
-3.9
-3.6
-4.7
-4.6
-3.7
-3.0
-4.1
-3.6
-3.7
-3.5
-2.9
-3.3
-3.3
-2.4
-2.6
-3.9
-4.3
-5.2
-3.0
-2.4
-2.0
-2.9
-2.5
-1.7
-0.7
-0.8
-1.6
-2.7
-4.5
-4.2
-3.2
-3.2
-2.3
-1.0
0.4
0.7
0.0
-0.4
-0.8
-2.2
-1.6
-3.0
-1.5
-3.2
-3.5
-2.9
-2.7
-2.4
-3.8
-3.5
-1.9
-1.2
-0.8
-1.9
-1.6
-2.0
-2.1
-3.2
-4.2
-4.3
-4.5
-3.6
-2.8
-3.7
-3.2
-2.3
-2.7
-2.8
-4.5
-4.9
-4.5
-4.5
-5.0
-3.5
-2.6
-3.6
-3.2
-5.1
-4.6
-4.6
-5.2
-4.5
-4.9
-3.4
-3.3
-3.9
-3.8
-4.3
-5.1
-5.0
-2.8
-1.2
-1.7
-2.2
-3.0
-3.8
-3.7
-3.6
-1.6
-0.4
-0.2
0.2
1.2
-0.5
-2.6
-3.9
-3.2
-1.5
-2.1
-0.9
-1.0
-0.6
0.3
0.4
-0.1
-0.1
-0.7
-0.5
-2.0
-1.9
-2.3
-2.5
-1.8
-1.2
-0.8
-0.5
-1.4
-0.5
-0.8
-0.6
-1.4
0.0
-0.6
-0.7
-1.4
-1.3
-2.2
-2.3
-1.8
0.0
-0.6
-0.2
-0.6
-1.2
-2.1
-2.2
-2.2
-1.9
-2.5
-2.4
-1.5
-1.8
-2.9
-2.4
-2.5
-1.6
-2.4
-2.5
-3.1
-3.2
-2.8
-2.8
-3.2
-3.7
-3.1
-1.0
-2.1
-1.5
-0.8
-0.1
-0.6
-0.5
-0.4
-0.8
-0.8
-2.0
-2.0
-1.7
-1.6
-2.3
-2.0
-2.7
-2.3
-1.7
-2.3
-2.2
-3.1
-3.2
-3.7
-3.3
-3.4
-3.0
-3.2
-2.2
-2.3
-2.4
-3.0
-4.4
-4.8
-3.3
-2.4
-2.2
-2.5
-2.2
-2.8
-3.0
-3.6
-3.3
-4.0
-5.4
-5.2
-4.3
-3.1
-2.9
-3.0
-3.9
-3.9
-3.9
-3.5
-4.6
-4.6
-3.7
-4.2
-3.8
-4.6
-4.1
-4.1
-3.8
-3.3
-2.6
-3.2
-3.0
-4.4
-4.0
-4.0
-3.7
-3.1
-4.2
-4.9
-5.1
-4.0
-4.1
-2.1
-2.1
-2.4
-3.0
-3.3
-3.7
-3.2
-2.9
-3.4
-3.6
-3.5
-2.7
-3.3
-3.9
-2.8
-1.9
-1.8
-2.8
-3.3
-1.8
-2.8
-3.5
-3.7
-1.4
-1.9
-1.9
-3.1
-2.4
-2.7
-2.8
-2.4
-2.4
-2.5
-2.9
-3.0
-4.0
-4.9
-4.3
-2.8
-2.3
-2.3
-2.4
-2.9
-2.4
-3.3
-2.3
-2.9
-2.0
-2.9
-3.0
-1.9
-3.3
-2.5
-1.9
-1.8
-0.7
-1.0
-2.6
-3.3
-3.5
-2.3
-2.5
-1.5
-2.5
-2.8
-2.6
-1.9
-1.4
-0.8
-1.9
-2.3
-2.8
-1.5
-1.5
-1.7
-2.3
-3.4
-2.7
-3.1
-1.7
-2.1
-1.6
-2.1
-2.2
-1.6
-3.0
-2.4
-3.2
-2.5
-2.7
-3.0
-3.8
-2.6
-2.0
-2.1
-0.9
-1.2
-0.3
-0.6
-1.7
-1.6
-1.3
-1.3
-3.5
-3.1
-1.5
-1.1
-1.6
-1.9
-0.4
-0.1
-0.9
-1.5
-2.5
-3.2
-3.6
-2.3
-1.1
-1.4
-1.4
-2.2
-1.7
-3.2
-3.7
-3.0
-3.6
-5.0
-4.9
-4.0
-2.6
-2.2
-2.9
-3.4
-3.6
-3.4
-3.9
-3.9
-4.3
-4.4
-3.3
-2.5
-3.7
-4.0
-3.3
-3.0
-1.7
-2.2
-2.1
-3.2
-3.3
-3.4
-3.1
-2.5
-3.1
-3.8
-3.2
-3.0
-1.5
-1.4
-1.9
-1.4
-1.1
-1.3
-2.5
-2.8
-3.3
-1.7
-1.9
-0.7
-1.6
-0.5
-0.9
-2.2
-1.3
-2.5
-1.4
-1.8
-1.1
-1.2
-1.0
-1.3
-1.8
-2.2
-3.1
-2.6
-2.9
-2.3
-0.9
-0.4
-0.6
-1.4
-0.1
-1.1
-1.7
-2.9
-2.9
-3.5
-4.5
-3.8
-4.0
-2.7
-2.7
-2.7
-1.7
-1.4
-2.8
-3.8
-5.5
-5.1
-4.9
-4.6
-4.0
-2.1
-0.8
-1.9
-3.5
-4.1
-5.0
-5.3
-6.1
-5.1
-4.4
-4.0
-4.0
-4.6
-5.2
-4.9
-5.4
-5.1
-5.6
-5.1
-2.8
-1.9
-1.4
-1.7
-2.1
-2.9
-3.9
-5.3
-5.8
-6.0
-2.9
-0.5
-0.6
-2.0
-1.9
-2.1
-1.5
-2.6
-2.6
-2.5
-2.6
-2.3
-1.2
-1.1
-1.8
-2.2
-2.0
-1.4
-1.1
-1.4
-1.0
-1.5
-1.5
-0.5
-1.7
-0.8
-1.2
-2.2
-2.4
-3.0
-3.6
-3.0
-3.5
-4.2
-3.0
-1.9
-1.7
-1.9
-0.8
-0.4
-0.7
-1.5
-1.5
0.4
0.0
-1.2
-1.7
-0.2
-2.7
0.0
-1.2
-0.9
-2.4
-2.4
0.5
-2.5
-0.2
-0.2
-2.6
0.7
-2.1
-1.0
-1.0
-3.9
1.5
-3.0
-2.5
-4.3
-4.0
-0.9
-3.4
-2.2
-0.9
-1.7
-1.9
-2.1
-3.2
-2.5
-2.2
-2.0
-0.9
-2.1
-0.8
-3.0
-1.1
-2.7
-2.8
-2.5
-4.0
-2.4
-2.9
-1.7
-1.6
-1.7
-2.8
-3.5
-2.5
-3.2
-1.1
-2.3
-3.2
-2.4
-1.4
0.8
-2.2
-2.2
-3.6
-4.2
-2.8
-3.7
-2.3
-0.5
-1.5
-1.5
-3.4
-2.6
-4.1
-2.5
-4.1
-4.8
-3.8
-3.9
-1.3
-3.4
-4.9
-1.0
-4.1
-2.7
-4.4
-4.5
-3.0
-4.0
-2.1
-3.5
-4.7
-4.9
-5.7
-4.8
-5.6
-4.8
-4.6
-5.4
-5.0
-4.5
-4.1
-5.5
-6.5
-5.7
-5.2
-6.0
-6.0
-8.0
-7.6
-8.0
-8.2
-7.4
-6.1
-7.6
-7.4
-6.6
-5.8
-6.4
-6.5
-5.2
-4.6
-5.6
-5.3
-4.6
-5.8
-5.5
-6.2
-4.8
-4.1
-4.1
-3.8
-3.8
-3.9
-4.3
-4.1
-3.4
-5.4
-6.0
-5.7
-5.8
-3.7
-4.2
-3.5
-3.4
-2.5
-3.0
-5.0
-5.7
-5.9
-5.3
-4.8
-5.0
-3.9
-4.5
-4.4
-5.1
-5.1
-5.8
-4.7
-3.8
-3.7
-4.1
-5.8
-5.0
-5.2
-6.9
-8.6
-6.2
-6.1
-3.2
-4.3
-3.1
-4.4
-2.9
-4.3
-4.0
-4.6
-4.4
-3.6
-2.7
-3.7
-5.0
-5.0
-5.5
-6.5
-4.0
-5.9
-3.9
-4.8
-5.3
-5.1
-3.7
-3.5
-5.3
-6.3
-7.6
-6.5
-5.2
-5.3
-5.9
-6.3
-6.4
-6.3
-5.5
-5.9
-3.6
-7.9
-5.9
-6.7
-4.2
-3.2
-5.2
-5.4
-5.1
-7.4
-6.1
-7.1
-4.8
-7.6
-6.4
-6.0
-6.5
-6.6
-6.1
-5.0
-4.3
-4.7
-7.2
-7.9
-10.5
-12.5
-13.8
-15.2
-16.1
-17.9
-18.7
-20.2
-21.1
-22.0
-22.6
-22.7
-22.7
-22.5
-22.6
-23.5
-24.2
-25.5
-26.9
-28.3
-28.1
-28.9
-30.4
-30.7
-32.1
-31.8
-32.2
-34.4
-34.1
-35.7
-36.6
-37.5
-38.9
-39.4
-39.6
-39.8
-39.6
-42.6
-44.0
-44.3
-47.6
-47.0
-46.8
-47.1
-46.8
-48.2
-49.4
-49.1
-50.6
-53.4
-53.2
-54.5
-54.5
-54.4
-55.6
-56.6
-58.2
-59.1
-58.6
-59.1
-58.7
-60.9
-58.2
-60.9
-62.6
-63.9
-63.9
-64.8
-65.0
-67.1
-65.8
-65.7
-67.1
-67.5
-66.1
-67.5
-69.6
-66.6
-67.0
-64.9
-63.4
-66.4
-66.2
-67.8
-66.8
-65.3
-65.5
-66.6
-65.1
-64.4
-65.0
-65.3
-65.7
-65.4
-65.9
-64.7
-64.5
-63.4
-64.5
-64.2
-64.0
-63.0
-63.2
-63.5
-63.5
-62.7
-62.7
-62.5
-62.4
-62.3
-62.7
-62.4
-62.3
-61.6
-61.3
-61.5
-61.8
-61.5
-62.1
-60.3
-60.9
-59.5
-58.9
-58.0
-57.7
-58.2
-58.7
-59.3
-59.3
-58.7
-57.3
-59.1
-57.6
-57.6
-56.6
-59.5
-59.2
-58.7
-57.8
-58.7
-59.7
-57.9
-60.2
-60.0
-60.3
-60.0
-60.7
-60.4
-58.1
-57.9
-58.3
-57.7
-56.6
-56.3
-56.4
-56.3
-56.4
-56.7
-56.4
-54.6
-53.2
-54.1
-53.4
-53.7
-54.1
-53.7
-52.2
-51.1
-49.8
-50.4
-49.5
-50.0
-49.3
-48.7
-47.5
-47.9
-49.0
-51.0
-51.6
-48.9
-48.9
-48.2
-47.5
-48.1
-47.2
-46.3
-47.1
-48.0
-48.4
-48.3
-47.8
-47.4
-47.8
-45.3
-44.7
-44.5
-45.7
-46.6
-45.6
-45.0
-46.2
-43.9
-44.7
-45.3
-44.2
-43.7
-42.6
-42.3
-42.0
-41.9
-41.4
-42.8
-42.4
-41.2
-42.0
-42.3
-42.8
-42.5
-42.1
-41.0
-40.0
-40.1
-39.4
-41.0
-41.1
-41.5
-41.6
-42.1
-40.9
-42.5
-41.3
-41.3
-42.3
-41.9
-42.1
-42.6
-41.5
-40.2
-40.2
-41.0
-39.7
-39.1
-39.6
-40.6
-39.7
-38.8
-35.8
-36.6
-38.6
-38.1
-37.5
-38.5
-38.0
-37.7
-37.9
-36.0
-36.0
-36.7
-35.9
-36.4
-34.9
-33.6
-34.3
-34.8
-34.6
-33.0
-33.2
-34.2
-33.9
-34.0
-34.0
-34.4
-34.2
-32.9
-32.6
-32.9
-33.4
-34.1
-32.9
-32.4
-31.2
-31.1
-31.8
-32.2
-33.1
-31.8
-33.6
-32.9
-32.6
-33.0
-31.9
-32.6
-32.6
-32.9
-33.9
-33.0
-32.7
-33.0
-33.7
-33.5
-35.0
-34.4
-34.4
-34.7
-35.5
-34.5
-36.0
-35.7
-35.8
-35.9
-36.4
-36.1
-36.5
-36.5
-36.9
-38.2
-38.2
-39.0
-39.1
-39.3
-38.7
-39.3
-39.5
-39.5
-41.4
-39.4
-40.4
-39.7
-40.5
-41.0
-40.7
-40.5
-41.6
-41.0
-41.2
-42.7
-42.6
-43.5
-42.8
-42.2
-43.6
-43.8
-44.0
-45.6
-45.4
-46.9
-47.5
-46.4
-47.1
-47.8
-46.9
-47.5
-47.2
-48.3
-49.4
-48.7
-48.8
-47.8
-48.9
-49.8
-48.5
-47.7
-47.9
-48.1
-48.7
-50.6
-50.6
-49.0
-49.4
-51.3
-49.0
-50.2
-48.9
-49.0
-49.5
-48.5
-49.7
-52.1
-49.7
-49.0
-49.2
-50.3
-47.7
-49.2
-50.2
-52.0
-50.8
-51.1
-49.4
-49.7
-49.8
-52.2
-53.6
-50.8
-50.6
-51.3
-51.5
-51.6
-52.8
-52.1
-53.0
-51.1
-52.3
-51.6
-53.1
-53.5
-53.9
-54.2
-53.7
-53.5
-53.9
-53.2
-51.3
-54.0
-54.3
-55.8
-56.3
-57.0
-56.7
-56.3
-53.7
-54.6
-55.9
-55.6
-56.0
-56.4
-56.1
-56.1
-57.2
-56.8
-54.6
-57.6
-58.2
-58.6
-60.0
-57.5
-59.0
-59.8
-59.4
-60.3
-60.4
-62.0
-63.0
-62.6
-62.4
-62.4
-62.8
-61.8
-63.3
-62.2
-65.7
-63.9
-64.1
-64.9
-64.1
-64.3
-63.5
-64.2
-63.2
-64.5
-63.3
-64.3
-62.5
-63.9
-63.0
-63.2
-62.6
-61.9
-61.4
-62.0
-61.6
-62.2
-61.4
-62.6
-63.3
-63.3
-63.7
-61.0
-64.0
-62.2
-63.0
-64.5
-64.1
-63.8
-63.8
-63.7
-64.3
-63.3
-63.1
-63.0
-64.0
-63.7
-63.1
-64.1
-64.2
-64.6
-64.3
-63.9
-63.7
-63.0
-63.0
-63.6
-64.6
-64.2
-64.1
-63.7
-64.0
-64.2
-64.1
-65.1
-66.5
-67.6
-67.7
-70.3
-72.3
-71.7
-72.8
-71.4
-72.0
-72.0
-73.9
-75.1
-75.9
-74.2
-75.5
-75.8
-76.9
-75.6
-75.4
-76.6
-75.5
-74.6
-75.6
-75.9
-75.2
-74.0
-74.0
-74.3
-75.0
-74.4
-75.6
-75.2
-74.6
-74.5
-76.0
-76.1
-76.3
-75.3
-76.3
-75.8
-75.6
-75.2
-75.1
-76.2
-76.1
-76.3
-76.0
-76.3
-76.8
-76.8
-76.1
-75.4
-75.3
-74.6
-75.3
-75.3
-75.1
-75.6
-75.3
-74.6
-74.5
-75.6
-74.2
-75.2
-73.6
-75.0
-75.1
-74.9
-75.6
-76.2
-75.4
-74.6
-73.6
-73.6
-73.0
-73.6
-74.9
-74.3
-74.4
-73.0
-72.6
-71.9
-73.4
-73.7
-75.6
-75.4
-76.3
-75.6
-75.2
-74.1
-74.8
-73.9
-74.3
-73.6
-74.2
-73.7
-74.6
-75.1
-75.4
-74.8
-74.8
-75.5
-74.0
-73.1
-71.9
-71.8
-72.6
-72.1
-71.6
-74.3
-75.2
-75.8
-76.1
-74.8
-73.4
-72.4
-71.3
-72.1
-71.0
-71.7
-71.8
-73.0
-73.5
-73.6
-73.2
-73.6
-72.8
-72.5
-72.9
-72.3
-72.4
-73.4
-73.4
-74.3
-73.8
-72.7
-71.8
-72.2
-72.2
-71.6
-71.8
-72.0
-72.7
-73.1
-73.6
-73.8
-73.3
-73.3
-72.9
-71.5
-70.3
-70.9
-71.8
-73.8
-73.6
-73.9
-73.5
-72.9
-72.2
-72.3
-73.0
-72.9
-72.4
-72.0
-73.6
-72.8
-73.0
-71.6
-72.7
-73.1
-73.6
-72.6
-72.3
-71.9
-72.2
-73.0
-72.6
-73.2
-73.2
-73.2
-72.3
-72.0
-72.4
-72.4
-72.1
-73.0
-72.8
-73.0
-73.5
-73.7
-74.8
-73.5
-72.2
-73.3
-74.2
-75.1
-74.3
-75.5
-74.6
-75.0
-73.8
-73.0
-73.9
-74.9
-75.1
-75.6
-74.8
-74.8
-74.3
-74.5
-75.5
-75.5
-77.5
-78.6
-78.6
-79.3
-76.6
-76.2
-75.5
-75.6
-76.9
-77.4
-77.7
-78.8
-78.1
-77.9
-77.4
-78.7
-78.5
-78.6
-78.8
-78.6
-78.6
-78.4
-78.0
-77.7
-79.1
-79.5
-80.8
-81.5
-79.6
-80.9
-80.5
-80.6
-81.1
-81.1
-82.0
-83.2
-83.0
-82.5
-81.4
-81.3
-81.2
-81.2
-81.1
-80.9
-81.6
-82.2
-82.8
-83.6
-83.8
-83.1
-83.2
-83.6
-84.1
-83.9
-83.9
-83.5
-83.8
-83.8
-83.5
-83.6
-83.4
-84.4
-84.9
-84.7
-84.9
-85.0
-85.3
-85.7
-85.6
-85.9
-85.6
-85.2
-86.5
-86.8
-85.5
-85.1
-84.6
-85.0
-85.3
-84.6
-84.8
-84.9
-85.1
-85.5
-85.3
-85.7
-86.2
-86.1
-86.3
-85.8
-86.1
-87.3
-86.9
-87.2
-87.1
-87.4
-86.8
-86.8
-87.0
-86.5
-86.5
-86.9
-86.3
-86.0
-86.0
-85.8
-86.0
-86.1
-85.8
-86.7
-86.8
-86.5
-86.5
-86.7
-86.9
-86.5
-85.9
-86.1
-85.3
-85.4
-85.1
-85.6
-86.3
-86.9
-86.4
-86.0
-85.3
-85.2
-83.9
-83.5
-83.1
-82.9
-83.9
-83.9
-84.9
-85.7
-85.0
-83.9
-82.3
-82.0
-82.5
-83.9
-83.2
-83.3
-83.1
-81.8
-80.9
-79.2
-78.6
-78.7
-78.7
-80.1
-80.2
-80.3
-80.1
-79.0
-78.6
-77.5
-77.6
-79.5
-79.7
-79.2
-77.6
-77.4
-77.2
-77.2
-78.3
-78.2
-77.5
-78.0
-77.7
-77.5
-77.1
-76.4
-76.1
-76.1
-75.1
-75.6
-75.6
-75.5
-75.5
-75.2
-75.3
-74.3
-74.2
-74.8
-74.8
-73.7
-72.7
-72.5
-72.5
-72.7
-72.8
-72.1
-72.3
-71.0
-71.3
-71.1
-71.4
-71.3
-71.0
-70.9
-70.7
-70.6
-69.3
-70.5
-69.5
-70.6
-69.0
-68.3
-69.3
-68.6
-68.9
-67.9
-68.2
-68.7
-67.8
-68.6
-68.2
-68.5
-68.3
-68.1
-67.6
-67.8
-66.9
-66.6
-67.1
-67.1
-67.7
-67.6
-67.1
-67.0
-66.3
-66.2
-65.7
-65.0
-64.2
-64.3
-64.3
-63.7
-63.4
-62.5
-62.5
-62.2
-61.5
-61.4
-61.0
-61.4
-61.1
-60.7
-59.9
-59.8
-59.8
-59.7
-59.0
-59.1
-58.2
-58.9
-59.2
-58.9
-58.0
-57.6
-57.6
-58.1
-57.3
-57.3
-57.1
-57.2
-57.6
-56.8
-57.4
-56.4
-56.6
-56.1
-56.2
-55.8
-55.2
-55.8
-55.7
-55.7
-55.0
-54.7
-53.8
-53.4
-53.1
-54.3
-55.0
-54.9
-54.7
-53.6
-52.5
-51.8
-51.1
-51.7
-52.4
-52.5
-53.2
-52.4
-51.8
-50.3
-49.4
-49.3
-48.5
-49.4
-49.9
-50.1
-50.5
-50.5
-49.8
-48.8
-47.8
-48.7
-48.0
-48.6
-48.5
-48.7
-49.2
-48.7
-48.1
-48.7
-47.6
-47.5
-47.4
-47.0
-47.0
-46.1
-45.8
-44.7
-45.3
-44.9
-45.2
-46.1
-46.5
-46.7
-46.4
-46.4
-46.0
-45.1
-44.4
-43.6
-44.2
-43.5
-44.2
-43.6
-44.0
-44.6
-44.5
-43.9
-43.7
-43.5
-43.8
-43.6
-44.0
-43.5
-43.2
-42.1
-42.7
-42.1
-42.2
-42.0
-42.6
-44.5
-44.0
-43.2
-42.0
-41.1
-41.4
-41.0
-42.0
-41.7
-41.4
-41.7
-42.0
-42.5
-42.0
-41.8
-41.5
-40.6
-41.0
-40.7
-41.2
-40.7
-40.1
-40.3
-40.1
-39.4
-38.7
-38.7
-38.7
-39.6
-39.2
-38.5
-39.2
-38.9
-39.4
-39.3
-38.3
-38.4
-38.7
-39.5
-39.4
-38.4
-37.9
-37.5
-37.2
-37.2
-36.4
-35.9
-35.4
-35.1
-35.0
-34.7
-34.0
-33.8
-35.2
-35.2
-35.3
-34.5
-34.5
-34.6
-34.4
-35.0
-34.2
-34.4
-33.7
-33.6
-34.4
-34.5
-34.3
-34.3
-32.9
-33.8
-33.9
-34.4
-35.2
-35.2
-34.8
-34.6
-34.0
-33.7
-33.9
-34.1
-35.6
-35.4
-35.0
-33.5
-34.6
-35.4
-34.9
-35.4
-35.2
-35.0
-34.4
-33.4
-33.5
-32.7
-32.4
-32.6
-32.9
-34.2
-34.7
-34.5
-33.2
-31.2
-32.1
-31.0
-31.9
-31.4
-32.8
-32.6
-34.7
-33.7
-33.8
-32.4
-33.6
-31.3
-32.5
-32.0
-32.5
-31.6
-29.1
-32.6
-31.2
-32.0
-32.0
-31.1
-30.7
-29.9
-31.4
-29.8
-31.2
-29.9
-29.3
-30.2
-28.3
-28.9
-28.7
-28.2
-27.5
-27.8
-27.3
-27.5
-27.6
-26.6
-27.7
-28.2
-29.3
-27.3
-28.5
-28.1
-29.2
-27.6
-27.8
-27.9
-27.3
-27.7
-28.3
-27.1
-26.3
-26.3
-26.4
-27.8
-27.7
-27.8
-28.4
-26.8
-26.1
-26.4
-25.3
-26.3
-25.4
-26.0
-26.4
-26.4
-26.5
-24.9
-24.6
-23.8
-24.2
-23.4
-23.5
-23.7
-24.3
-23.2
-23.5
-23.6
-23.6
-23.6
-23.3
-23.5
-22.9
-23.3
-23.0
-22.9
-23.2
-21.6
-22.0
-21.0
-21.0
-20.8
-21.2
-21.6
-20.6
-21.1
-20.2
-19.4
-19.1
-18.5
-19.9
-19.8
-19.3
-18.8
-18.5
-18.3
-17.7
-18.5
-19.1
-18.8
-17.8
-17.5
-17.1
-16.2
-15.1
-16.0
-17.1
-17.7
-14.7
-16.7
-15.1
-17.5
-17.0
-16.3
-16.2
-16.6
-16.6
-16.9
-15.8
-16.2
-16.1
-16.9
-16.0
-16.6
-16.6
-16.3
-15.8
-16.1
-15.8
-15.3
-16.2
-16.5
-16.9
-16.6
-15.9
-15.3
-16.1
-15.4
-15.1
-16.0
-16.2
-16.4
-15.1
-15.0
-14.8
-13.5
-13.0
-12.8
-13.7
-14.1
-13.7
-13.1
-12.8
-12.2
-13.0
-11.5
-15.2
-13.7
-14.5
-14.0
-13.5
-14.2
