3.1
3.0
3.0
3.3
3.2
2.9
2.8
2.9
3.2
3.2
3.2
3.2
3.1
3.2
3.5
3.7
3.7
3.8
3.7
3.7
3.8
3.7
3.6
4.0
4.1
4.2
4.1
4.2
4.3
4.4
4.3
4.2
4.3
4.4
4.1
4.0
4.2
4.3
4.1
4.0
4.1
4.0
3.9
3.8
3.8
4.0
4.1
4.1
3.9
3.9
3.8
3.7
3.9
4.0
4.1
4.0
3.8
3.9
4.2
4.2
4.2
4.3
4.2
4.2
4.3
4.2
4.1
4.0
3.9
4.0
4.4
4.5
4.2
4.0
4.2
4.4
4.2
4.0
3.9
4.1
4.2
4.2
4.2
4.1
4.1
4.1
4.2
4.3
4.2
4.2
4.0
4.1
4.2
4.3
4.4
4.3
4.2
4.0
3.9
3.9
4.0
3.9
3.9
4.0
4.0
4.1
4.2
4.3
4.3
4.5
4.6
4.5
4.3
4.3
4.4
4.4
4.4
4.1
4.2
4.2
4.0
3.8
3.8
3.8
3.6
3.4
3.5
3.6
3.9
3.6
3.6
3.8
4.0
3.9
4.0
4.2
4.3
4.1
4.1
4.3
4.5
4.5
4.5
4.6
4.4
4.1
4.0
4.3
4.5
4.4
4.1
3.9
3.8
3.8
3.9
3.9
3.8
3.6
3.4
3.5
3.6
3.8
3.7
3.3
3.3
3.3
3.2
3.1
3.1
3.2
3.2
3.0
2.9
3.1
3.1
3.3
3.5
3.4
3.5
3.5
3.8
4.0
3.9
3.7
3.6
3.8
3.8
3.5
3.6
3.8
4.1
4.0
3.9
4.1
4.2
4.1
3.9
3.9
4.2
4.3
4.2
4.0
3.9
3.8
3.5
3.4
3.4
3.5
3.4
3.0
3.1
3.1
3.1
3.0
3.0
3.0
3.0
2.9
2.9
3.1
3.2
3.2
3.3
3.3
3.3
3.3
3.2
3.2
3.2
3.3
3.1
2.9
2.9
3.0
2.9
2.8
2.8
3.0
3.2
3.2
3.0
3.0
3.0
3.0
3.2
3.2
3.2
3.0
2.9
3.0
3.2
3.0
2.9
3.0
3.1
3.3
3.4
3.6
3.7
3.7
3.8
3.8
3.5
3.4
3.3
3.4
3.5
3.5
3.5
3.4
3.4
3.5
3.4
3.3
3.3
3.2
3.0
2.8
2.9
3.3
3.4
3.4
3.1
2.9
2.7
2.8
3.0
2.8
2.8
2.8
2.7
2.6
2.6
2.7
2.7
2.6
2.5
2.5
2.5
2.6
2.6
2.6
2.4
2.2
2.4
2.3
2.1
2.3
2.5
2.6
2.7
2.7
2.5
2.6
2.7
2.8
2.7
2.8
3.0
2.9
2.9
3.0
3.0
3.1
3.3
3.2
3.1
3.0
3.0
3.1
3.2
3.3
3.2
3.0
3.1
3.1
3.1
3.0
3.0
3.1
3.0
2.8
2.8
3.0
3.2
3.2
2.9
2.7
2.8
2.7
2.5
2.3
2.3
2.3
2.2
2.0
1.8
1.9
2.0
2.2
2.3
2.4
2.5
2.5
2.6
2.7
2.8
2.9
3.0
3.2
3.1
2.9
2.9
3.0
2.9
2.8
2.7
2.7
2.7
2.6
2.5
2.4
2.3
2.1
2.0
2.0
2.1
2.2
2.1
2.1
2.0
1.9
1.9
1.9
1.9
1.6
1.5
1.5
1.6
1.6
1.5
1.3
1.1
1.0
0.9
0.7
0.8
1.0
1.0
0.8
0.7
0.7
0.7
0.6
0.4
0.4
0.4
0.5
0.5
0.6
1.0
1.2
1.2
1.2
1.4
1.6
1.6
1.5
1.6
1.7
1.9
1.9
2.0
1.9
1.8
1.8
1.8
1.9
2.0
2.0
2.0
2.0
2.0
2.0
1.8
1.8
1.7
1.4
1.1
1.3
1.5
1.6
1.5
1.5
1.7
1.7
1.5
1.5
1.4
1.5
1.6
1.6
1.5
1.3
1.2
1.0
0.9
1.1
1.0
0.6
0.4
0.7
0.7
0.5
0.3
0.2
0.2
0.0
-0.2
-0.2
-0.4
-0.3
-0.1
0.1
0.0
0.0
0.2
0.3
0.2
0.0
-0.1
0.0
0.0
0.0
0.0
0.2
0.4
0.6
0.8
0.8
0.8
0.9
0.9
1.0
1.1
1.2
1.3
1.5
1.6
1.7
1.6
1.4
1.3
1.6
1.8
1.5
1.1
1.0
0.9
0.9
0.9
0.7
0.5
0.4
0.4
0.1
0.2
0.4
0.2
0.0
-0.1
-0.1
-0.2
-0.4
-0.4
-0.4
-0.6
-0.8
-0.8
-0.7
-0.8
-0.9
-1.0
-1.0
-0.8
-0.8
-1.1
-1.2
-1.0
-0.9
-1.2
-1.2
-1.1
-1.0
-1.1
-1.1
-1.0
-1.0
-1.0
-1.0
-1.0
-1.1
-1.2
-1.4
-1.3
-1.0
-0.8
-0.8
-0.9
-1.0
-1.0
-0.8
-0.8
-0.9
-0.9
-0.9
-0.9
-0.8
-0.8
-0.8
-0.5
-0.2
-0.1
-0.3
-0.5
-0.5
-0.6
-0.5
-0.6
-0.8
-1.2
-1.4
-1.4
-1.2
-1.2
-1.3
-1.5
-1.5
-1.4
-1.3
-1.1
-1.3
-1.6
-1.7
-2.0
-2.2
-2.2
-2.0
-2.0
-2.2
-2.2
-2.0
-1.6
-1.6
-1.9
-2.0
-1.7
-1.9
-2.2
-2.2
-2.2
-2.2
-2.2
-2.1
-2.1
-1.9
-2.0
-2.1
-2.0
-1.8
-2.0
-2.3
-2.4
-2.3
-2.3
-2.5
-2.5
-2.5
-2.4
-2.5
-2.9
-3.2
-3.3
-3.3
-3.3
-3.2
-3.1
-2.9
-2.8
-3.0
-2.9
-3.0
-3.3
-3.4
-3.4
-3.4
-3.4
-3.4
-3.4
-3.3
-3.3
-3.3
-3.2
-3.3
-3.5
-3.6
-3.4
-3.3
-3.6
-3.6
-3.6
-3.7
-3.8
-4.0
-4.2
-4.1
-4.0
-4.0
-4.0
-4.1
-4.0
-4.0
-4.1
-4.3
-4.2
-4.1
-4.3
-4.3
-4.2
-4.2
-4.3
-4.3
-4.3
-4.3
-4.4
-4.3
-4.1
-4.0
-4.0
-3.8
-3.7
-3.9
-4.2
-4.3
-4.3
-4.4
-4.6
-4.8
-4.8
-4.8
-4.8
-4.8
-5.0
-4.8
-4.4
-4.3
-4.6
-4.7
-4.3
-3.9
-3.9
-4.0
-3.9
-3.8
-3.8
-3.9
-3.8
-3.5
-3.3
-3.5
-3.5
-3.5
-3.6
-3.6
-3.7
-3.8
-3.9
-4.0
-4.1
-4.2
-4.3
-4.1
-4.1
-4.2
-4.3
-4.2
-4.2
-4.5
-4.7
-4.6
-4.5
-4.5
-4.6
-4.6
-4.7
-4.7
-4.5
-4.5
-4.8
-5.0
-4.8
-4.5
-4.5
-4.5
-4.4
-4.3
-4.4
-4.4
-4.4
-4.2
-4.2
-4.2
-4.4
-4.5
-4.5
-4.3
-4.5
-4.4
-4.3
-4.3
-4.5
-4.4
-4.3
-4.4
-4.4
-4.4
-4.5
-4.6
-4.6
-4.5
-4.5
-4.5
-4.4
-4.4
-4.6
-4.7
-4.6
-4.5
-4.6
-4.8
-4.8
-4.8
-4.7
-4.6
-4.6
-4.6
-4.6
-4.8
-4.8
-4.9
-4.9
-4.8
-4.7
-4.6
-4.7
-4.5
-4.4
-4.4
-4.5
-4.6
-4.3
-4.0
-4.3
-4.5
-4.4
-4.2
-4.1
-4.1
-4.4
-4.5
-4.4
-4.6
-4.8
-4.8
-4.7
-4.6
-4.8
-4.8
-4.8
-4.8
-4.9
-5.1
-5.1
-5.1
-5.0
-5.2
-5.2
-5.4
-5.5
-5.4
-5.5
-5.6
-5.7
-5.5
-5.4
-5.6
-5.6
-5.4
-5.3
-5.1
-5.2
-5.1
-5.2
-5.0
-4.8
-5.0
-5.0
-4.9
-4.9
-4.9
-4.8
-4.8
-4.9
-5.0
-4.7
-4.5
-4.6
-4.9
-5.0
-5.0
-4.8
-4.6
-4.8
-5.0
-5.1
-5.0
-4.9
-4.9
-4.8
-4.6
-4.6
-4.7
-4.6
-4.5
-4.5
-4.6
-4.8
-4.9
-5.1
-5.3
-5.1
-5.0
-5.0
-5.1
-4.9
-4.8
-4.9
-4.8
-4.6
-4.3
-4.3
-4.5
-4.5
-4.7
-4.7
-4.4
-4.3
-4.4
-4.4
-4.3
-4.2
-4.2
-4.3
-4.4
-4.5
-4.6
-4.4
-4.3
-4.2
-4.2
-4.1
-4.0
-4.3
-4.4
-4.3
-4.4
-4.5
-4.8
-4.9
-4.7
-4.4
-4.3
-4.4
-4.4
-4.4
-4.3
-4.2
-4.3
-4.2
-4.3
-4.4
-4.5
-4.3
-4.1
-4.3
-4.6
-4.6
-4.5
-4.5
-4.9
-5.0
-4.9
-4.7
-4.8
-4.9
-4.7
-4.4
-4.3
-4.4
-4.4
-4.2
-4.3
-4.3
-4.2
-4.0
-4.0
-4.0
-4.0
-3.8
-3.8
-3.8
-3.8
-3.6
-3.4
-3.8
-4.0
-3.7
-3.5
-3.6
-3.5
-3.4
-3.3
-3.4
-3.2
-3.0
-3.0
-3.3
-3.7
-3.8
-3.6
-3.3
-3.4
-3.6
-3.6
-3.7
-3.9
-4.0
-4.0
-3.9
-4.0
-4.3
-4.4
-4.3
-4.2
-4.3
-4.4
-4.3
-4.4
-4.7
-5.0
-4.9
-4.6
-4.5
-4.7
-4.8
-4.8
-4.7
-4.7
-4.8
-4.6
-4.4
-4.4
-4.4
-4.4
-4.2
-4.3
-4.4
-4.3
-4.0
-3.8
-3.9
-3.9
-3.8
-3.7
-3.6
-3.7
-3.8
-3.8
-3.7
-3.6
-3.5
-3.4
-3.3
-3.3
-3.3
-3.6
-3.9
-4.2
-4.1
-4.1
-4.4
-4.6
-4.3
-4.3
-4.7
-4.9
-4.9
-4.8
-5.0
-5.0
-5.1
-4.9
-4.8
-5.1
-5.3
-5.1
-4.7
-4.7
-4.7
-4.8
-4.8
-4.6
-4.4
-4.3
-4.1
-3.9
-4.1
-4.2
-3.9
-3.8
-4.0
-4.2
-4.1
-4.1
-4.1
-4.1
-3.8
-3.8
-4.1
-4.4
-4.2
-4.1
-4.2
-4.4
-4.4
-4.3
-4.3
-4.5
-4.6
-4.5
-4.4
-4.5
-4.5
-4.5
-4.5
-4.4
-4.2
-4.0
-3.8
-3.9
-4.2
-4.4
-4.2
-4.1
-4.1
-4.1
-4.0
-3.8
-3.9
-4.0
-4.1
-4.0
-4.0
-4.0
-3.9
-3.8
-3.7
-3.6
-3.7
-3.7
-3.7
-3.7
-3.7
-3.5
-3.5
-3.5
-3.7
-3.7
-3.4
-3.5
-3.7
-3.7
-3.7
-3.7
-4.0
-4.0
-3.9
-3.8
-3.7
-4.0
-4.2
-4.3
-4.3
-4.2
-4.1
-4.1
-4.1
-4.3
-3.9
-3.9
-3.9
-4.0
-4.0
-4.0
-4.2
-4.3
-4.3
-4.3
-4.2
-4.0
-4.1
-4.2
-3.8
-3.5
-3.5
-3.7
-3.8
-3.5
-3.6
-3.7
-3.3
-3.1
-3.0
-2.9
-2.7
-2.5
-2.5
-2.4
-2.3
-2.5
-2.6
-2.6
-2.7
-2.9
-2.8
-2.8
-2.7
-2.8
-2.9
-2.9
-2.9
-3.0
-3.1
-3.0
-3.0
-3.4
-3.6
-3.5
-3.5
-3.7
-3.6
-3.3
-3.4
-3.7
-3.7
-3.7
-3.9
-3.9
-3.9
-4.0
-4.3
-4.2
-4.1
-4.1
-4.1
-4.2
-4.4
-4.5
-4.3
-4.1
-4.1
-3.8
-3.7
-3.7
-3.8
-3.7
-3.6
-3.6
-3.7
-3.7
-3.5
-3.3
-3.1
-3.2
-3.2
-3.0
-3.2
-3.3
-3.2
-3.1
-3.1
-3.3
-3.4
-3.2
-2.8
-2.5
-2.6
-2.6
-2.4
-2.4
-2.2
-2.2
-2.1
-2.1
-2.3
-2.4
-2.6
-2.7
-2.8
-2.9
-3.2
-3.5
-3.7
-3.9
-3.9
-4.1
-4.4
-4.4
-4.2
-3.9
-4.1
-4.1
-4.3
-4.2
-4.1
-4.3
-4.3
-4.3
-4.0
-4.0
-4.3
-4.5
-4.4
-4.1
-4.1
-4.2
-4.1
-3.9
-4.1
-4.4
-4.3
-4.1
-4.1
-4.2
-4.0
-3.7
-3.7
-3.9
-3.8
-3.7
-3.7
-3.6
-3.5
-3.5
-3.5
-3.7
-3.6
-3.4
-3.3
-3.3
-3.5
-3.5
-3.2
-2.8
-2.8
-2.8
-2.7
-2.5
-2.3
-2.4
-2.4
-2.4
-2.4
-2.4
-2.4
-2.4
-2.4
-2.5
-2.6
-2.6
-2.8
-2.7
-2.6
-2.8
-2.8
-3.0
-3.2
-3.1
-2.9
-2.8
-3.2
-3.2
-3.2
-3.3
-3.4
-3.4
-3.3
-3.3
-3.7
-3.7
-3.5
-3.3
-3.4
-3.7
-3.5
-3.5
-3.4
-3.4
-3.2
-2.9
-2.9
-2.8
-2.7
-2.6
-2.7
-2.8
-2.9
-3.1
-3.1
-3.0
-3.0
-3.0
-3.2
-3.2
-3.2
-2.8
-2.7
-2.8
-3.0
-2.8
-2.5
-2.5
-2.7
-2.8
-2.6
-2.3
-1.9
-1.8
-1.8
-1.8
-1.8
-1.7
-1.6
-1.5
-1.5
-1.8
-2.1
-2.0
-1.8
-1.5
-1.6
-1.6
-1.5
-1.8
-2.0
-2.0
-1.8
-1.9
-1.9
-1.9
-2.1
-2.2
-1.9
-1.9
-1.9
-2.1
-2.4
-2.5
-2.5
-2.7
-2.8
-2.7
-2.6
-2.5
-2.4
-2.5
-2.3
-2.2
-2.1
-2.1
-2.2
-2.2
-2.1
-2.0
-2.1
-2.0
-1.7
-1.6
-1.5
-1.6
-1.5
-1.6
-1.5
-1.4
-1.6
-1.8
-1.8
-1.7
-1.6
-1.7
-1.8
-1.7
-1.7
-1.6
-1.6
-1.7
-1.7
-1.6
-1.7
-1.8
-1.9
-1.8
-1.9
-1.8
-1.7
-1.5
-1.6
-1.7
-1.7
-1.6
-1.5
-1.8
-2.0
-1.8
-1.6
-1.5
-1.9
-2.0
-1.9
-1.8
-1.9
-2.2
-2.1
-2.0
-2.1
-2.1
-2.2
-2.1
-2.2
-2.4
-2.5
-2.4
-2.4
-2.6
-2.6
-2.4
-2.2
-2.2
-2.5
-2.6
-2.4
-2.5
-2.6
-2.5
-2.4
-2.4
-2.5
-2.5
-2.1
-1.9
-1.8
-1.8
-1.8
-1.9
-1.9
-1.8
-1.8
-2.0
-2.0
-2.1
-2.0
-2.0
-2.1
-2.2
-2.0
-1.6
-1.3
-1.5
-1.6
-1.6
-1.6
-1.6
-1.6
-1.4
-1.2
-1.3
-1.5
-1.5
-1.5
-1.5
-1.4
-1.4
-1.5
-1.8
-1.9
-1.8
-1.7
-1.5
-1.8
-2.2
-2.4
-2.5
-2.6
-2.7
-2.7
-2.6
-2.6
-2.7
-2.8
-2.7
-2.7
-2.7
-2.8
-2.5
-2.4
-2.5
-2.7
-2.7
-2.6
-2.5
-2.5
-2.5
-2.4
-2.3
-2.4
-2.4
-2.0
-1.8
-1.9
-1.9
-1.8
-1.7
-1.7
-1.7
-1.5
-1.5
-1.7
-1.9
-2.0
-1.8
-1.8
-1.8
-1.8
-1.8
-1.7
-1.8
-1.9
-2.0
-2.0
-2.1
-2.2
-2.2
-2.1
-2.1
-2.2
-2.2
-2.5
-2.8
-2.8
-2.7
-2.4
-2.3
-2.5
-2.6
-2.2
-2.0
-1.9
-1.9
-1.9
-2.0
-1.9
-1.7
-1.6
-1.5
-1.4
-1.4
-1.5
-1.4
-1.3
-1.4
-1.5
-1.4
-1.3
-1.5
-1.8
-1.8
-1.8
-2.0
-2.2
-2.3
-2.3
-2.2
-2.2
-2.2
-2.1
-2.1
-2.1
-2.3
-2.4
-2.3
-2.1
-2.0
-2.1
-2.1
-2.2
-2.2
-2.0
-2.1
-2.2
-2.3
-2.3
-2.1
-2.1
-2.1
-2.0
-2.0
-2.1
-2.1
-2.2
-2.1
-2.1
-2.2
-2.3
-2.3
-2.1
-2.1
-2.3
-2.2
-2.0
-2.0
-2.4
-2.4
-2.2
-2.2
-2.3
-2.2
-2.1
-1.9
-1.9
-2.1
-2.2
-2.1
-2.2
-2.3
-2.4
-2.4
-2.4
-2.6
-2.7
-2.6
-2.5
-2.2
-2.2
-2.2
-2.2
-2.0
-1.9
-1.9
-1.9
-1.8
-1.8
-1.9
-1.9
-1.8
-1.7
-1.7
-1.6
-1.6
-2.0
-2.1
-1.9
-1.6
-1.7
-1.8
-1.8
-1.6
-1.4
-1.5
-1.7
-1.7
-1.4
-1.5
-1.7
-1.8
-1.8
-2.0
-2.4
-2.4
-2.1
-1.9
-2.1
-2.3
-2.2
-2.0
-2.0
-2.0
-1.9
-1.8
-1.8
-1.8
-1.8
-1.6
-1.5
-1.4
-1.4
-1.3
-1.4
-1.7
-1.8
-1.7
-1.8
-2.2
-2.3
-2.2
-2.2
-2.4
-2.5
-2.4
-2.2
-1.9
-1.9
-2.1
-2.2
-2.2
-2.2
-2.1
-1.8
-1.9
-2.1
-2.1
-2.1
-2.1
-2.2
-2.4
-2.4
-2.2
-2.1
-1.9
-1.7
-1.4
-1.5
-1.3
-1.0
-0.8
-0.9
-1.0
-1.0
-0.7
-0.6
-0.7
-1.0
-1.0
-0.9
-1.0
-1.1
-1.3
-1.2
-1.0
-0.9
-0.9
-1.0
-0.9
-0.9
-0.9
-1.0
-0.9
-1.0
-1.2
-1.4
-1.3
-1.3
-1.4
-1.5
-1.3
-1.3
-1.6
-1.7
-1.6
-1.6
-1.7
-2.0
-2.1
-1.9
-1.7
-1.7
-1.8
-1.8
-1.7
-1.7
-1.6
-1.6
-1.5
-1.6
-1.8
-1.8
-1.7
-1.6
-1.8
-1.7
-1.7
-1.7
-1.7
-1.5
-1.4
-1.2
-1.2
-1.3
-1.5
-1.5
-1.5
-1.3
-1.1
-1.1
-1.0
-0.8
-0.5
-0.3
-0.3
-0.3
-0.1
-0.2
-0.2
-0.3
-0.3
-0.1
0.0
0.0
-0.1
-0.2
-0.3
-0.3
-0.3
-0.4
-0.2
-0.1
-0.1
-0.3
-0.3
-0.4
-0.5
-0.6
-0.6
-0.8
-1.0
-1.0
-1.0
-1.0
-1.1
-1.3
-1.3
-1.3
-1.3
-1.5
-1.3
-1.3
-1.4
-1.6
-1.7
-1.6
-1.8
-1.9
-1.8
-1.6
-1.6
-1.8
-1.8
-1.7
-1.6
-1.6
-1.5
-1.4
-1.5
-1.4
-1.3
-1.1
-1.1
-1.1
-1.1
-1.1
-1.1
-1.0
-1.1
-1.1
-1.1
-1.0
-0.9
-0.8
-0.6
-0.2
0.0
-0.2
-0.4
0.0
0.2
0.3
0.1
0.0
0.0
0.1
0.1
0.2
0.3
0.1
-0.1
-0.3
-0.3
-0.3
-0.3
-0.2
-0.3
-0.5
-0.6
-0.7
-0.8
-0.8
-1.0
-0.9
-1.0
-1.1
-1.0
-1.1
-1.2
-1.4
-1.3
-1.3
-1.5
-1.5
-1.3
-1.2
-1.2
-1.3
-1.3
-1.5
-1.7
-1.7
-1.6
-1.3
-1.5
-1.5
-1.6
-1.4
-1.4
-1.3
-1.0
-1.1
-1.0
-0.9
-0.8
-0.6
-0.5
-0.3
-0.4
-0.3
-0.2
-0.2
-0.2
0.0
0.0
0.1
0.2
0.4
0.2
0.0
-0.1
0.0
0.3
0.4
0.1
-0.1
-0.2
-0.2
-0.4
-0.5
-0.9
-1.2
-1.3
-1.2
-1.0
-0.9
-1.0
-1.0
-0.9
-0.7
-0.6
-0.5
-0.5
-0.4
-0.4
-0.4
-0.6
-0.7
-0.5
-0.5
-0.6
-0.7
-0.7
-0.8
-1.0
-0.8
-0.8
-1.0
-1.2
-1.2
-1.1
-1.1
-1.2
-1.1
-0.9
-0.7
-0.8
-0.9
-0.8
-0.6
-0.5
-0.5
-0.4
-0.3
-0.3
-0.3
-0.2
0.0
0.1
0.3
0.5
0.6
0.5
0.5
0.5
0.6
0.5
0.4
0.2
0.3
0.4
0.3
0.0
0.0
0.0
0.0
-0.2
-0.6
-0.5
-0.3
-0.4
-0.6
-0.6
-0.5
-0.5
-0.6
-0.5
-0.5
-0.5
-0.7
-1.0
-0.9
-1.0
-1.3
-1.4
-1.5
-1.5
-1.4
-1.2
-1.0
-0.9
-0.9
-1.1
-1.0
-0.9
-0.9
-1.1
-1.3
-1.1
-1.0
-1.0
-1.0
-0.9
-0.8
-1.0
-1.0
-1.0
-1.0
-1.0
-1.1
-1.1
-1.0
-0.8
-0.8
-0.7
-0.7
-0.6
-0.7
-0.5
-0.2
-0.3
-0.5
-0.4
-0.2
0.0
0.2
0.3
0.3
0.4
0.4
0.4
0.5
0.6
0.4
0.2
0.0
0.1
0.2
0.1
-0.2
-0.5
-0.4
-0.2
-0.1
-0.2
0.0
0.0
-0.2
-0.2
0.1
0.6
0.5
0.1
0.0
0.1
0.0
0.0
0.0
-0.1
-0.4
-0.8
-0.8
-0.8
-0.8
-0.9
-1.0
-1.2
-1.2
-1.2
-1.1
-1.2
-1.4
-1.3
-1.2
-1.1
-0.8
-0.8
-1.1
-1.2
-0.9
-0.8
-0.8
-0.9
-0.7
-0.5
-0.3
-0.4
-0.3
-0.1
0.0
0.0
0.0
0.0
0.0
0.1
0.3
0.4
0.5
0.6
0.7
0.7
0.6
0.7
0.7
0.6
0.6
0.5
0.6
0.6
0.7
0.6
0.5
0.7
0.8
0.8
0.8
0.5
0.4
0.6
0.8
0.7
0.6
0.6
0.5
0.6
0.7
0.8
0.7
0.6
0.4
0.2
0.4
0.7
0.9
0.8
0.8
0.6
0.4
0.6
0.8
0.9
0.7
0.4
0.5
0.7
0.9
0.9
1.2
1.5
1.5
1.4
1.4
1.8
2.0
2.1
2.0
2.0
2.0
2.1
2.3
2.4
2.5
2.4
2.4
2.6
2.5
2.4
2.3
2.3
2.4
2.5
2.3
2.0
1.9
2.0
1.9
1.6
1.5
1.6
1.6
1.2
1.0
1.1
1.3
1.4
1.1
1.0
1.0
1.1
1.2
1.3
1.4
1.4
1.5
1.5
1.5
1.7
1.8
1.9
1.6
1.3
1.3
1.5
1.6
1.6
1.5
1.6
1.6
1.6
1.6
1.6
1.7
1.5
1.4
1.5
1.7
1.7
1.4
1.1
1.2
1.3
1.2
1.0
1.1
1.2
1.2
1.1
0.9
1.0
1.1
1.2
1.1
1.0
0.8
0.9
0.9
1.0
1.2
1.3
1.1
1.0
1.0
0.9
0.8
0.6
0.5
0.4
0.4
0.4
0.3
0.3
0.4
0.4
0.4
0.3
0.4
0.3
0.4
0.5
0.4
0.2
0.0
-0.2
-0.2
-0.4
-0.4
-0.4
-0.3
-0.4
-0.2
0.1
0.1
0.0
-0.2
-0.1
-0.1
0.0
0.0
0.0
0.0
0.0
0.0
0.0
0.0
-0.1
-0.2
-0.3
-0.4
-0.1
0.0
0.0
0.0
-0.1
0.0
0.0
0.4
0.6
0.3
0.2
0.5
0.6
0.4
0.4
0.5
0.6
0.6
0.9
0.9
0.8
0.7
0.7
0.6
0.4
0.3
0.5
0.4
0.3
0.2
0.1
0.1
0.1
0.2
0.2
0.1
0.0
0.0
0.1
0.1
-0.1
-0.1
-0.1
-0.1
-0.2
-0.4
-0.5
-0.5
-0.5
-0.4
-0.6
-0.7
-0.8
-0.9
-0.8
-0.8
-0.7
-0.5
-0.5
-0.8
-0.9
-0.7
-0.7
-0.7
-0.5
-0.4
-0.4
-0.4
-0.2
-0.2
-0.2
-0.1
-0.2
-0.4
-0.5
-0.5
-0.6
-0.6
-0.8
-1.0
-1.0
-0.9
-0.9
-0.9
-0.9
-0.8
-0.8
-0.9
-0.9
-0.7
-0.6
-0.8
-0.9
-0.9
-0.8
-0.8
-1.0
-1.1
-1.0
-0.8
-0.7
-1.3
-1.6
-1.6
-1.4
-1.3
-1.4
-1.5
-1.7
-1.6
-1.4
-1.2
-1.4
-1.8
-1.9
-1.8
-1.7
-2.0
-2.0
-1.8
-1.8
-1.9
-1.9
-2.0
-2.0
-1.8
-1.7
-1.7
-1.5
-1.2
-1.2
-1.3
-1.3
-1.4
-1.6
-1.7
-1.8
-1.8
-1.6
-1.4
-1.4
-1.6
-1.5
-1.4
-1.3
-1.4
-1.4
-1.5
-1.3
-1.5
-1.7
-1.8
-1.8
-1.6
-1.6
-1.7
-1.9
-2.0
-2.1
-2.2
-2.1
-2.3
-2.5
-2.5
-2.4
-2.2
-2.1
-2.1
-2.0
-1.7
-1.9
-1.9
-1.8
-1.8
-1.9
-2.1
-2.2
-2.2
-2.0
-1.9
-2.0
-2.1
-2.0
-1.8
-1.6
-1.6
-1.6
-1.6
-1.5
-1.5
-1.5
-1.3
-1.3
-1.4
-1.3
-1.1
-0.9
-1.2
-1.4
-1.5
-1.5
-1.5
-1.7
-1.8
-1.8
-1.7
-1.9
-2.0
-1.8
-2.0
-2.2
-2.3
-2.2
-2.3
-2.5
-2.5
-2.3
-2.1
-1.9
-2.1
-2.2
-2.2
-2.1
-2.0
-2.1
-2.0
-1.8
-1.7
-1.5
-1.5
-1.5
-1.7
-2.0
-2.2
-2.3
-2.4
-2.5
-2.7
-2.5
-2.4
-2.5
-2.7
-2.7
-2.8
-2.8
-2.7
-2.9
-2.9
-3.0
-3.1
-3.1
-3.1
-3.2
-3.3
-3.2
-3.3
-3.2
-2.9
-2.7
-2.7
-2.9
-3.2
-3.4
-3.4
-3.3
-3.3
-3.3
-3.3
-3.1
-2.8
-2.7
-2.7
-2.8
-2.7
-2.9
-2.8
-2.8
-3.0
-2.8
-2.8
-2.9
-3.0
-2.8
-2.6
-2.9
-2.8
-2.7
-2.7
-2.7
-2.6
-2.5
-2.7
-2.7
-2.5
-2.5
-2.7
-2.9
-2.8
-2.5
-2.5
-2.7
-2.9
-2.7
-2.5
-2.4
-2.5
-2.6
-2.4
-2.2
-2.3
-2.3
-2.4
-2.4
-2.5
-2.5
-2.4
-2.3
-2.3
-2.3
-2.2
-2.2
-2.1
-2.2
-2.2
-2.3
-2.3
-2.3
-2.2
-2.3
-2.7
-2.7
-2.7
-2.6
-2.6
-2.8
-2.9
-2.8
-2.7
-2.7
-2.7
-2.8
-2.7
-2.9
-3.2
-3.3
-3.0
-3.0
-3.1
-3.1
-2.9
-2.8
-2.8
-2.9
-2.9
-2.9
-2.8
-2.7
-2.7
-2.6
-2.6
-2.6
-2.2
-1.9
-1.9
-1.9
-2.1
-2.2
-2.2
-2.2
-2.1
-2.1
-2.0
-2.0
-1.9
-1.8
-1.8
-1.9
-2.0
-2.0
-2.0
-2.2
-2.2
-2.1
-2.0
-2.2
-2.3
-2.3
-2.5
-2.7
-2.6
-2.6
-2.7
-2.8
-2.9
-2.9
-2.9
-2.7
-2.7
-3.0
-3.2
-3.0
-2.7
-2.6
-2.6
-2.6
-2.6
-2.6
-2.7
-2.8
-2.6
-2.5
-2.6
-2.7
-2.7
-2.6
-2.7
-2.7
-2.9
-2.9
-2.8
-2.8
-2.6
-2.5
-2.6
-2.7
-2.5
-2.5
-2.5
-2.5
-2.6
-2.6
-2.6
-2.7
-2.6
-2.5
-2.4
-2.4
-2.5
-2.6
-2.7
-2.7
-2.7
-2.6
-2.6
-2.9
-3.0
-2.9
-3.0
-3.2
-3.3
-3.2
-3.0
-2.7
-2.7
-3.0
-3.2
-3.0
-2.6
-2.7
-2.6
-2.5
-2.3
-2.6
-2.6
-2.3
-2.0
-2.0
-2.4
-2.5
-2.3
-2.0
-2.0
-2.0
-2.1
-2.1
-1.9
-1.7
-1.6
-1.8
-2.0
-2.1
-2.0
-1.9
-2.0
-2.3
-2.5
-2.3
-2.3
-2.5
-2.7
-2.7
-2.8
-2.7
-2.7
-3.0
-3.1
-2.9
-2.6
-2.2
-2.3
-2.6
-2.6
-2.4
-2.2
-2.3
-2.2
-2.1
-2.0
-2.2
-2.5
-2.5
-2.2
-2.1
-2.3
-2.5
-2.5
-2.4
-2.2
-2.1
-2.1
-2.3
-2.4
-2.5
-2.5
-2.4
-2.4
-2.6
-2.8
-2.7
-2.6
-2.7
-2.7
-2.7
-2.9
-3.0
-3.1
-3.0
-2.8
-2.8
-2.9
-2.8
-3.2
-3.2
-3.1
-3.0
-2.6
-2.4
-2.4
-2.6
-2.5
-2.3
-2.2
-2.1
-2.2
-2.4
-2.5
-2.4
-2.4
-2.4
-2.1
-2.0
-2.2
-2.2
-2.1
-2.1
-2.4
-2.3
-2.3
-2.4
-2.4
-2.4
-2.4
-2.4
-2.3
-2.1
-2.1
-2.3
-2.6
-2.7
-2.5
-2.4
-2.4
-2.6
-2.5
-2.2
-2.2
-2.3
-2.2
-2.2
-2.4
-2.6
-2.6
-2.5
-2.3
-2.3
-2.0
-1.8
-1.8
-1.7
-1.6
-1.3
-1.1
-1.4
-1.8
-1.7
-1.3
-1.4
-1.6
-1.6
-1.5
-1.4
-1.5
-1.6
-1.5
-1.3
-1.3
-1.5
-1.4
-1.4
-1.3
-1.3
-1.2
-1.0
-1.2
-1.3
-1.2
-1.2
-1.3
-1.3
-1.3
-1.2
-1.2
-1.5
-1.6
-1.4
-1.1
-1.2
-1.2
-1.2
-1.3
-1.2
-1.0
-1.0
-1.1
-1.2
-1.3
-1.3
-1.3
-1.4
-1.3
-1.2
-1.3
-1.7
-1.7
-1.6
-1.6
-1.5
-1.4
-1.5
-1.6
-1.6
-1.5
-1.7
-1.8
-1.9
-1.8
-1.9
-2.0
-2.0
-2.0
-2.0
-2.0
-1.9
-2.0
-2.2
-2.2
-2.2
-2.1
-2.2
-2.4
-2.3
-2.2
-2.1
-2.3
-2.4
-2.3
-2.0
-1.9
-2.0
-1.8
-1.6
-1.7
-1.9
-2.0
-1.9
-1.8
-1.8
-1.8
-1.9
-2.1
-2.3
-2.3
-2.0
-1.9
-1.9
-2.0
-2.0
-1.6
-1.2
-1.3
-1.4
-1.3
-1.5
-1.7
-1.9
-2.0
-1.8
-1.8
-2.2
-2.4
-2.3
-2.2
-2.3
-2.3
-1.9
-1.6
-1.7
-2.0
-1.8
-1.5
-1.4
-1.4
-1.6
-1.6
-1.6
-1.7
-1.8
-1.7
-1.5
-1.6
-1.9
-2.1
-2.2
-2.2
-2.0
-1.8
-1.9
-2.0
-1.9
-1.7
-1.6
-1.5
-1.7
-1.8
-2.0
-1.9
-1.8
-1.9
-1.9
-1.8
-1.8
-1.9
-1.7
-1.6
-2.0
-2.2
-2.2
-2.1
-2.0
-2.1
-1.9
-2.0
-2.1
-2.0
-1.9
-1.8
-1.7
-1.7
-1.7
-1.6
-1.7
-1.8
-1.9
-1.9
-1.7
-1.7
-1.7
-1.8
-2.0
-2.0
-2.0
-1.8
-1.9
-2.0
-1.9
-1.9
-1.9
-1.9
-1.7
-1.7
-2.0
-2.2
-2.3
-2.2
-2.1
-2.0
-1.9
-1.8
-1.8
-1.7
-1.5
-1.4
-1.5
-1.3
-1.2
-1.6
-2.0
-2.1
-1.5
-1.2
-1.5
-1.7
-1.6
-1.4
-1.2
-1.1
-1.1
-1.2
-1.0
-0.9
-0.7
-1.0
-1.2
-1.2
-1.2
-1.2
-1.5
-1.7
-1.6
-1.5
-1.5
-1.5
-1.5
-1.3
-1.3
-1.4
-1.5
-1.4
-1.3
-1.3
-1.5
-1.5
-1.5
-1.4
-1.5
-1.6
-1.6
-1.6
-1.5
-1.5
-1.6
-1.5
-1.4
-1.6
-1.7
-1.7
-1.7
-1.7
-1.7
-1.7
-1.8
-1.6
-1.5
-1.5
-1.6
-1.8
-1.8
-1.8
-1.6
-1.7
-1.8
-1.7
-1.7
-1.8
-2.0
-1.9
-1.8
-1.8
-2.0
-2.1
-1.8
-1.9
-2.0
-2.1
-1.9
-1.7
-1.7
-1.8
-1.5
-1.2
-1.1
-1.3
-1.3
-1.0
-1.0
-1.2
-1.4
-1.3
-1.2
-1.3
-1.3
-1.3
-1.2
-1.4
-1.5
-1.5
-1.3
-1.2
-1.2
-1.4
-1.2
-1.0
-1.1
-1.2
-1.2
-1.2
-1.2
-1.3
-1.3
-1.3
-1.7
-1.9
-2.0
-1.8
-1.8
-1.9
-1.8
-1.6
-1.4
-1.2
-1.3
-1.2
-1.5
-1.6
-1.5
-1.8
-1.8
-1.8
-2.0
-2.0
-2.0
-2.0
-2.0
-2.0
-2.0
-1.9
-1.5
-1.5
-1.4
-1.3
-1.3
-1.3
-1.2
-1.1
-1.2
-1.3
-1.2
-1.0
-0.9
-0.9
-1.1
-0.9
-0.7
-0.8
-1.2
-1.5
-1.4
-1.2
-1.1
-1.0
-0.9
-0.9
-1.1
-1.2
-1.0
-0.9
-0.8
-1.0
-1.2
-1.3
-1.3
-1.4
-1.5
-1.7
-1.8
-1.9
-1.9
-1.9
-1.8
-1.6
-1.5
-1.3
-1.3
-1.5
-1.8
-1.8
-1.7
-1.5
-1.5
-1.5
-1.5
-1.5
-1.5
-1.5
-1.3
-1.2
-1.2
-1.2
-1.5
-1.3
-1.2
-1.3
-1.4
-1.5
-1.6
-1.9
-1.8
-1.7
-1.7
-1.6
-1.4
-1.2
-1.2
-1.5
-1.6
-1.4
-1.2
-1.3
-1.5
-1.5
-1.1
-1.0
-1.1
-0.9
-0.8
-0.9
-1.3
-1.3
-1.0
-1.1
-1.4
-1.6
-1.6
-1.7
-1.8
-1.8
-1.6
-1.8
-2.1
-2.2
-2.2
-2.0
-2.1
-1.9
-1.8
-1.8
-1.8
-1.9
-1.7
-1.6
-1.5
-1.5
-1.3
-1.4
-1.5
-1.5
-1.2
-1.2
-1.3
-1.4
-1.0
-0.9
-1.0
-1.0
-0.9
-0.9
-1.0
-0.9
-0.8
-0.7
-0.7
-0.7
-0.5
-0.2
-0.2
-0.3
-0.4
-0.6
-0.9
-0.9
-0.9
-1.0
-1.1
-1.0
-1.0
-1.1
-1.2
-1.4
-1.4
-1.5
-1.5
-1.6
-1.7
-1.7
-1.6
-1.6
-1.6
-1.6
-1.9
-2.1
-2.2
-2.1
-2.0
-1.9
-1.9
-1.7
-1.5
-1.5
-1.5
-1.4
-1.2
-1.0
-1.2
-1.3
-1.2
-1.1
-1.0
-0.9
-0.8
-0.9
-1.2
-1.4
-1.1
-0.9
-1.0
-1.1
-1.0
-0.8
-0.7
-0.6
-0.4
-0.4
-0.4
-0.4
-0.4
-0.4
-0.4
-0.4
-0.4
-0.5
-0.5
-0.4
-0.4
-0.5
-0.6
-0.6
-0.5
-0.1
-0.1
-0.3
-0.6
-0.6
-0.3
-0.4
-0.6
-0.9
-0.9
-0.9
-0.8
-0.8
-1.0
-1.2
-1.2
-1.1
-1.2
-1.4
-1.6
-1.5
-1.2
-1.3
-1.7
-1.8
-1.7
-1.7
-1.8
-1.9
-1.9
-1.8
-1.7
-1.8
-1.9
-1.8
-1.8
-1.9
-1.8
-1.7
-1.7
-1.7
-1.8
-1.7
-1.3
-1.1
-1.1
-1.2
-1.1
-1.0
-0.8
-0.9
-0.9
-0.9
-0.9
-0.9
-0.9
-0.9
-0.7
-0.5
-0.4
-0.3
-0.3
-0.3
-0.4
-0.4
-0.4
-0.3
-0.4
-0.5
-0.5
-0.5
-0.6
-0.6
-0.6
-0.6
-0.7
-0.8
-0.8
-0.8
-1.0
-1.1
-0.9
-0.9
-1.1
-1.3
-1.3
-1.1
-0.9
-0.9
-1.0
-1.0
-1.1
-1.2
-0.9
-0.7
-0.7
-0.9
-1.2
-1.2
-1.2
-1.2
-1.1
-1.1
-1.2
-1.2
-1.1
-0.9
-0.8
-1.0
-1.3
-1.4
-1.2
-1.2
-1.3
-1.5
-1.5
-1.3
-1.0
-1.0
-1.1
-1.1
-1.1
-1.2
-1.1
-1.0
-1.2
-1.2
-1.1
-1.0
-1.1
-1.1
-1.0
-1.0
-0.9
-0.9
-1.0
-1.1
-1.1
-1.1
-1.0
-0.6
-0.4
-0.4
-0.4
-0.5
-0.4
-0.4
-0.4
-0.6
-0.7
-0.6
-0.6
-0.8
-0.9
-0.9
-1.0
-1.2
-1.3
-1.3
-1.5
-1.6
-1.5
-1.3
-1.2
-1.1
-1.2
-1.3
-1.2
-1.3
-1.4
-1.3
-1.2
-1.4
-1.7
-1.8
-1.7
-1.6
-1.2
-1.2
-1.3
-1.2
-1.1
-1.1
-1.2
-1.3
-1.2
-1.3
-1.3
-1.3
-1.3
-1.3
-1.1
-1.2
-1.3
-1.1
-0.9
-0.8
-0.8
-0.7
-0.7
-0.6
-0.5
-0.5
-0.6
-0.5
-0.4
-0.4
-0.5
-0.4
-0.2
-0.2
-0.6
-1.0
-1.1
-1.0
-1.0
-0.9
-0.9
-0.9
-0.8
-0.7
-0.8
-0.7
-0.6
-0.6
-0.8
-0.8
-1.0
-0.9
-0.8
-0.8
-0.8
-1.0
-1.2
-1.3
-1.3
-1.5
-1.5
-1.6
-1.6
-1.5
-1.5
-1.5
-1.6
-1.6
-1.6
-1.7
-1.7
-1.5
-1.6
-1.6
-1.5
-1.3
-1.1
-1.1
-1.2
-1.3
-1.1
-0.9
-0.8
-0.7
-0.6
-0.5
-0.4
-0.3
-0.4
-0.4
-0.6
-0.7
-0.8
-0.6
-0.6
-0.8
-0.8
-0.6
-0.5
-0.7
-0.7
-0.5
-0.6
-0.6
-0.6
-0.5
-0.6
-0.9
-1.1
-1.2
-1.4
-1.4
-1.5
-1.5
-1.3
-1.4
-1.6
-1.5
-1.6
-1.6
-1.5
-1.7
-2.0
-1.9
-1.7
-1.6
-1.6
-1.6
-1.7
-1.7
-1.5
-1.6
-1.5
-1.2
-1.1
-1.0
-1.0
-1.1
-1.1
-0.9
-0.8
-0.8
-0.9
-0.8
-0.5
-0.2
0.0
0.1
0.3
0.4
0.6
0.6
0.6
0.8
0.9
0.7
0.6
0.8
1.6
2.1
2.0
1.6
1.8
2.2
2.4
2.5
2.5
2.6
2.6
2.4
2.3
2.7
3.1
3.4
3.2
2.9
2.7
2.7
2.8
2.9
2.9
3.0
2.8
2.7
3.1
3.5
3.5
3.3
3.1
3.2
3.5
3.6
3.3
3.4
3.5
3.6
3.7
3.8
3.9
4.0
4.1
4.1
4.3
4.4
4.4
4.3
4.1
3.9
3.9
3.8
3.8
3.9
3.9
3.7
3.6
3.7
3.7
3.5
3.5
3.5
3.3
3.2
3.5
3.8
3.9
3.8
3.5
3.4
3.5
3.8
3.9
3.8
3.9
3.9
3.9
3.7
3.6
3.7
3.5
3.1
3.4
3.8
3.8
3.2
2.9
3.3
3.5
3.6
3.2
3.0
3.5
4.1
4.4
4.5
4.3
3.9
3.5
4.0
4.6
4.8
5.0
4.7
4.2
4.3
4.6
4.6
4.7
5.3
6.6
7.4
7.5
7.3
7.6
7.9
7.8
7.7
8.1
8.8
9.7
10.4
10.7
11.3
12.5
13.9
14.8
15.2
16.2
17.6
18.9
20.7
22.5
24.0
25.1
26.1
27.1
27.9
29.4
31.3
32.8
33.5
34.1
35.0
35.6
36.0
36.8
37.8
38.4
38.6
38.7
38.9
39.1
39.5
39.9
40.3
40.5
40.6
40.7
40.7
40.5
40.4
40.1
39.5
38.8
38.2
37.7
36.9
36.1
35.1
33.9
32.7
31.8
31.1
30.0
28.8
28.1
27.6
27.0
26.2
25.5
24.7
24.0
23.4
22.7
22.1
21.6
21.0
20.3
19.8
19.3
18.6
18.0
17.5
17.2
16.8
16.3
16.0
15.5
15.0
14.5
14.2
14.2
14.1
13.6
13.2
12.8
12.4
12.1
11.9
11.6
11.2
10.8
10.5
10.3
10.0
9.8
9.7
9.4
9.3
8.9
8.5
8.3
8.3
8.3
7.8
7.4
7.3
7.3
7.1
7.0
6.7
6.7
6.6
6.5
6.5
6.3
6.2
6.2
6.0
5.7
5.4
5.3
5.1
4.9
4.8
4.6
4.5
4.5
4.4
4.2
4.3
4.2
4.0
4.0
4.0
3.8
3.7
3.7
3.6
3.5
3.5
3.6
3.6
3.3
3.2
3.3
3.4
3.3
3.1
2.9
2.6
2.5
2.5
2.5
2.5
2.4
2.3
2.1
2.1
2.1
2.0
1.9
1.7
1.6
1.5
1.7
1.8
1.7
1.7
1.7
1.9
2.0
1.9
1.9
2.0
2.1
2.1
2.3
2.4
2.2
1.8
1.8
2.0
2.0
1.8
1.5
1.4
1.4
1.1
1.0
1.0
1.0
1.0
1.0
1.0
0.9
0.8
0.8
0.5
0.1
0.2
0.4
0.3
0.1
0.3
0.6
0.8
0.9
1.0
1.0
1.2
1.3
1.6
1.5
1.3
1.5
1.5
1.2
0.8
0.7
0.5
0.4
0.2
0.1
0.0
0.0
0.1
0.2
0.2
0.0
0.0
-0.1
-0.1
-0.1
-0.3
-0.2
-0.2
-0.2
0.0
0.0
0.0
0.0
0.1
0.2
0.3
0.5
0.5
0.7
1.0
0.9
1.0
1.1
1.4
1.5
1.3
1.1
1.2
1.3
1.3
1.3
1.5
1.4
1.2
1.3
1.3
1.5
1.7
1.9
1.8
2.0
2.0
2.1
2.2
2.6
2.8
2.5
2.1
2.1
2.4
2.5
2.5
2.4
2.3
2.2
2.5
2.7
2.6
2.5
2.7
2.7
2.4
2.3
2.6
2.6
2.4
2.4
2.4
2.3
2.2
2.2
2.0
2.0
2.0
2.0
1.9
1.7
1.7
2.0
2.1
2.2
2.4
2.5
2.7
2.6
2.3
2.4
2.5
2.6
2.5
2.3
2.5
2.6
2.5
2.6
2.6
2.7
2.9
2.9
2.9
2.8
2.7
2.9
3.2
3.1
3.1
3.2
2.9
2.9
3.4
3.6
3.7
3.7
3.5
3.4
3.5
3.7
3.6
3.4
3.4
3.3
3.4
3.3
3.2
3.2
3.4
3.4
3.3
3.3
3.3
3.2
3.1
2.9
2.9
3.0
2.9
2.7
2.6
2.7
2.8
3.0
3.0
3.0
3.0
2.9
2.8
3.0
3.1
2.8
2.7
2.9
3.2
3.2
3.3
3.6
3.5
3.5
3.6
3.7
3.5
3.5
3.5
3.7
3.8
3.9
4.1
4.3
4.4
4.5
4.6
4.6
4.5
4.6
4.7
4.5
4.3
4.3
4.4
4.2
4.0
4.1
4.3
4.2
4.3
4.4
4.3
4.1
4.0
4.0
4.0
3.9
3.9
4.1
4.4
4.2
4.2
4.3
4.4
4.3
4.2
4.4
4.4
4.5
4.5
4.3
4.2
4.1
4.0
4.1
4.1
4.0
4.0
4.1
3.9
3.5
3.4
3.4
3.3
3.2
3.3
3.4
3.4
3.6
3.7
3.5
3.4
3.5
3.8
3.7
3.8
3.9
4.1
4.2
4.4
4.6
4.7
4.4
4.2
4.2
4.3
4.4
4.3
4.1
4.0
4.2
4.6
4.5
4.1
3.9
3.9
4.0
4.2
4.2
4.0
3.5
3.3
3.5
3.5
3.2
2.9
2.7
2.8
2.9
2.8
2.8
2.7
2.6
2.4
2.5
2.7
3.0
3.3
3.3
3.5
3.4
3.2
3.3
3.4
3.3
3.1
3.0
3.2
3.3
3.2
3.1
3.3
3.6
3.6
3.4
3.3
3.4
3.5
3.5
3.3
3.1
3.2
3.3
3.3
3.1
3.2
3.3
3.2
3.1
2.6
2.4
2.3
2.3
2.4
2.5
2.6
2.5
2.4
2.2
2.1
2.1
2.1
2.2
2.4
2.3
2.3
2.5
2.8
2.9
3.0
3.0
3.2
3.5
3.4
3.5
3.6
3.8
3.9
3.8
3.7
3.5
3.3
3.4
3.5
3.5
3.4
3.1
2.9
3.1
3.3
3.2
3.2
3.2
3.2
3.0
2.9
3.2
3.3
3.2
3.3
3.5
3.8
4.0
4.1
4.1
4.0
4.0
4.0
3.9
3.9
4.0
3.9
3.9
4.3
4.4
4.2
3.9
3.9
4.2
4.2
4.1
4.1
4.3
4.5
4.7
4.9
4.8
4.8
4.7
4.7
4.7
4.6
4.5
4.3
4.3
4.4
4.4
4.3
4.2
4.0
3.9
4.0
4.2
4.1
4.0
3.9
3.9
3.9
3.8
3.5
3.3
3.2
3.4
3.5
3.4
3.2
3.2
3.3
3.2
3.1
3.1
3.1
2.9
2.6
2.6
2.7
2.9
2.9
2.9
3.1
2.9
2.5
2.3
2.6
2.8
2.7
2.4
2.2
2.3
2.4
2.4
2.4
2.4
2.6
2.7
2.7
3.0
3.1
3.0
3.0
3.2
3.4
3.1
2.8
2.7
2.8
3.0
3.0
3.0
3.1
2.9
2.8
2.8
3.0
3.4
3.5
3.2
3.0
3.4
3.7
3.5
3.4
3.5
3.5
3.5
3.5
3.5
3.4
3.3
3.2
2.8
2.5
2.6
2.7
2.6
2.4
2.6
2.7
2.5
2.2
2.2
2.1
2.2
2.2
1.9
1.5
1.3
1.6
1.7
1.7
1.7
1.9
2.1
2.2
2.2
2.0
2.0
2.2
2.2
2.2
2.2
2.2
2.2
2.3
2.2
1.9
1.8
1.8
1.8
1.7
1.6
1.7
2.0
2.2
2.2
2.1
2.1
1.9
1.8
1.9
2.3
2.6
2.5
2.1
1.9
1.9
2.0
2.2
2.2
2.3
2.5
2.7
2.7
2.8
2.9
2.9
2.6
2.6
2.8
2.8
2.7
2.8
3.0
3.0
2.9
2.7
2.6
2.8
2.9
2.8
2.7
2.8
2.8
2.7
2.4
2.4
2.4
2.5
2.5
2.6
2.7
2.7
2.6
2.6
2.7
2.7
2.3
2.1
2.1
2.0
1.9
1.9
1.9
2.0
2.1
1.9
2.0
2.3
2.4
2.3
2.3
2.2
2.0
1.9
2.0
2.2
2.4
2.2
2.2
2.2
2.5
2.4
2.0
1.9
1.8
1.9
2.0
2.1
2.2
2.1
2.2
2.5
2.8
2.6
2.5
2.4
2.5
2.5
2.5
2.6
2.7
2.4
2.4
2.6
2.7
2.5
2.4
2.2
2.0
2.0
2.0
1.6
1.0
0.8
0.7
0.8
1.0
0.8
0.5
0.0
-0.1
0.1
0.2
0.2
0.0
-0.1
-0.1
0.0
0.0
-0.2
-0.2
0.0
0.1
0.0
-0.1
0.0
0.1
0.3
0.4
0.2
0.0
0.2
0.6
0.7
0.6
0.8
1.0
1.2
1.5
1.6
1.6
1.6
1.5
1.4
1.4
1.6
1.5
1.4
1.4
1.3
1.4
1.8
1.7
1.5
1.4
1.3
1.2
1.0
0.8
0.6
0.3
0.1
-0.1
-0.2
-0.3
-0.4
-0.6
-0.6
-0.7
-0.7
-0.6
-0.5
-0.2
-0.1
-0.3
-0.6
-0.5
-0.2
-0.1
-0.3
-0.5
-0.5
-0.2
-0.1
0.0
0.1
0.3
0.3
0.2
0.6
1.1
1.0
0.7
0.6
0.8
1.0
1.0
1.0
0.9
0.8
1.0
1.2
1.0
0.6
0.6
0.8
0.8
0.4
0.5
0.8
1.1
1.6
1.8
1.7
1.5
1.5
1.3
1.1
1.1
1.3
1.1
0.9
0.9
1.1
1.0
0.8
0.7
0.6
0.5
0.3
0.1
0.1
0.2
0.3
0.1
0.1
0.0
0.2
0.6
1.0
0.7
0.4
0.6
0.9
1.3
1.3
1.0
0.9
0.9
1.5
1.8
1.7
1.5
1.4
1.4
1.3
1.1
1.0
1.0
1.2
1.1
0.7
0.6
0.4
0.3
0.2
0.4
0.2
0.0
0.1
0.5
0.7
0.8
0.5
0.5
0.5
0.5
0.5
0.6
0.4
0.1
0.0
0.4
0.8
0.5
0.0
-0.1
-0.1
-0.2
-0.1
0.0
0.2
0.1
0.0
0.1
0.6
0.6
0.3
0.1
0.2
0.2
0.1
0.2
0.1
0.0
-0.2
-0.2
0.1
0.2
0.1
0.0
0.0
0.1
0.0
0.2
0.4
0.2
0.1
-0.4
-0.5
-0.3
-0.5
-0.8
-0.7
-0.7
-0.7
-0.7
-0.7
-0.7
-0.5
-0.3
-0.3
-0.5
-0.6
-0.7
-0.9
-1.1
-1.2
-1.0
-0.8
-0.8
-1.0
-1.0
-1.2
-1.3
-1.3
-1.0
-1.0
-1.2
-1.5
-1.4
-1.3
-1.5
-1.5
-1.3
-1.3
-1.7
-2.0
-2.1
-2.0
-2.0
-2.3
-2.6
-2.7
-2.8
-2.9
-2.9
-3.2
-3.2
-3.1
-2.9
-2.9
-3.2
-3.2
-2.9
-2.8
-2.8
-2.6
-2.6
-2.7
-3.2
-3.5
-2.9
-2.5
-2.7
-2.8
-2.4
-2.1
-2.2
-2.5
-2.5
-2.7
-2.8
-2.6
-2.2
-2.0
-2.4
-2.5
-2.3
-2.2
-2.0
-2.1
-2.1
-2.1
-2.4
-2.3
-2.1
-2.3
-2.8
-2.9
-2.7
-2.7
-2.7
-2.7
-2.5
-2.5
-2.5
-2.3
-1.9
-1.7
-2.0
-2.5
-2.4
-2.1
-2.1
-2.3
-2.7
-3.1
-3.2
-3.0
-2.9
-3.0
-3.1
-2.9
-2.8
-3.1
-3.2
-3.2
-3.2
-3.1
-3.1
-2.9
-2.7
-2.7
-2.8
-3.0
-3.3
-3.4
-3.4
-3.2
-3.1
-3.2
-3.0
-2.7
-2.7
-2.7
-2.9
-2.7
-2.5
-2.4
-2.3
-2.2
-2.1
-2.0
-2.2
-2.2
-2.2
-2.2
-2.5
-2.6
-2.6
-2.5
-2.4
-2.6
-2.8
-2.8
-2.9
-3.0
-3.0
-2.6
-2.3
-2.6
-2.7
-2.6
-2.4
-2.6
-3.1
-3.2
-3.3
-3.2
-3.0
-3.1
-3.2
-3.1
-2.9
-2.8
-2.5
-2.3
-2.3
-2.6
-2.7
-2.7
-2.6
-2.9
-3.4
-3.6
-3.5
-3.3
-3.3
-3.4
-3.3
-3.4
-3.5
-3.3
-3.3
-3.4
-3.2
-2.9
-2.7
-2.6
-2.5
-2.8
-2.9
-2.9
-3.0
-3.0
-3.0
-3.1
-3.2
-3.0
-2.6
-2.7
-2.9
-3.0
-3.1
-3.0
-3.1
-3.4
-3.4
-3.1
-2.9
-3.2
-3.4
-3.4
-3.4
-3.6
-3.6
-3.5
-3.5
-3.7
-3.6
-3.6
-3.5
-3.6
-3.5
-3.4
-3.4
-3.5
-3.6
-3.5
-3.4
-3.3
-3.1
-3.2
-3.4
-3.3
-3.0
-2.9
-3.0
-2.8
-2.8
-2.9
-2.9
-2.7
-2.7
-2.9
-3.2
-3.6
-3.5
-3.3
-3.3
-3.2
-3.2
-3.2
-3.4
-3.5
-3.6
-3.7
-3.7
-3.8
-3.7
-3.7
-3.8
-3.7
-3.5
-3.3
-3.3
-3.6
-3.5
-3.4
-3.3
-3.5
-3.5
-3.5
-3.5
-3.4
-3.3
-3.1
-3.2
-3.3
-3.2
-3.1
-2.8
-2.5
-2.6
-2.7
-2.8
-2.8
-2.4
-2.1
-2.4
-2.8
-3.0
-3.2
-2.9
-3.0
-3.1
-3.2
-3.2
-3.1
-3.3
-3.2
-3.0
-3.1
-3.1
-3.1
-3.3
-3.3
-3.3
-3.2
-3.3
-3.5
-3.6
-3.5
-3.4
-3.2
-3.4
-3.4
-3.1
-2.7
-2.7
-2.8
-2.6
-2.5
-2.8
-3.0
-3.2
-3.1
-3.1
-3.0
-3.1
-3.1
-3.0
-3.0
-2.9
-2.9
-2.9
-3.0
-3.3
-3.3
-3.1
-2.8
-2.6
-2.7
-2.6
-2.6
-2.8
-2.8
-2.6
-2.6
-3.0
-3.1
-3.0
-2.7
-2.8
-2.9
-3.0
-2.8
-2.7
-3.0
-3.2
-3.1
-2.9
-2.9
-3.3
-3.5
-3.4
-3.1
-3.2
-3.3
-3.2
-3.1
-3.2
-3.1
-3.0
-2.8
-2.6
-2.4
-2.4
-2.4
-2.3
-2.2
-1.9
-1.9
-2.2
-2.6
-2.6
-2.6
-2.6
-2.7
-2.8
-3.0
-3.0
-3.1
-3.1
-3.1
-3.4
-3.6
-3.8
-3.6
-3.5
-3.4
-3.6
-3.6
-3.5
-3.3
-3.3
-3.4
-3.2
-2.9
-2.9
-2.9
-2.8
-2.8
-3.0
-3.1
-3.0
-2.8
-2.9
-3.0
-2.9
-2.7
-2.3
-2.2
-2.5
-2.5
-2.4
-2.5
-2.5
-2.3
-1.7
-1.5
-1.7
-1.8
-1.9
-2.1
-2.1
-2.1
-2.0
-2.0
-2.3
-2.4
-2.2
-2.1
-2.1
-2.1
-2.4
-2.5
-2.6
-2.4
-2.2
-2.4
-2.4
-2.5
-2.5
-2.6
-2.5
-2.5
-2.6
-2.5
-2.5
-2.7
-2.7
-2.4
-2.0
-2.1
-2.5
-2.6
-2.2
-1.9
-2.0
-1.9
-2.0
-2.0
-2.0
-1.9
-1.7
-2.0
-2.1
-2.0
-1.8
-1.9
-1.9
-2.0
-2.5
-2.7
-2.7
-2.5
-2.7
-2.9
-2.9
-2.9
-2.7
-2.6
-2.5
-2.5
-2.4
-2.8
-3.1
-3.2
-3.0
-2.9
-2.9
-3.0
-3.0
-2.9
-2.8
-2.6
-2.7
-2.9
-2.9
-3.0
-3.1
-3.2
-3.2
-3.2
-3.1
-3.0
-3.0
-3.0
-3.0
-3.1
-3.2
-3.2
-3.2
-3.3
-3.3
-3.2
-3.3
-3.5
-3.5
-3.3
-3.0
-2.9
-2.7
-2.9
-2.9
-2.7
-2.7
-2.5
-2.6
-2.7
-2.9
-3.0
-3.0
-3.0
-2.9
-2.9
-3.1
-3.2
-3.1
-3.4
-3.4
-3.2
-3.0
-3.2
-3.4
-3.5
-3.5
-3.5
-3.5
-3.3
-3.3
-3.3
-3.4
-3.5
-3.4
-3.4
-3.3
-3.2
-3.1
-3.1
-3.1
-3.1
-3.0
-2.7
-2.7
-3.1
-3.4
-3.4
-3.1
-2.8
-2.5
-2.7
-3.1
-3.3
-3.1
-2.9
-2.7
-3.1
-3.5
-3.4
-3.0
-2.8
-2.9
-2.9
-3.1
-3.5
-3.7
-3.6
-3.4
-3.3
-3.5
-3.5
-3.3
-3.2
-3.2
-3.4
-3.7
-3.7
-3.6
-3.5
-3.5
-3.5
-3.5
-3.2
-3.1
-3.0
-3.1
-3.2
-3.2
-3.1
-3.2
-3.3
-3.1
-3.0
-2.8
-3.0
-3.1
-2.9
-2.7
-2.7
-2.9
-3.0
-2.9
-2.9
-2.7
-2.6
-2.8
-2.9
-2.9
-2.9
-2.9
-2.9
-2.9
-3.0
-3.1
-3.1
-3.0
-3.1
-3.1
-3.4
-3.6
-3.8
-4.0
-4.2
-4.3
-4.2
-4.3
-4.4
-4.2
-3.9
-3.9
-4.1
-4.2
-4.2
-4.1
-3.7
-3.3
-3.1
-2.8
-2.8
-2.7
-2.6
-2.4
-2.2
-2.4
-2.3
-2.2
-2.2
-2.0
-1.8
-1.7
-1.8
-1.9
-2.1
-2.2
-2.2
-2.2
-2.0
-2.0
-2.1
-2.4
-2.4
-2.3
-2.4
-2.5
-2.6
-2.6
-2.6
-2.6
-2.5
-2.2
-2.2
-2.4
-2.5
-2.4
-2.4
-2.3
-2.3
-2.4
-2.4
-2.2
-2.2
-2.5
-2.4
-2.2
-2.5
-2.7
-2.7
-2.5
-2.7
-2.8
-2.8
-2.8
-3.1
-3.2
-3.3
-3.2
-3.3
-3.5
-3.4
-3.1
-3.2
-3.4
-3.2
-2.9
-2.7
-2.6
-2.6
-2.3
-2.0
-1.8
-1.7
-1.8
-1.7
-1.8
-1.6
-1.5
-1.5
-1.5
-1.6
-1.5
-1.3
-1.1
-1.5
-1.7
-1.7
-1.5
-1.5
-1.5
-1.7
-2.0
-2.1
-2.0
-2.1
-2.1
-2.1
-2.2
-2.4
-2.5
-2.3
-2.2
-2.3
-2.5
-2.5
-2.5
-2.6
-2.6
-2.5
-2.4
-2.2
-2.6
-3.0
-3.2
-3.3
-3.4
-3.3
-3.3
-3.3
-3.3
-3.1
-2.8
-2.7
-3.0
-3.0
-2.8
-2.9
-3.4
-3.9
-3.9
-3.7
-3.7
-3.8
-4.2
-4.2
-4.0
-4.0
-4.3
-4.2
-3.9
-3.6
-3.4
-3.2
-3.0
-2.9
-2.7
-2.4
-2.0
-2.0
-2.2
-2.1
-1.9
-1.8
-2.0
-2.0
-2.0
-2.1
-2.3
-2.3
-2.2
-2.0
-2.1
-2.2
-2.0
-1.7
-1.4
-1.7
-2.0
-1.8
-1.6
-1.7
-1.8
-1.7
-1.7
-1.9
-2.0
-1.9
-1.7
-1.5
-1.8
-2.0
-2.0
-2.0
-2.0
-1.8
-1.7
-1.8
-1.9
-2.0
-2.0
-1.9
-2.1
-2.3
-2.3
-2.5
-2.7
-2.8
-2.6
-2.5
-2.5
-2.6
-2.9
-3.0
-2.8
-2.7
-2.6
-2.4
-2.0
-1.8
-2.0
-2.0
-1.7
-1.3
-1.3
-1.4
-1.3
-1.3
-1.3
-1.3
-1.1
-0.8
-1.0
-1.2
-1.2
-1.3
-1.4
-1.4
-1.3
-1.2
-1.5
-1.7
-1.9
-2.0
-2.1
-2.0
-2.0
-1.9
-1.7
-1.8
-1.8
-1.6
-1.7
-2.0
-2.0
-1.8
-1.7
-1.7
-1.9
-1.9
-1.9
-1.9
-1.9
-1.7
-1.7
-1.9
-2.2
-2.2
-1.9
-1.4
-1.4
-1.8
-2.1
-2.0
-1.9
-1.9
-1.9
-1.8
-1.8
-2.0
-2.1
-2.2
-2.1
-2.3
-2.6
-2.9
-3.2
-3.0
-2.6
-2.6
-2.6
-2.6
-2.6
-2.7
-2.8
-2.6
-2.6
-2.6
-2.6
-2.4
-2.4
-2.2
-1.9
-1.8
-1.9
-2.1
-2.0
-1.8
-1.6
-1.6
-1.6
-1.3
-1.1
-1.2
-1.4
-1.3
-1.3
-1.3
-1.2
-1.1
-1.2
-1.7
-1.7
-1.8
-1.8
-2.0
-2.2
-2.4
-2.5
-2.1
-2.0
-2.2
-2.3
-2.2
-2.1
-2.2
-2.3
-2.2
-2.1
-2.1
-1.8
-1.5
-1.5
-1.4
-1.4
-1.1
-0.9
-1.0
-1.1
-1.1
-1.0
-1.0
-1.1
-1.0
-1.2
-1.4
-1.6
-1.6
-1.6
-1.7
-1.8
-2.2
-2.4
-2.4
-2.4
-2.5
-2.5
-2.4
-2.5
-2.6
-2.2
-1.7
-1.3
-1.5
-1.7
-1.5
-1.1
-0.9
-0.9
-0.9
-1.1
-0.9
-0.6
-0.6
-0.9
-1.2
-1.2
-1.0
-1.0
-1.2
-1.3
-1.1
-0.9
-1.1
-1.3
-1.3
-1.3
-1.3
-1.0
-0.8
-0.8
-0.6
-0.9
-1.4
-1.5
-1.6
-1.5
-1.5
-1.5
-1.6
-1.5
-1.2
-1.0
-1.0
-1.1
-1.4
-1.7
-1.6
-1.3
-1.2
-1.2
-1.1
-1.0
-0.8
-0.6
-0.9
-1.0
-0.9
-0.7
-1.0
-1.3
-1.3
-1.4
-1.6
-1.6
-1.5
-1.3
-1.3
-2.0
-2.6
-2.6
-2.4
-2.2
-2.0
-2.0
-2.2
-2.0
-1.7
-1.6
-1.7
-1.7
-1.6
-1.5
-1.6
-1.5
-1.2
-1.0
-1.1
-1.3
-1.3
-1.2
-1.0
-1.0
-1.0
-1.0
-1.0
-1.1
-1.0
-0.7
-0.7
-0.9
-1.0
-0.8
-0.6
-0.6
-0.9
-0.9
-0.8
-1.1
-1.3
-1.3
-0.8
-0.5
-0.8
-1.5
-1.8
-1.6
-1.6
-1.9
-1.8
-1.7
-1.9
-1.9
-1.7
-1.3
-1.2
-1.2
-1.6
-1.7
-1.5
-1.1
-1.1
-1.3
-1.2
-1.3
-1.5
-1.5
-1.3
-1.3
-1.6
-1.8
-1.9
-1.9
-1.8
-1.9
-2.0
-2.0
-2.2
-2.2
-2.2
-2.1
-2.1
-2.2
-2.3
-2.0
-1.8
-1.8
-1.8
-1.6
-1.3
-1.3
-1.5
-1.4
-1.6
-1.6
-1.5
-1.4
-1.1
-1.1
-1.3
-1.3
-1.1
-1.0
-1.3
-1.3
-1.1
-1.1
-1.4
-1.7
-1.6
-1.5
-1.5
-1.2
-1.1
-1.2
-1.3
-1.3
-1.1
-1.1
-1.3
-1.4
-1.3
-1.2
-1.1
-1.0
-0.8
-0.8
-1.1
-1.2
-1.0
-1.0
-1.1
-1.2
-1.2
-1.0
-0.9
-1.0
-1.0
-0.9
-1.0
-1.2
-1.3
-1.2
-1.2
-1.4
-1.8
-2.0
-1.8
-1.4
-1.3
-1.7
-2.0
-1.9
-1.6
-1.7
-1.8
-1.8
-2.0
-2.0
-2.0
-1.8
-1.8
-1.8
-1.8
-1.6
-1.4
-1.6
-1.8
-1.5
-1.2
-1.1
-1.0
-1.1
-1.2
-1.2
-1.0
-0.9
-0.8
-0.8
-0.7
-0.8
-1.1
-1.0
-1.0
-1.0
-1.2
-1.1
-0.8
-0.7
-0.6
-0.7
-0.7
-0.8
-0.9
-0.8
-0.6
-0.7
-0.9
-0.9
-0.7
-0.8
-0.8
-0.4
-0.1
-0.3
-0.6
-0.7
-0.6
-0.5
-0.4
-0.6
-0.6
-0.5
-0.4
-0.3
-0.4
-0.5
-0.4
-0.2
-0.4
-0.8
-1.1
-1.2
-0.9
-0.8
-0.7
-0.8
-0.7
-0.8
-1.0
-0.9
-0.9
-1.0
-1.2
-1.1
-0.7
-1.0
-1.2
-1.2
-1.0
-1.1
-1.6
-1.5
-1.4
-1.5
-1.4
-1.3
-1.4
-1.5
-1.6
-1.5
-1.5
-1.7
-1.8
-1.7
-1.3
-1.3
-1.5
-1.6
-1.3
-1.2
-1.2
-1.1
-1.0
-1.0
-1.2
-1.2
-0.9
-0.4
-0.5
-1.0
-1.2
-1.1
-1.4
-1.4
-1.2
-1.1
-1.2
-1.2
-1.2
-1.1
-1.0
-0.8
-0.7
-0.7
-0.8
-1.1
-1.5
-1.6
-1.4
-1.4
-1.8
-2.1
-2.0
-1.8
-1.8
-1.8
-1.8
-1.8
-1.7
-1.7
-1.6
-1.4
-1.3
-1.4
-1.2
-1.1
-1.1
-1.0
-1.1
-1.3
-1.5
-1.3
-1.1
-1.0
-1.1
-1.1
-1.0
-1.0
-0.8
-1.0
-1.2
-1.2
-1.2
-1.2
-1.3
-1.3
-1.0
-0.9
-0.9
-1.0
-1.2
-1.1
-0.8
-0.6
-0.5
-0.4
-0.3
-0.4
-0.4
-0.3
0.0
-0.3
-0.7
-0.6
-0.5
-0.5
-0.7
-0.5
-0.2
-0.3
-0.4
-0.5
-0.6
-0.6
-0.7
-0.4
-0.3
-0.3
-0.4
-0.5
-0.5
-0.5
-0.7
-1.0
-1.0
-0.9
-0.7
-0.9
-0.9
-0.8
-1.0
-1.0
-1.0
-1.1
-1.2
-1.3
-1.4
-1.4
-1.4
-1.4
-1.3
-1.1
-1.2
-1.3
-1.2
-0.9
-0.8
-0.8
-0.8
-0.8
-0.8
-0.7
-0.7
-0.7
-0.7
-0.6
-0.7
-0.7
-0.7
-0.8
-0.9
-1.0
-1.0
-1.1
-1.0
-1.0
-1.2
-1.4
-1.5
-1.5
-1.5
-1.4
-1.5
-1.7
-1.9
-1.8
-1.7
-1.9
-2.1
-2.0
-1.9
-1.8
-1.9
-1.8
-1.6
-1.7
-1.9
-1.9
-1.9
-1.7
-1.5
-1.4
-1.4
-1.2
-1.1
-1.0
-1.0
-0.8
-0.8
-1.0
-1.1
-1.0
-1.1
-1.2
-1.2
-1.3
-1.2
-1.2
-1.4
-1.5
-1.6
-1.8
-1.9
-1.8
-1.5
-1.5
-1.7
-1.8
-1.6
-1.3
-1.4
-1.8
-1.6
-1.3
-1.5
-1.8
-1.7
-1.5
-1.6
-1.6
-1.5
-1.3
-1.4
-1.3
-1.2
-1.0
-1.0
-0.8
-0.6
-0.4
-0.4
-0.4
-0.2
0.0
0.2
0.3
0.5
0.6
0.7
0.7
0.5
0.5
0.8
1.0
0.8
0.7
0.8
0.7
0.4
0.6
1.0
1.1
0.9
0.7
0.8
1.2
1.6
1.4
1.1
0.8
1.0
1.2
1.0
1.1
1.3
0.9
0.6
0.7
0.8
0.9
0.7
0.5
0.5
0.7
0.8
0.9
0.9
0.8
0.6
0.6
0.7
0.8
0.8
0.7
0.7
0.8
0.9
1.0
1.1
1.3
1.1
0.9
0.9
1.2
1.4
1.1
1.1
1.2
1.2
1.3
1.3
1.4
1.6
1.6
1.5
1.4
1.2
1.3
1.7
1.7
1.8
1.8
1.8
1.7
1.5
1.7
1.8
1.5
1.4
1.4
1.5
1.6
1.2
1.0
1.0
1.1
1.0
0.9
0.8
0.6
0.4
0.6
1.1
1.1
0.9
0.6
0.8
1.0
0.8
0.6
0.7
0.7
0.6
0.5
0.7
0.8
0.7
0.7
0.7
0.8
0.7
0.5
0.4
0.2
0.3
0.5
0.4
0.4
0.4
0.3
0.2
0.4
0.7
0.6
0.4
0.4
0.7
0.8
0.8
0.9
1.1
1.3
1.3
1.4
1.7
1.5
1.2
1.1
1.3
1.3
1.2
0.9
0.8
1.1
1.1
1.0
1.0
1.0
1.0
1.0
0.9
1.1
1.3
1.1
0.8
0.8
1.0
0.8
0.5
0.6
0.9
0.9
0.8
0.8
0.8
0.8
1.0
1.1
1.1
0.9
1.0
1.2
1.3
1.3
1.2
1.3
1.3
1.5
1.7
1.7
1.4
1.2
1.1
1.3
1.4
1.5
1.3
1.2
1.2
1.4
1.7
1.6
1.4
1.4
1.5
1.6
1.5
1.9
2.2
2.3
2.2
2.2
2.3
2.5
2.6
2.6
2.5
2.2
2.0
1.9
1.8
2.1
2.3
2.1
1.8
1.6
1.7
1.7
1.5
1.2
0.8
0.6
0.5
0.5
0.5
0.6
0.4
0.1
0.2
0.1
0.0
0.0
0.2
0.3
0.3
0.4
0.9
1.2
1.2
1.1
1.2
1.3
1.3
1.2
1.4
1.7
1.7
1.4
1.2
1.4
1.5
1.5
1.3
1.3
1.5
1.6
1.6
1.7
1.8
1.8
1.6
1.5
1.5
1.4
1.4
1.2
1.2
1.3
1.4
1.4
1.5
1.7
1.8
1.7
1.8
1.8
1.7
1.6
1.5
1.6
1.7
1.7
1.7
1.7
1.8
1.9
1.7
1.7
1.8
2.1
2.2
2.0
1.7
1.5
1.6
1.7
1.5
1.1
0.7
0.6
0.6
0.7
0.7
0.5
0.3
0.5
0.6
0.4
0.5
0.8
1.0
0.9
0.8
0.9
1.0
0.8
0.8
1.1
1.2
1.1
1.0
1.2
1.3
1.2
1.3
1.5
1.7
1.7
1.5
1.5
1.7
1.7
1.8
1.9
1.9
2.0
2.0
2.0
2.0
2.1
2.2
1.9
1.8
1.7
1.7
1.7
1.8
1.7
1.4
1.0
0.9
1.1
1.5
1.5
1.5
1.4
1.4
1.6
1.7
1.8
1.6
1.3
1.2
1.3
1.6
1.8
1.6
1.6
1.5
1.3
1.4
1.3
1.1
1.2
1.3
1.3
1.2
1.2
1.4
1.4
1.5
1.5
1.5
1.2
1.2
1.3
1.3
1.1
1.1
1.0
0.8
0.9
0.7
0.6
0.7
0.8
0.5
0.4
0.5
0.6
0.7
0.9
1.1
1.0
0.8
0.8
0.9
0.9
0.6
0.5
0.7
0.8
0.9
1.0
1.2
1.3
1.5
1.6
1.6
1.7
1.7
1.6
1.5
1.7
2.0
2.0
1.8
1.5
1.5
1.8
1.7
1.5
1.3
1.3
1.4
1.2
1.0
1.0
1.0
0.9
1.0
1.3
1.2
0.8
0.8
1.0
1.0
0.9
0.8
0.9
1.1
1.1
1.2
1.2
1.1
1.1
1.1
1.2
1.1
0.8
0.5
0.6
0.8
0.9
0.8
0.7
0.7
0.9
0.9
0.8
1.0
1.2
1.2
1.2
1.3
1.5
1.3
1.2
1.2
1.2
0.9
0.7
1.0
1.2
1.2
1.1
1.0
1.0
1.0
0.8
0.7
0.4
0.4
0.5
0.3
0.2
0.2
0.4
0.4
0.2
0.2
0.4
0.5
0.3
0.3
0.4
0.4
0.4
0.5
0.5
0.6
0.7
0.7
0.6
0.6
0.6
0.8
0.9
0.6
0.3
0.3
0.6
1.0
1.2
0.8
0.4
0.3
0.4
0.4
0.2
0.0
0.0
-0.2
-0.2
0.0
0.1
0.0
0.0
0.2
0.2
0.0
-0.5
-0.7
-0.4
-0.3
-0.7
-1.0
-1.0
-0.9
-1.1
-1.1
-1.3
-1.2
-1.2
-1.5
-1.8
-2.0
-2.0
-2.1
-2.2
-2.4
-2.4
-2.6
-2.7
-2.5
-2.6
-2.9
-3.1
-3.3
-3.1
-2.9
-2.9
-2.8
-2.8
-2.7
-2.7
-2.8
-2.6
-2.4
-2.6
-2.8
-2.5
-2.7
-3.1
-3.2
-3.1
-3.1
-3.2
-3.2
-3.3
-3.4
-3.1
-3.0
-2.9
-2.8
-2.7
-2.7
-2.5
-2.2
-2.1
-2.0
-2.0
-1.8
-1.7
-1.8
-2.0
-2.0
-2.0
-1.9
-1.9
-1.8
-1.7
-1.7
-1.7
-1.9
-2.0
-1.8
-1.7
-1.9
-2.4
-2.5
-2.5
-2.6
-2.7
-2.9
-3.2
-3.5
-3.3
-3.0
-3.0
-2.9
-3.0
-3.0
-3.0
-2.9
-2.8
-2.7
-2.8
-2.9
-3.1
-3.1
-2.8
-2.8
-2.9
-3.0
-3.2
-3.3
-3.4
-3.4
-3.2
-3.1
-3.3
-3.3
-3.3
-2.9
-2.6
-2.5
-2.5
-2.5
-2.5
-2.4
-2.4
-2.5
-2.4
-2.5
-2.5
-2.6
-2.7
-2.7
-2.6
-2.7
-2.7
-2.9
-2.9
-2.9
-2.7
-2.6
-2.7
-2.6
-2.7
-2.7
-2.6
-2.5
-2.5
-2.5
-2.3
-2.3
-2.4
-2.0
-1.8
-1.8
-1.8
-1.6
-1.5
-1.7
-1.8
-2.0
-2.3
-2.5
-2.5
-2.4
-2.4
-2.5
-2.8
-2.9
-2.9
-2.8
-2.8
-3.1
-3.3
-3.2
-3.3
-3.2
-3.2
-3.2
-3.4
-3.5
-3.7
-3.7
-3.7
-3.8
-3.9
-3.8
-3.7
-3.8
-3.9
-3.8
-3.7
-3.5
-3.3
-3.2
-3.3
-3.4
-3.4
-3.2
-3.2
-3.0
-2.9
-2.7
-2.7
-2.6
-2.4
-2.4
-2.2
-2.3
-2.5
-2.6
-2.7
-2.4
-2.2
-2.4
-2.5
-2.6
-2.7
-2.6
-2.3
-2.2
-2.4
-2.8
-2.8
-2.7
-2.5
-2.5
-2.6
-2.8
-2.8
-2.6
-2.7
-2.5
-2.5
-2.4
-2.4
-2.4
-2.5
-2.4
-2.1
-2.0
-2.2
-2.4
-2.4
-2.2
-2.3
-2.3
-2.4
-2.5
-2.5
-2.5
-2.6
-2.6
-2.5
-2.7
-2.7
-2.4
-2.4
-2.5
-2.5
-2.4
-2.5
-2.3
-2.0
-2.0
-2.4
-2.5
-2.5
-2.5
-2.5
-2.7
-2.7
-2.5
-2.5
-2.7
-2.6
-2.2
-2.0
-1.9
-2.2
-2.3
-2.2
-2.0
-1.8
-1.7
-1.7
-1.9
-2.3
-2.2
-2.0
-1.9
-2.0
-1.8
-1.6
-1.8
-2.1
-2.1
-1.8
-1.7
-1.8
-1.8
-1.8
-1.8
-1.9
-2.0
-1.9
-1.7
-2.0
-2.3
-2.0
-1.8
-2.1
-2.4
-2.2
-1.9
-1.6
-1.8
-2.2
-2.1
-1.8
-1.7
-1.6
-1.6
-1.5
-1.6
-1.7
-1.9
-1.9
-1.7
-1.5
-1.8
-1.8
-1.8
-2.0
-2.2
-2.1
-2.1
-2.3
-2.3
-2.2
-2.2
-2.4
-2.5
-2.3
-2.2
-2.3
-2.6
-2.7
-2.4
-2.1
-2.2
-2.5
-2.4
-2.1
-2.0
-2.0
-2.0
-2.0
-2.0
-2.1
-2.0
-1.9
-1.7
-1.6
-1.8
-1.8
-1.6
-1.7
-1.9
-2.0
-1.9
-1.8
-1.9
-2.0
-1.8
-1.6
-1.8
-1.8
-1.8
-1.6
-1.7
-2.0
-1.9
-1.8
-1.7
-1.8
-1.6
-1.7
-1.9
-1.8
-1.7
-1.4
-1.3
-1.7
-1.9
-1.8
-1.3
-1.5
-2.0
-2.2
-2.1
-2.0
-2.2
-2.4
-2.5
-2.3
-2.1
-2.2
-2.0
-2.0
-2.0
-2.0
-2.0
-1.8
-2.0
-2.1
