0.0
-0.5
1.7
0.3
-0.6
0.5
-1.2
-1.1
-2.2
-1.8
-1.1
-0.6
0.3
-0.4
0.6
0.6
0.6
1.6
1.1
0.6
0.0
-0.1
0.5
1.2
1.5
1.4
0.3
1.0
0.7
1.7
0.5
0.0
-0.1
0.7
1.2
1.4
0.3
0.8
0.8
1.1
1.2
1.0
0.0
0.7
0.3
1.4
1.4
0.6
1.6
0.0
1.6
0.1
-0.3
-0.1
-0.1
-0.5
1.0
-0.2
1.4
1.0
0.7
0.4
1.3
0.6
0.6
0.5
0.5
0.6
0.9
1.1
1.7
0.8
0.6
0.3
-0.3
0.2
0.6
0.7
1.2
0.6
0.6
1.2
0.8
0.0
0.0
0.0
0.2
0.8
1.5
1.8
1.3
0.6
0.0
0.4
0.0
0.0
-0.1
0.9
0.9
1.2
1.4
-0.1
-0.9
0.4
0.6
1.2
1.3
0.0
1.0
1.6
1.3
1.3
1.5
1.2
2.1
2.0
1.5
2.4
1.4
0.3
0.1
0.9
1.3
1.2
0.8
0.8
1.2
0.8
1.5
1.5
1.0
0.9
1.3
1.2
2.0
2.0
3.0
2.2
0.8
0.7
0.7
0.8
1.0
0.2
1.7
0.7
1.4
1.3
0.1
1.3
0.8
1.3
1.1
-0.5
0.4
-0.3
-0.4
0.2
0.7
1.5
1.5
2.2
1.6
1.1
1.3
1.0
1.8
1.3
0.0
0.1
-0.7
-0.6
0.1
0.6
2.0
1.3
1.4
1.8
1.5
0.9
1.2
0.7
0.7
-0.3
1.3
1.7
1.2
-0.1
0.0
0.6
1.2
0.6
1.2
1.3
0.1
-0.3
0.5
0.2
0.2
-0.4
-0.1
-0.3
0.2
0.0
1.8
1.1
1.2
-0.1
-0.2
-0.3
-0.5
-0.3
-0.3
0.5
0.4
0.8
1.1
0.8
0.3
0.8
0.0
1.1
0.9
-1.1
-0.4
-0.4
0.7
1.6
0.6
0.2
1.4
1.9
1.5
1.2
0.1
0.5
1.0
1.1
1.0
1.4
2.2
2.6
2.9
2.7
3.7
3.4
3.4
2.6
2.6
2.6
2.3
2.3
2.9
2.5
2.3
2.0
2.9
3.4
1.7
2.0
1.4
0.9
1.0
0.9
0.9
2.0
0.9
2.2
1.2
1.4
1.5
0.9
0.8
1.2
0.6
1.9
1.4
0.9
1.2
1.6
0.8
1.1
1.4
2.3
1.5
1.7
0.2
0.5
1.0
0.7
1.7
0.7
-0.1
0.0
-1.4
-0.3
-0.8
-1.4
-1.1
-0.5
-0.2
0.6
1.1
0.7
0.1
-0.5
-0.8
-1.5
-2.3
-1.1
0.1
-0.7
0.0
-0.9
0.0
-0.7
-0.9
0.6
-0.1
-1.1
-0.6
-0.5
0.0
-1.6
-0.7
-0.6
0.2
-0.7
0.0
0.1
0.1
-0.7
-1.1
-1.0
-1.1
-1.1
-1.2
-1.1
-0.9
-0.4
-0.6
-0.6
-1.1
-0.9
-0.5
-0.6
-1.1
-1.2
-1.6
-1.4
-0.7
-0.1
-0.5
-0.8
-0.9
0.1
-0.7
-1.0
-0.4
0.0
-0.9
-2.0
-1.9
-0.7
-0.2
-0.4
-1.0
-0.8
0.1
-1.0
-1.7
-1.2
-1.1
-1.1
-0.3
-0.3
0.2
0.3
-0.2
0.0
-1.0
-2.4
-1.7
-2.1
-1.2
-1.2
-1.0
0.0
-0.8
-0.4
-0.5
-1.3
-1.2
-2.2
-2.0
-1.5
-0.3
0.0
-0.9
-1.6
-1.6
-1.5
-1.1
-1.1
-0.3
0.0
0.5
0.6
1.0
1.2
-0.6
-1.1
-2.7
-4.1
-2.2
-2.5
-0.4
-0.6
-1.2
-0.6
-1.4
-2.3
-1.8
-1.5
-1.2
0.0
-1.0
-0.8
-2.3
-0.4
-0.7
-0.8
-1.7
-1.0
-1.2
-2.5
-2.5
-2.0
-2.5
-2.3
-3.1
-2.8
-2.9
-2.8
-2.2
-1.8
-1.1
-1.4
-0.8
-1.2
-1.4
-1.1
-1.6
-1.3
-1.6
-2.5
-2.9
-2.7
-2.7
-2.3
-2.4
-2.4
-1.7
-2.1
-2.2
-1.7
-2.2
-2.2
-2.9
-2.4
-2.3
-2.5
-3.3
-3.1
-2.6
-2.2
-3.0
-3.4
-3.2
-3.7
-3.3
-3.6
-2.8
-3.1
-3.1
-3.2
-3.3
-3.0
-3.0
-2.6
-3.8
-3.1
-3.4
-2.0
-2.8
-2.5
-3.2
-2.0
-2.3
-2.7
-3.0
-2.7
-2.4
-2.7
-3.5
-4.3
-3.4
-2.6
-1.5
-2.7
-3.1
-3.3
-3.2
-3.6
-4.2
-3.5
-3.6
-3.1
-4.0
-3.1
-3.1
-3.2
-3.6
-3.5
-3.2
-2.9
-3.4
-3.3
-3.1
-2.5
-2.2
-2.4
-4.0
-4.4
-4.1
-3.7
-3.7
-4.3
-4.8
-5.4
-3.1
-3.2
-2.4
-2.9
-3.9
-5.3
-4.1
-3.3
-1.8
-1.7
-3.4
-4.8
-4.9
-3.7
-2.9
-1.1
-1.9
-2.9
-3.9
-4.4
-3.0
-2.6
-1.6
-2.0
-3.7
-3.6
-3.9
-2.8
-2.1
-2.2
-3.0
-3.4
-3.2
-1.1
-1.2
-2.5
-3.3
-4.0
-4.4
-2.6
-2.5
-1.0
-1.4
-2.8
-3.4
-2.7
-3.5
-2.3
-2.3
-3.4
-3.3
-3.6
-1.9
-2.8
-2.8
-3.4
-2.4
-1.5
-1.6
-2.0
-3.1
-3.6
-3.9
-2.4
-1.8
-3.0
-3.3
-3.5
-1.9
-2.7
-2.7
-3.6
-3.5
-2.8
-3.1
-3.1
-2.4
-2.5
-2.1
-2.1
-1.8
-1.8
-1.6
-2.5
-3.5
-3.8
-2.9
-3.1
-3.5
-3.5
-3.7
-2.9
-2.7
-2.4
-1.2
0.0
-0.6
-0.8
-1.2
-1.6
-0.2
0.7
1.5
0.2
-0.2
-0.6
-0.8
-2.6
-2.3
-1.5
0.0
0.1
0.1
0.4
-0.4
-1.1
-1.4
-1.6
-0.4
-1.6
-0.9
-2.0
-0.6
-0.1
-0.9
-2.6
-3.4
-2.4
-1.9
-1.9
-2.9
-2.7
-3.7
-2.8
-2.3
-1.9
-2.3
-3.1
-2.8
-2.4
-3.0
-3.5
-3.9
-3.7
-1.8
-1.7
-2.1
-2.8
-4.7
-4.6
-4.2
-3.9
-3.3
-2.3
-2.6
-2.6
-3.3
-3.7
-3.2
-4.0
-5.0
-3.9
-2.7
-2.1
-2.6
-3.2
-2.7
-3.0
-3.9
-4.9
-5.7
-4.1
-3.7
-3.5
-2.6
-3.7
-4.0
-3.9
-4.1
-4.0
-3.7
-2.5
-1.7
-1.9
-1.8
-3.4
-3.3
-3.2
-3.0
-2.5
-2.2
-2.7
-1.7
-2.0
-3.1
-4.7
-3.9
-3.3
-0.7
-1.2
-1.9
-2.1
-2.0
-1.9
-2.5
-2.6
-2.4
-2.2
-1.9
-2.6
-2.4
-3.9
-3.1
-3.4
-3.5
-2.8
-2.3
-2.9
-2.9
-3.6
-3.3
-3.2
-3.8
-3.5
-3.0
-2.7
-3.3
-3.4
-3.2
-2.4
-2.8
-2.3
-2.7
-4.2
-4.7
-4.6
-3.9
-3.6
-3.5
-3.3
-3.2
-2.8
-4.5
-3.9
-4.6
-2.3
-2.2
-2.2
-3.7
-4.3
-4.0
-3.4
-3.0
-3.4
-3.9
-5.0
-4.5
-3.4
-1.8
-1.9
-2.7
-3.0
-2.1
-2.0
-2.5
-2.2
-2.1
-3.6
-5.2
-4.8
-3.5
-1.9
-2.7
-3.6
-4.3
-4.4
-3.9
-2.9
-2.9
-3.0
-3.2
-1.8
-1.8
-2.8
-3.6
-4.1
-2.7
-2.2
-2.7
-3.5
-3.0
-3.7
-3.8
-3.6
-4.3
-3.9
-4.0
-2.9
-3.3
-4.1
-4.9
-5.2
-4.7
-5.0
-3.4
-5.5
-4.4
-5.6
-4.5
-3.4
-3.4
-3.3
-3.0
-4.0
-3.7
-4.5
-4.8
-5.3
-5.1
-3.6
-3.4
-4.3
-2.8
-3.1
-4.5
-3.6
-4.5
-2.8
-3.1
-3.6
-2.7
-3.0
-4.1
-4.2
-2.5
-3.3
-3.0
-2.8
-4.3
-4.4
-4.0
-4.0
-2.5
-3.2
-3.7
-5.2
-4.6
-3.9
-3.4
-3.2
-4.0
-5.3
-4.0
-3.5
-2.8
-2.1
-3.6
-2.9
-3.3
-3.6
-4.0
-4.2
-4.8
-4.6
-3.4
-3.9
-1.8
-2.5
-2.7
-3.7
-4.7
-4.7
-4.3
-3.4
-1.7
-3.5
-4.1
-3.7
-2.8
-2.4
-2.0
-3.3
-4.2
-4.8
-4.8
-4.0
-3.5
-2.2
-2.8
-2.9
-3.8
-3.6
-3.7
-3.6
-3.8
-4.5
-3.1
-4.0
-2.7
-2.5
-2.4
-3.3
-4.4
-4.1
-4.4
-3.2
-3.0
-2.2
-1.4
-1.4
-2.2
-3.2
-3.1
-3.3
-3.7
-4.0
-3.5
-2.1
-1.4
-1.8
-2.5
-3.3
-3.2
-3.5
-2.7
-2.3
-1.7
-0.9
-0.1
-0.2
-0.6
-2.1
-0.6
-1.9
-1.3
-1.4
-2.0
-2.9
-2.4
-1.8
-1.8
-2.3
-3.4
-2.9
-3.3
-3.2
-2.8
-2.0
-2.1
-3.6
-2.9
-3.3
-2.6
-3.0
-2.5
-3.4
-2.5
-4.5
-4.3
-4.1
-4.8
-4.6
-4.4
-5.1
-4.8
-4.3
-2.8
-1.9
-2.2
-3.2
-3.6
-4.5
-3.9
-3.3
-3.4
-3.7
-3.9
-3.8
-4.2
-4.2
-4.0
-2.7
-3.4
-3.0
-3.6
-2.9
-2.9
-3.3
-3.1
-3.6
-3.2
-4.1
-5.6
-5.2
-5.5
-4.6
-3.0
-4.0
-3.5
-3.6
-3.8
-3.4
-4.2
-4.7
-3.9
-2.9
-2.9
-3.7
-4.6
-5.0
-3.7
-3.9
-4.2
-3.7
-5.0
-5.2
-6.0
-4.4
-3.8
-3.5
-5.4
-5.4
-5.3
-4.8
-3.6
-3.1
-3.3
-5.0
-4.8
-4.3
-4.5
-4.1
-4.1
-3.2
-2.7
-3.0
-2.8
-3.9
-4.0
-3.3
-3.8
-4.1
-4.9
-5.1
-4.9
-5.4
-5.5
-5.5
-5.0
-4.6
-4.4
-5.0
-5.5
-5.6
-5.0
-4.3
-4.3
-4.0
-4.2
-3.1
-3.0
-3.0
-4.6
-4.6
-5.0
-3.9
-5.2
-5.0
-3.8
-4.7
-2.4
-2.4
-2.0
-2.9
-3.7
-4.5
-3.1
-3.5
-4.0
-3.7
-3.4
-2.8
-2.7
-3.2
-2.3
-2.8
-3.8
-4.5
-4.8
-3.5
-2.8
-3.1
-2.9
-2.2
-2.1
-2.4
-2.4
-3.2
-3.3
-2.3
-1.7
-0.6
-0.7
-0.6
-1.0
-1.8
-1.4
-2.0
-1.4
-1.7
-0.3
0.0
0.7
1.0
0.5
0.3
0.1
-0.2
0.0
0.0
0.3
-0.8
-0.6
-0.4
0.4
-0.2
-0.6
-0.4
-0.6
-0.1
-1.4
-1.3
-2.0
-3.3
-2.4
-2.8
-0.6
-1.4
-1.1
-0.9
-1.6
-1.2
-1.5
-2.6
-2.9
-2.7
-2.0
-1.3
-1.6
-0.8
-0.5
-1.4
-0.9
-1.3
-2.0
-1.9
-2.7
-1.9
-1.9
-2.6
-2.8
-2.3
-1.5
-2.5
-2.8
-3.8
-4.1
-3.5
-2.9
-1.5
-1.8
-1.7
-0.7
-1.6
-2.3
-2.4
-4.0
-4.0
-4.5
-4.6
-4.4
-3.6
-5.2
-2.8
-2.9
-2.4
-2.6
-2.8
-2.5
-2.6
-2.7
-4.0
-4.7
-4.2
-3.1
-3.6
-3.6
-4.9
-5.0
-4.3
-4.3
-4.1
-2.7
-2.3
-3.0
-3.4
-3.6
-3.4
-3.2
-2.9
-3.0
-3.0
-2.5
-3.8
-3.2
-2.2
-1.7
-1.8
-2.5
-3.2
-2.1
-2.2
-3.2
-2.5
-2.9
-3.7
-3.6
-3.6
-2.6
-2.9
-3.6
-3.4
-4.0
-3.4
-3.1
-2.5
-2.7
-3.2
-4.5
-3.7
-4.1
-4.1
-4.3
-3.8
-3.7
-2.9
-3.4
-3.4
-2.6
-2.1
-3.2
-3.4
-3.6
-3.1
-3.3
-3.8
-4.5
-4.0
-3.1
-2.9
-2.9
-3.8
-4.8
-5.2
-4.2
-3.5
-4.4
-4.1
-4.1
-3.4
-3.2
-3.0
-3.8
-2.8
-4.3
-2.9
-3.0
-2.8
-2.5
-3.5
-3.8
-3.4
-3.4
-4.0
-4.0
-3.7
-5.1
-4.4
-4.5
-2.5
-2.5
-2.7
-3.2
-2.3
-2.8
-3.3
-3.0
-3.5
-3.3
-4.6
-3.5
-3.9
-3.5
-4.5
-4.0
-3.4
-2.1
-3.5
-3.0
-3.5
-2.8
-2.5
-3.2
-3.7
-4.6
-4.0
-3.5
-2.8
-2.8
-3.5
-4.0
-3.1
-3.8
-3.9
-5.6
-3.7
-2.1
-2.3
-2.5
-3.5
-3.2
-3.5
-4.6
-4.3
-3.7
-3.4
-2.8
-2.5
-2.3
-2.2
-2.9
-3.1
-4.0
-2.6
-2.1
-1.8
-2.0
-2.2
-2.6
-2.5
-2.6
-2.9
-3.1
-3.0
-3.4
-3.7
-3.4
-3.2
-1.6
-1.9
-2.2
-2.5
-2.6
-2.8
-3.8
-3.7
-2.7
-3.2
-1.6
-2.9
-1.6
-2.0
-2.2
-3.3
-2.5
-2.9
-3.0
-2.8
-3.2
-2.6
-2.0
-2.1
-1.7
-2.1
-2.6
-3.1
-3.1
-3.5
-3.4
-3.1
-4.3
-4.6
-3.7
-3.1
-2.3
-3.9
-3.2
-3.5
-3.3
-3.6
-3.0
-3.8
-4.0
-3.9
-4.1
-3.0
-3.4
-3.4
-2.4
-3.3
-2.2
-2.6
-3.2
-3.8
-3.8
-3.7
-1.1
-2.3
-3.2
-4.3
-5.5
-3.5
-3.7
-4.1
-4.0
-4.7
-4.4
-3.8
-3.0
-3.0
-3.5
-3.5
-3.8
-3.9
-2.6
-2.2
-2.2
-3.0
-3.3
-3.9
-3.8
-2.4
-2.3
-2.2
-3.4
-3.9
-4.5
-3.4
-2.5
-2.2
-2.5
-3.4
-2.9
-2.7
-2.3
-1.9
-1.4
-2.1
-2.5
-2.0
-3.3
-2.9
-2.5
-1.3
-1.8
-1.7
-2.3
-2.2
-2.8
-2.8
-3.4
-1.9
-2.0
-1.6
-2.9
-4.0
-3.9
-2.4
-2.2
-1.2
-1.7
-2.3
-1.7
-1.5
-1.6
-2.1
-1.7
-2.9
-2.8
-2.2
-1.8
-1.6
-2.0
-1.7
-1.3
-2.4
-3.8
-2.6
-3.0
-3.4
-3.6
-3.7
-3.2
-3.0
-3.5
-3.5
-3.6
-4.7
-5.1
-4.5
-5.1
-3.4
-3.3
-3.1
-4.6
-4.1
-4.3
-4.1
-4.0
-3.4
-2.3
-2.8
-3.1
-4.2
-3.4
-3.5
-3.2
-2.9
-3.0
-3.7
-2.7
-3.1
-2.7
-3.3
-3.5
-3.7
-3.1
-3.4
-3.6
-3.5
-3.6
-2.8
-3.5
-4.1
-3.4
-3.2
-3.0
-2.9
-3.6
-3.4
-4.1
-3.5
-2.7
-2.1
-2.3
-2.6
-2.6
-3.2
-2.8
-3.3
-1.7
-1.8
-1.7
-1.5
-1.7
-1.3
-1.8
-2.0
-1.8
-2.0
-0.6
0.3
-0.4
-0.1
0.0
1.9
1.6
-0.3
-1.0
-0.1
0.2
1.4
0.6
0.0
0.0
-2.1
-1.2
-0.4
0.2
-0.2
-1.1
-0.5
-0.4
-0.1
-0.2
0.3
-0.4
-1.4
-2.5
-1.6
-1.4
-1.1
-1.3
-2.9
-2.5
-3.5
-2.2
-1.5
-2.3
-1.6
-2.4
-2.3
-2.7
-2.6
-1.5
-1.5
-1.4
-1.8
-2.7
-3.4
-2.9
-3.3
-2.7
-2.0
-3.2
-2.7
-2.6
-3.2
-2.4
-3.1
-3.2
-3.0
-3.8
-3.1
-2.9
-4.6
-3.4
-2.9
-2.3
-1.6
-3.1
-3.6
-3.7
-3.2
-3.6
-3.8
-4.5
-3.0
-2.6
-2.3
-3.0
-4.7
-3.2
-3.8
-3.1
-3.0
-3.2
-3.0
-3.6
-3.7
-3.4
-3.8
-3.7
-3.2
-2.1
-3.2
-3.9
-3.3
-3.0
-1.7
-2.2
-2.7
-2.8
-3.4
-2.5
-1.3
-1.7
-3.0
-3.3
-2.3
-2.3
-2.6
-3.0
-2.5
-3.2
-2.3
-2.5
-2.8
-3.9
-3.2
-2.3
-2.9
-4.0
-4.1
-3.7
-2.8
-2.8
-3.1
-4.1
-4.5
-4.9
-2.5
-2.3
-2.5
-3.8
-4.2
-3.6
-4.0
-3.6
-3.9
-3.4
-2.3
-3.5
-3.4
-3.5
-4.3
-3.2
-2.8
-2.9
-2.3
-2.3
-2.7
-3.1
-2.3
-3.1
-2.1
-2.8
-3.9
-3.3
-1.9
-2.1
-2.6
-3.7
-3.4
-2.1
-2.0
-2.3
-1.7
-1.7
-2.5
-3.3
-2.5
-2.3
-2.2
-3.4
-2.4
-2.7
-2.5
-2.5
-3.1
-2.8
-2.3
-2.4
-2.1
-1.6
-1.6
-2.7
-2.6
-2.4
-2.1
-2.9
-1.9
-1.7
-0.6
-0.7
0.0
-0.3
-1.7
-2.1
-2.0
-1.5
0.0
-0.1
-0.2
-2.3
-2.2
-1.7
-2.2
-2.7
-0.7
0.0
-0.3
-1.8
-2.4
-2.6
-1.9
-2.2
-2.0
-1.7
-3.1
-3.0
-2.3
-2.3
-2.3
-2.6
-2.2
-2.4
-1.7
-2.0
-2.1
-3.0
-3.4
-1.6
-1.4
-1.6
-3.4
-2.6
-2.5
-1.1
-1.6
-2.9
-2.7
-2.4
-1.5
-1.2
-1.9
-1.7
-2.8
-3.2
-3.1
-1.3
-1.5
-0.8
-1.9
-1.4
-1.5
-2.6
-2.6
-2.5
-3.1
-2.4
-1.7
-1.7
-1.7
-1.4
-0.4
-0.4
-1.1
-2.6
-1.7
-0.1
0.1
-1.3
-2.2
-2.7
-3.3
-0.3
1.1
1.3
-0.7
-1.2
-0.9
1.2
0.7
1.2
0.5
-0.8
-0.2
1.3
3.5
2.6
-0.9
-2.7
-2.2
-0.5
1.7
2.0
2.3
0.7
-0.4
-2.4
-1.3
0.0
1.2
1.0
-0.5
-2.3
-1.9
-1.2
-1.2
-1.4
-1.0
-1.6
-0.1
-1.5
-2.6
-2.6
-2.5
-1.3
-1.4
-2.5
-2.4
-2.2
-1.6
-1.9
-1.1
-1.9
-2.1
-3.5
-2.6
-2.3
-2.2
-3.4
-2.5
-1.5
-1.0
-0.2
-1.1
-2.5
-2.7
-3.5
-2.3
-1.0
-0.8
-0.7
-2.2
-3.5
-2.9
-1.5
-0.7
-1.3
-2.0
-1.9
-1.9
-1.7
-1.6
-3.2
-2.4
-3.1
-2.2
-2.4
-2.3
-2.9
-2.5
-2.9
-3.2
-3.2
-2.7
-2.5
-2.1
-1.2
-2.3
-2.2
-3.8
-3.8
-4.1
-2.5
-1.1
-0.4
-2.1
-3.0
-1.4
-1.7
-1.5
-2.3
-3.0
-1.6
-2.9
-1.2
-1.6
-2.2
-1.1
-0.1
0.1
-0.7
-2.5
-2.2
-1.4
-1.3
-1.4
-1.7
-1.7
-1.7
-2.5
-1.9
-2.0
-2.7
-1.4
-1.8
-0.6
-1.2
-0.6
0.3
0.1
-0.2
-1.6
0.0
-1.1
-1.6
-2.0
-1.7
-1.1
-1.4
-1.2
-1.1
0.0
-3.4
-1.2
-1.1
-0.8
-0.1
-1.3
-0.8
0.0
-0.9
-0.5
-1.6
-1.4
-1.3
-0.6
-0.1
-1.3
-1.4
-0.9
-1.8
-1.1
-1.7
-1.5
-1.4
-1.1
-0.8
-0.3
-0.6
-0.8
-1.4
-1.5
-1.6
-1.6
-1.5
-1.2
0.6
-0.6
-0.6
-1.0
-1.6
-1.5
-2.0
-2.2
-1.0
-0.5
-0.9
-0.5
0.5
-1.0
-0.4
-0.9
-1.4
-1.9
-1.2
-1.5
-0.9
-1.3
-1.3
-1.1
-2.9
-1.6
-1.1
-0.8
-1.0
-1.4
-2.2
-2.9
-2.1
-1.6
-1.1
-1.2
-1.1
-1.5
-1.1
-1.8
-2.2
-3.0
-3.7
-2.2
-1.5
-0.5
-1.0
-0.6
-1.1
-1.4
-2.4
-2.0
-2.9
-1.9
-1.7
-1.3
-2.1
-1.3
-0.4
-1.0
-0.4
-1.3
-1.0
-1.7
-1.8
-0.4
-0.9
-1.1
-0.2
-0.6
-1.0
-0.8
-1.8
-1.0
-1.2
-1.5
-0.6
-1.2
-0.5
-1.7
-2.0
-2.8
-2.4
-1.2
-2.0
-2.4
-2.0
-1.3
-1.3
-1.9
-1.9
-1.2
-1.6
-1.2
-2.5
-1.9
-1.4
-1.7
-1.6
-2.2
-1.0
-1.5
-0.7
0.1
0.2
-0.2
-2.0
-1.6
-2.2
-0.8
-1.4
-1.0
-1.3
-2.5
-2.0
-2.0
-1.8
-2.8
-1.9
-1.3
-1.6
-2.0
-2.5
-2.1
-1.2
-1.4
-1.2
-2.2
-2.1
-2.4
-2.7
-3.0
-1.5
-2.5
-2.7
-3.1
-2.2
-1.8
-1.6
-1.9
-1.4
-3.1
-3.3
-2.6
-2.3
-2.6
-3.6
-4.2
-1.6
-2.2
-2.5
-2.6
-3.3
-3.0
-2.0
-1.7
-1.4
-3.6
-3.8
-3.4
-2.2
-1.7
-1.6
-1.4
-2.7
-3.1
-2.8
-2.0
-1.6
-1.6
-2.2
-3.0
-4.0
-3.4
-2.2
-1.9
-2.1
-3.4
-3.5
-2.0
-2.3
-2.5
-3.0
-2.7
-3.2
-2.6
-3.2
-3.0
-2.2
-3.2
-3.2
-2.9
-2.3
-1.8
-2.6
-3.5
-3.7
-3.6
-1.8
-1.1
-3.5
-4.0
-3.1
-2.2
-1.0
-1.5
-1.2
-2.7
-3.3
-2.9
-2.7
-2.4
-3.7
-3.1
-1.7
-1.5
-1.5
-3.1
-2.9
-2.5
-2.9
-2.0
-3.1
-3.4
-2.3
-3.5
-1.6
-2.3
-1.5
-1.9
-2.7
-2.8
-4.0
-3.0
-3.4
-1.5
0.1
-0.3
-1.3
-2.9
-3.5
-2.9
-2.2
-1.2
-0.5
-0.6
-0.7
-2.7
-2.3
-2.5
-1.2
-0.7
-0.3
-1.4
-1.5
-0.7
0.0
-0.2
-0.5
-1.9
-2.3
-1.6
-2.1
-2.4
-1.4
-1.2
-0.8
0.1
-0.4
-1.4
-1.5
-2.1
-1.4
-1.4
-1.7
-1.6
-2.1
-2.3
-2.3
-2.7
-2.5
-1.7
-0.9
-0.9
-0.8
-2.2
-2.0
-2.8
-2.7
-3.0
-2.4
-2.9
-3.4
-2.8
-2.8
-2.6
-2.5
-3.1
-3.0
-2.8
-2.2
-2.3
-2.7
-3.0
-3.3
-3.0
-3.2
-2.7
-2.1
-2.7
-2.5
-3.6
-3.8
-3.7
-3.0
-3.2
-4.0
-2.9
-2.5
-1.2
-2.3
-2.0
-2.0
-2.4
-3.1
-3.4
-3.9
-3.4
-3.1
-2.2
-1.8
-2.8
-2.9
-2.5
-1.9
-2.0
-2.8
-3.4
-3.7
-3.7
-2.5
-2.5
-2.4
-3.2
-3.5
-2.7
-3.5
-3.9
-2.5
-3.4
-2.5
-3.4
-2.9
-3.7
-3.0
-4.0
-3.6
-3.5
-3.7
-3.1
-2.5
-1.8
-1.7
-1.8
-4.3
-3.5
-3.5
-3.2
-3.7
-4.1
-3.7
-2.6
-2.9
-2.6
-3.4
-2.7
-3.2
-3.4
-3.2
-3.9
-2.8
-3.7
-3.0
-3.7
-3.4
-4.0
-2.8
-3.7
-3.8
-4.2
-3.5
-2.0
-2.0
-3.5
-4.3
-4.2
-3.7
-4.1
-3.8
-2.2
-2.3
-2.2
-2.9
-3.0
-3.5
-4.1
-4.5
-2.9
-2.1
-3.5
-2.7
-3.2
-3.7
-3.8
-4.5
-2.2
-2.8
-1.7
-2.6
-3.4
-2.4
-3.0
-2.0
-3.5
-4.2
-3.1
-2.2
-3.9
-4.3
-3.8
-3.2
-2.4
-3.6
-4.0
-3.0
-2.4
-1.7
-1.1
-1.8
-2.7
-3.3
-4.1
-3.4
-3.3
-3.5
-2.5
-2.9
-2.1
-1.7
-2.1
-3.4
-4.2
-4.6
-4.3
-4.8
-4.8
-4.7
-4.6
-4.1
-3.5
-2.8
-1.7
-2.0
-2.2
-2.8
-3.0
-3.5
-4.0
-3.3
-2.4
-1.4
-1.3
-1.3
-1.4
-1.0
-2.2
-3.0
-3.5
-3.0
-4.6
-2.9
-2.6
-2.1
-1.7
-1.2
0.3
1.5
0.6
-0.8
-1.3
-0.8
0.8
-0.4
-0.8
-2.5
-3.0
-2.8
-3.6
-3.0
-2.8
-2.7
-3.3
-1.6
-2.7
-3.8
-4.0
-2.9
-3.3
-3.5
-3.7
-2.3
-1.2
-1.7
-1.9
-1.6
-1.2
-2.8
-2.4
-3.6
-4.8
-5.9
-5.0
-4.3
-3.9
-4.6
-3.8
-3.7
-3.8
-3.2
-2.9
-1.7
-1.2
-3.5
-4.2
-4.1
-4.6
-3.7
-3.4
-4.1
-3.6
-4.6
-3.9
-3.2
-3.1
-3.6
-4.3
-3.3
-4.4
-3.8
-3.7
-3.9
-4.1
-4.5
-3.5
-2.9
-1.6
-2.4
-3.2
-2.8
-3.0
-2.9
-2.8
-3.2
-3.7
-4.1
-4.0
-3.9
-3.7
-4.4
-4.0
-3.7
-2.6
-2.5
-3.3
-3.4
-4.8
-5.1
-6.2
-3.8
-3.1
-3.5
-4.3
-5.1
-4.2
-4.1
-3.4
-2.5
-2.0
-2.1
-2.9
-3.0
-4.6
-4.5
-4.3
-4.0
-2.2
-3.2
-2.4
-2.2
-2.2
-1.1
-1.8
-1.5
-1.4
-1.8
-2.5
-2.6
-2.9
-2.9
-2.0
-1.6
-2.4
-3.0
-3.8
-2.9
-3.1
-2.8
-3.7
-3.4
-4.0
-3.3
-2.2
-1.8
-2.4
-4.0
-4.7
-4.9
-4.0
-4.6
-3.6
-4.1
-2.7
-3.8
-4.4
-4.4
-4.1
-3.4
-2.7
-2.4
-1.7
-1.3
-1.0
-1.4
-0.9
-2.4
-3.0
-2.9
-3.1
-2.2
-2.4
-2.2
-1.5
-2.7
-2.8
-2.3
-1.6
-1.3
-1.4
-1.2
-1.0
-0.8
-0.9
-2.9
-3.5
-4.3
-3.3
-3.8
-3.4
-2.9
-2.0
-2.1
-2.2
-2.2
-1.7
-1.2
-3.3
-2.9
-2.7
-1.1
-1.1
-0.6
-3.0
-3.0
-2.8
-3.3
-2.5
-2.5
-2.7
-3.8
-3.5
-3.4
-2.6
-1.8
-1.2
-1.1
-0.1
-0.4
-0.8
-0.9
-1.6
-2.2
-1.4
-1.8
-2.6
-2.5
-2.5
-1.6
-1.3
-2.2
-1.8
-1.5
-0.8
-1.7
-1.6
-2.5
-0.8
-1.3
-1.8
-1.9
-2.8
-2.5
-3.8
-4.2
-3.0
-3.2
-2.9
-2.0
-2.0
-1.9
-3.5
-2.1
-2.5
-1.5
-1.2
-1.0
-0.7
-1.6
-1.3
-1.0
-0.9
-1.1
-1.6
-2.1
-2.3
-3.1
-1.7
-1.5
-2.7
-2.0
-2.5
-1.7
-1.8
-1.6
-1.7
-1.4
0.2
0.0
0.1
-1.2
-3.0
-2.2
-2.2
-1.5
-1.3
-1.2
-0.7
-1.4
-1.5
-2.1
-3.7
-2.2
-2.4
-1.9
-2.2
-2.5
-2.6
-2.3
-0.8
0.0
-0.1
-1.7
-1.9
-2.0
-0.9
-2.7
-2.7
-2.3
-3.9
-4.1
-3.3
-2.4
-2.6
-2.6
-3.1
-3.1
-1.1
-0.7
-1.4
-0.9
-2.0
-1.7
-2.3
-1.5
-2.7
-1.1
-2.9
-3.2
-2.6
-2.0
-1.6
-2.3
-3.0
-3.0
-2.5
-1.8
-1.5
-1.0
-1.5
-1.4
-2.1
-3.3
-2.3
-1.1
-1.5
-1.3
-1.1
0.3
0.0
-1.4
-3.8
-4.2
-3.5
-1.2
1.3
0.0
-1.9
-3.6
-3.2
-3.7
-3.2
-4.3
-4.5
-2.7
-1.0
-0.1
0.5
-0.8
-1.6
-1.8
-2.9
-2.4
-3.4
-1.6
-0.1
0.9
1.1
-0.1
-0.7
-1.3
-2.5
-3.2
-2.9
-1.8
-2.9
-2.4
-2.0
-1.9
-2.8
-2.7
-4.6
-2.3
-1.1
-0.9
0.0
-0.4
-0.2
0.1
0.7
-1.1
-1.0
-2.4
-1.6
-2.8
-2.1
-0.8
-0.2
0.5
0.2
-0.6
-0.5
-1.9
-2.7
-3.0
-2.3
-3.2
-2.7
-2.1
-2.5
-1.8
-1.2
0.6
1.0
0.6
-0.1
-0.1
-1.0
-0.4
-2.1
-3.1
-4.2
-2.8
-2.7
-2.7
-4.3
-4.2
-3.3
-2.4
-0.1
-0.1
-1.2
-1.5
-2.3
-0.1
0.3
-1.1
-0.9
-2.0
-1.5
-1.1
0.0
-0.1
-0.5
-2.4
-3.2
-2.1
-1.5
-3.0
-3.3
-3.0
-2.7
-2.1
-2.6
-2.8
-4.5
-4.0
-3.7
-2.1
-1.9
-3.0
-3.2
-1.7
-1.8
-1.0
-0.4
-2.3
-2.7
-2.6
-2.1
-1.1
-0.9
-2.6
-2.6
-3.0
-2.9
-2.6
-0.6
-1.5
-1.1
-1.0
-1.1
-1.4
-2.0
-3.3
-3.2
-3.5
-1.9
-1.9
0.0
-1.3
-2.5
-2.4
-2.6
-2.7
-1.5
-0.9
-1.1
-1.4
-3.1
-1.9
-2.3
-1.7
-3.1
-2.5
-2.0
-1.6
-2.3
-3.1
-2.8
-2.4
-1.6
-1.1
-1.9
-1.2
-1.4
-2.1
-2.5
-1.8
-2.1
-2.2
-3.0
-2.9
-1.3
-1.1
-1.6
-2.3
-0.4
-1.1
-1.9
-3.7
-3.6
-2.9
-1.9
-2.3
-1.8
-2.2
-2.1
-0.6
0.2
-0.7
-0.6
-2.4
-1.7
-1.1
0.2
2.5
1.0
0.3
-1.6
-0.7
-0.6
1.0
2.2
2.3
2.0
1.5
1.8
2.1
1.8
1.1
-0.6
-0.8
-0.5
0.1
1.6
2.7
2.0
1.7
-0.7
-0.7
-0.4
-0.1
1.3
2.0
1.7
0.1
-1.8
-2.4
-2.2
-1.0
-1.4
-0.6
-2.2
-2.3
-1.5
-1.8
-1.8
-0.4
1.4
2.8
1.5
0.0
-1.0
-1.2
-1.5
-1.6
-2.8
-3.1
-2.5
-2.0
-1.2
-1.5
-3.7
-3.8
-4.3
-2.9
-1.8
-1.0
-1.5
-2.0
-3.2
-1.7
-0.2
-0.4
-1.1
-0.3
-1.9
-3.7
-4.6
-4.0
-1.4
-0.5
-2.9
-1.7
-2.3
-2.6
-3.5
-4.2
-2.7
-2.2
-1.8
-1.2
-0.5
-1.1
-0.6
-2.0
-1.4
-2.6
-4.3
-4.0
-1.5
-1.7
-1.2
-0.2
-1.8
-2.1
-1.9
-2.4
-1.4
-0.5
0.1
0.8
0.3
-0.5
-3.0
-2.7
-2.1
-1.1
-0.6
-1.6
-2.3
-1.1
-1.1
-1.1
-1.2
-1.4
-1.2
-1.6
-1.2
-1.2
-0.3
-1.2
-2.7
-2.7
-1.1
-0.9
-0.9
-1.6
-1.4
-1.6
-2.0
-0.2
-0.2
0.9
1.4
1.3
-0.6
-3.0
-3.2
-3.6
-3.2
-2.3
-0.4
1.2
0.2
0.3
-0.4
-1.0
-1.8
-2.0
-2.2
-1.0
0.5
0.0
-0.2
-0.9
-0.6
-1.1
-0.2
-0.8
0.7
-1.2
-3.6
-2.7
-2.0
-0.8
-0.4
-0.7
-1.7
-3.4
-2.0
-1.9
-0.4
0.3
-0.4
-1.4
-2.7
-3.7
-2.8
-2.1
-2.3
-1.5
-1.3
-0.4
-0.3
-1.8
-3.0
-2.4
-3.0
-3.2
-2.6
-0.3
0.2
-1.6
-2.3
-1.7
-1.1
-2.5
-2.2
-0.7
-0.4
-0.6
-2.4
-2.1
-1.5
-2.1
-1.5
-1.2
-1.0
-1.2
-1.2
-0.7
-1.1
-1.1
-1.6
-1.8
-1.8
-1.6
-1.5
-0.4
-0.1
0.1
-0.2
-1.6
-2.2
-2.7
-3.0
-1.3
-0.6
-0.5
-2.2
-2.9
-3.5
-2.7
-2.7
-2.8
-2.0
-2.1
-2.1
-0.8
-0.5
-0.6
0.2
-1.2
-0.8
-0.9
-2.2
-1.6
-0.6
-0.5
-0.7
-1.6
-1.6
-1.9
-1.6
-2.2
-2.3
-2.5
-2.3
-1.7
-1.5
-1.2
-1.4
-2.5
-1.7
-2.5
-1.5
-1.5
-0.9
-0.8
-0.6
-0.4
-0.6
-0.1
-1.3
-3.0
-3.5
-4.7
-4.7
-3.1
-2.0
-1.5
-1.7
-2.1
-2.7
-1.9
-3.2
-2.8
-2.3
-1.4
-1.7
-1.5
-2.9
-2.6
-2.5
-2.6
-1.5
-1.3
-1.4
-2.4
-3.0
-1.7
-1.4
-1.4
-2.5
-3.1
-1.3
-2.1
-0.5
-1.3
-1.3
-2.2
-2.5
-2.0
-2.5
-2.2
-1.5
-1.2
-2.1
-1.2
-1.3
-0.6
-1.1
-1.2
-0.7
0.1
-0.3
-1.5
-1.6
-1.4
-1.0
0.4
0.9
0.3
0.3
0.0
-0.3
0.1
0.3
-0.2
-0.8
-1.3
-1.2
-1.1
-1.4
-2.0
-1.5
-1.7
-1.4
-0.7
-0.8
-1.3
-1.8
-2.1
-1.5
-1.9
-2.3
-1.0
-1.7
-1.6
-0.9
-1.3
-0.4
-1.0
-1.5
-2.2
-2.5
-2.0
-1.6
-2.4
-2.2
-2.7
-2.6
-2.9
-4.3
-2.6
-3.5
-2.5
-2.8
-2.6
-1.9
-2.5
-1.9
-1.5
-2.4
-2.3
-3.0
-3.4
-3.7
-3.1
-2.0
-1.6
-2.1
-3.4
-2.4
-2.5
-1.8
-2.3
-2.9
-3.5
-2.7
-3.0
-3.1
-3.4
-3.0
-3.7
-3.2
-3.2
-2.5
-3.0
-3.0
-2.7
-2.7
-2.2
-3.7
-3.4
-4.0
-4.0
-3.3
-2.7
-2.4
-1.8
-2.3
-2.6
-2.4
-3.9
-3.6
-4.3
-3.6
-4.9
-3.8
-3.4
-3.6
-3.2
-3.1
-3.5
-3.5
-3.8
-4.4
-3.6
-3.6
-3.4
-3.4
-4.2
-5.3
-3.6
-3.7
-4.0
-4.0
-4.5
-3.4
-3.6
-3.2
-3.6
-2.8
-2.1
-2.6
-3.2
-3.5
-4.3
-3.1
-3.0
-2.9
-2.2
-2.9
-2.5
-3.4
-4.6
-4.9
-4.5
-4.6
-3.8
-2.2
-3.0
-3.1
-3.7
-3.0
-3.7
-4.9
-5.2
-5.3
-4.3
-3.3
-4.1
-3.2
-3.4
-2.9
-2.1
-2.8
-2.7
-3.7
-3.8
-3.7
-2.1
-1.4
-1.9
-3.7
-3.0
-4.2
-3.2
-3.3
-3.9
-3.1
-2.7
-2.6
-4.8
-4.9
-4.6
-3.5
-2.9
-3.2
-3.5
-3.7
-3.1
-4.0
-2.9
-4.5
-4.1
-5.0
-3.8
-4.0
-2.8
-3.7
-3.9
-4.1
-4.9
-5.3
-5.5
-4.5
-4.5
-4.0
-4.2
-5.5
-3.7
-5.2
-5.6
-3.4
-5.0
-3.5
-4.2
-3.8
-3.2
-4.0
-4.1
-3.8
-4.0
-2.5
-4.5
-4.8
-5.8
-4.7
-2.9
-2.3
-2.4
-2.9
-3.0
-3.1
-1.8
-3.0
-3.0
-2.3
-1.6
-0.9
-1.3
-3.7
-4.2
-4.9
-4.1
-2.9
-3.9
-4.3
-3.9
-3.1
-2.6
-2.5
-3.2
-3.7
-3.9
-4.8
-4.3
-3.4
-4.6
-3.7
-4.2
-4.6
-3.9
-5.0
-3.4
-3.2
-3.4
-2.7
-3.0
-3.2
-3.4
-4.1
-3.6
-4.5
-4.8
-4.9
-4.9
-4.4
-4.6
-4.0
-4.7
-5.1
-5.1
-4.7
-3.9
-3.9
-3.5
-4.1
-3.9
-3.7
-4.5
-4.0
-4.5
-3.7
-5.1
-4.2
-5.6
-4.6
-5.5
-6.1
-5.5
-5.6
-4.7
-4.0
-4.8
-4.2
-5.5
-4.3
-4.0
-4.3
-4.0
-4.5
-4.1
-3.8
-4.9
-4.5
-4.7
-5.2
-5.5
-4.9
-4.2
-3.8
-3.0
-3.9
-4.2
-3.9
-3.4
-4.8
-4.0
-3.5
-4.0
-4.1
-2.6
-2.5
-2.8
-3.3
-3.4
-4.1
-4.3
-4.8
-3.5
-3.1
-4.8
-5.1
-3.3
-4.6
-4.3
-5.5
-4.0
-3.6
-4.3
-4.4
-3.8
-2.9
-2.7
-3.0
-3.6
-4.2
-4.0
-5.0
-4.1
-4.3
-4.1
-4.6
-5.4
-4.7
-3.3
-3.2
-3.4
-3.3
-3.4
-2.7
-3.1
-4.5
-4.5
-4.7
-3.9
-4.5
-3.7
-3.4
-3.9
-3.4
-4.7
-4.4
-3.6
-4.6
-4.2
-3.1
-3.8
-4.1
-4.4
-4.7
-3.7
-3.7
-2.8
-2.9
-4.0
-5.7
-5.2
-5.6
-5.3
-4.4
-3.9
-4.4
-3.5
-3.2
-2.9
-4.6
-4.5
-4.4
-3.4
-3.2
-5.1
-5.0
-4.4
-5.5
-5.5
-5.3
-5.3
-4.0
-4.1
-4.3
-5.3
-5.6
-5.4
-6.0
-4.2
-3.8
-3.6
-3.2
-2.3
-4.0
-5.0
-5.6
-5.0
-4.0
-4.0
-5.4
-3.9
-4.3
-3.6
-3.0
-4.5
-3.6
-4.6
-3.1
-3.9
-4.1
-4.3
-4.1
-4.1
-4.4
-4.8
-5.6
-4.9
-4.5
-4.0
-4.7
-4.7
-4.3
-3.4
-4.4
-4.3
-3.6
-4.0
-3.6
-3.5
-2.9
-3.6
-3.5
-3.2
-3.6
-3.7
-4.0
-4.6
-4.0
-2.8
-2.1
-2.0
-2.6
-3.6
-4.8
-3.2
-3.5
-2.2
-2.0
-2.4
-2.6
-3.0
-2.9
-3.6
-3.6
-4.5
-3.5
-3.6
-4.9
-4.1
-4.8
-4.6
-3.8
-3.4
-2.2
-3.7
-3.4
-3.8
-3.2
-3.2
-3.0
-3.9
-4.3
-5.3
-3.4
-4.3
-4.3
-4.6
-4.8
-4.5
-3.6
-5.1
-4.3
-5.0
-5.1
-4.7
-4.7
-4.6
-4.2
-5.0
-5.0
-4.4
-5.3
-5.3
-5.3
-5.5
-5.2
-5.4
-5.4
-5.3
-3.7
-5.7
-5.3
-6.1
-5.8
-5.5
-4.9
-6.0
-5.5
-6.0
-6.4
-4.7
-5.8
-5.7
-5.9
-6.1
-5.6
-6.3
-6.9
-6.0
-5.3
-5.7
-7.6
-6.2
-5.8
-5.5
-5.9
-6.2
-5.2
-5.4
-4.4
-5.4
-5.0
-4.6
-4.8
-4.7
-4.5
-5.2
-4.6
-4.7
-4.2
-3.0
-4.5
-6.0
-4.7
-3.6
-2.8
-1.9
-3.8
-2.8
-2.3
-2.7
-2.5
-2.3
-2.3
-0.9
-0.3
-2.0
-2.0
-2.7
-1.5
-1.1
-0.9
-1.6
-1.4
-1.2
-2.5
-2.2
-1.6
-2.0
-1.9
-2.7
-2.0
-1.8
-3.0
-2.8
-1.3
-2.1
-2.8
-2.6
-2.9
-2.5
-3.5
-2.4
-3.3
-3.0
-3.3
-3.8
-3.2
-3.9
-4.1
-2.5
-2.7
-2.4
-2.5
-4.2
-3.1
-3.3
-2.8
-3.7
-4.1
-4.6
-4.8
-4.8
-4.6
-3.7
-4.7
-5.6
-5.8
-4.7
-5.8
-5.8
-4.0
-3.9
-3.0
-4.5
-5.0
-4.5
-5.0
-4.7
-4.7
-3.9
-4.3
-5.4
-5.7
-4.1
-4.9
-4.8
-5.7
-5.3
-3.9
-4.1
-4.1
-5.2
-5.1
-5.9
-3.7
-4.3
-5.9
-5.6
-5.5
-5.4
-4.5
-4.0
-3.8
-5.5
-5.3
-4.5
-3.9
-5.2
-5.1
-5.0
-3.2
-4.9
-4.2
-4.8
-4.6
-4.1
-4.6
-4.1
-4.7
-4.6
-3.8
-4.6
-4.2
-4.7
-4.4
-3.3
-3.1
-3.2
-3.9
-4.1
-3.4
-4.4
-4.9
-3.7
-4.7
-4.5
-4.0
-2.6
-3.2
-4.9
-4.5
-5.4
-4.8
-4.3
-4.5
-4.5
-4.3
-5.3
-3.2
-1.9
-3.4
-4.3
-4.1
-3.8
-4.3
-4.3
-5.7
-4.8
-3.7
-4.8
-4.4
-3.9
-4.4
-3.4
-4.0
-3.5
-3.3
-4.5
-3.4
-4.4
-3.5
-3.6
-3.7
-3.9
-4.3
-2.8
-3.7
-4.8
-5.7
-5.0
-4.5
-3.9
-4.7
-3.9
-4.1
-4.8
-4.0
-3.7
-2.5
-4.2
-4.9
-5.0
-3.7
-3.8
-3.5
-4.3
-4.4
-3.9
-3.7
-3.3
-4.3
-3.6
-4.0
-3.2
-4.0
-4.2
-4.4
-2.8
-2.9
-3.5
-4.7
-4.5
-3.7
-2.2
-3.2
-3.7
-3.8
-4.4
-3.1
-3.4
-3.9
-3.6
-5.2
-4.6
-3.4
-4.3
-5.6
-4.1
-3.9
-3.6
-4.8
-4.6
-4.6
-3.3
-4.8
-3.4
-2.8
-2.7
-3.9
-4.7
-4.3
-4.4
-4.2
-4.5
-4.3
-3.9
-3.4
-3.3
-4.6
-4.6
-5.1
-3.8
-4.0
-4.3
-5.5
-4.7
-4.4
-3.5
-3.5
-5.4
-5.4
-5.5
-4.5
-4.4
-3.7
-4.2
-4.2
-5.1
-4.2
-3.6
-4.1
-4.1
-4.8
-4.5
-3.4
-2.9
-2.8
-3.4
-5.6
-4.7
-3.9
-2.4
-1.6
-2.2
-4.1
-3.4
-4.3
-3.9
-3.2
-2.8
-2.0
-2.1
-3.8
-4.4
-4.9
-4.8
-4.7
-4.4
-3.3
-3.2
-3.6
-4.1
-4.4
-4.2
-4.4
-3.4
-2.7
-2.6
-3.9
-4.7
-5.1
-5.0
-3.5
-3.2
-3.8
-3.5
-3.6
-4.0
-4.3
-3.0
-3.3
-2.4
-3.9
-3.9
-4.0
-3.0
-3.2
-3.2
-4.0
-3.9
-4.4
-4.2
-4.6
-4.3
-4.4
-5.3
-4.8
-4.4
-4.1
-3.5
-5.1
-3.8
-5.9
-5.2
-4.5
-4.9
-3.6
-4.0
-3.6
-3.8
-4.2
-4.2
-4.5
-4.4
-4.9
-4.3
-4.0
-3.2
-3.6
-4.7
-5.3
-4.7
-3.2
-3.4
-3.7
-3.2
-2.8
-2.4
-3.3
-2.7
-3.5
-2.5
-2.3
-2.7
-2.8
-2.6
-1.7
-0.4
-0.7
-0.7
0.1
0.2
-0.2
0.2
-0.4
0.9
1.7
-0.3
0.1
-1.5
-0.4
-0.2
-0.9
-0.2
-1.4
-1.9
-1.2
-1.2
0.0
-0.5
-1.0
-0.8
-0.7
-1.3
-0.8
-0.7
-1.4
-2.4
-2.6
-2.5
-1.4
-2.2
-1.6
-2.2
-2.3
-2.3
-2.1
-1.9
-3.4
-2.3
-2.5
-2.0
-1.4
-1.1
-2.2
-2.5
-3.2
-3.8
-2.8
-3.8
-2.3
-1.3
-2.5
-2.4
-3.5
-3.4
-3.2
-3.9
-2.9
-4.4
-3.3
-3.1
-3.3
-4.1
-2.8
-2.4
-2.6
-3.0
-3.0
-2.1
-3.2
-3.7
-3.2
-3.0
-3.7
-3.8
-3.4
-3.4
-2.4
-3.2
-3.3
-2.6
-3.8
-2.7
-3.8
-4.0
-3.5
-4.4
-3.4
-3.5
-3.6
-3.8
-4.2
-3.7
-1.7
-2.4
-3.4
-3.8
-3.5
-3.4
-2.9
-4.6
-3.7
-4.4
-3.7
-3.9
-3.9
-4.7
-5.8
-5.7
-5.6
-3.8
-4.0
-4.0
-6.0
-4.1
-3.8
-2.9
-3.4
-3.8
-4.2
-4.4
-2.8
-2.7
-3.3
-3.3
-4.7
-4.2
-4.0
-3.0
-2.6
-2.9
-3.2
-3.0
-2.5
-3.6
-4.9
-5.8
-5.1
-3.8
-3.3
-2.7
-3.0
-4.6
-4.8
-4.7
-3.9
-3.0
-4.0
-3.7
-4.5
-4.1
-3.3
-3.1
-3.4
-3.8
-3.9
-5.1
-4.5
-4.3
-5.3
-3.5
-3.7
-3.6
-5.1
-4.8
-4.2
-3.3
-4.6
-3.2
-3.9
-3.7
-4.8
-4.5
-4.7
-5.5
-4.1
-2.6
-3.6
-2.8
-2.9
-3.7
-4.6
-4.6
-4.0
-4.0
-5.1
-4.8
-4.0
-4.4
-4.6
-3.2
-4.5
-4.1
-5.6
-3.7
-2.2
-2.0
-1.7
-3.7
-4.4
-5.1
-6.2
-4.9
-4.8
-4.3
-3.3
-3.9
-4.1
-4.9
-4.0
-3.8
-2.7
-3.6
-2.7
-2.4
-3.0
-4.1
-4.6
-5.9
-3.3
-3.0
-4.2
-5.4
-5.6
-6.2
-6.2
-5.4
-5.1
-4.8
-5.0
-7.0
-5.2
-4.6
-4.9
-3.9
-5.6
-4.6
-4.7
-2.6
-4.0
-1.8
-3.1
-2.9
-3.9
-4.1
-4.2
-4.9
-5.8
-3.8
-3.9
-3.2
-4.2
-5.3
-4.8
-6.1
-6.0
-6.1
-5.2
-4.8
-4.6
-4.8
-5.0
-4.0
-3.9
-5.0
-4.3
-4.5
-4.6
-4.8
-5.0
-4.3
-3.6
-5.4
-5.0
-5.4
-6.6
-5.9
-4.9
-3.2
-2.7
-3.6
-4.4
-4.2
-5.1
-4.4
-3.8
-3.8
-4.4
-4.5
-5.6
-5.1
-5.6
-5.3
-5.7
-6.1
-5.3
-5.1
-4.1
-4.1
-2.9
-4.4
-5.2
-6.1
-4.6
-3.4
-2.7
-3.6
-5.8
-7.1
-8.1
-5.9
-3.8
-3.3
-3.1
-3.7
-6.8
-7.0
-7.0
-4.4
-3.0
-2.4
-1.9
-3.0
-4.6
-4.6
-4.7
-3.1
-2.5
-0.7
0.0
0.7
0.3
0.2
-0.1
-2.2
-3.1
-3.3
-3.1
-1.6
0.6
0.3
1.7
0.2
-1.8
-1.9
-2.9
-2.3
-1.8
-1.6
-1.2
-1.3
-3.1
-4.4
-5.0
-3.6
-2.9
-2.4
-3.4
-4.5
-4.3
-4.5
-3.8
-3.6
-3.5
-3.0
-3.3
-3.9
-3.2
-3.1
-2.7
-2.5
-3.5
-4.7
-3.6
-4.1
-4.0
-4.9
-5.6
-4.9
-3.4
-4.1
-5.5
-5.5
-6.2
-5.7
-3.6
-2.6
-3.0
-3.6
-3.5
-3.9
-4.2
-3.7
-4.5
-2.8
-4.4
-3.8
-2.8
-2.8
-4.4
-2.7
-2.6
-1.8
-3.6
-4.0
-3.6
-4.3
-3.6
-4.0
-4.0
-2.8
-3.3
-3.0
-3.0
-3.3
-3.4
-3.0
-3.8
-4.1
-3.0
-3.1
-3.8
-3.5
-2.7
-2.8
-3.7
-4.4
-4.8
-2.8
-4.0
-3.7
-4.8
-4.4
-3.4
-3.2
-2.9
-2.9
-3.0
-3.7
-4.5
-5.8
-5.0
-3.1
-2.4
-1.9
-3.6
-3.2
-3.4
-4.0
-3.3
-4.4
-3.5
-2.4
-3.7
-3.5
-4.3
-4.1
-2.9
-2.7
-2.6
-2.7
-2.2
-2.1
-1.7
-2.0
-3.5
-2.3
-2.5
-2.0
-1.5
-3.0
-2.0
-2.1
-2.8
-4.3
-4.5
-3.2
-1.2
-2.4
-2.8
-2.8
-2.1
-1.9
-2.8
-3.0
-1.4
-2.2
-2.3
-2.2
-3.2
-2.9
-3.0
-3.9
-3.4
-3.1
-3.4
-2.4
-2.0
-1.2
-0.9
-2.3
-3.0
-2.0
-2.7
-2.9
-3.0
-3.1
-3.1
-4.1
-3.2
-3.0
-3.7
-3.8
-4.1
-4.8
-4.9
-3.8
-2.3
-2.8
-3.4
-3.5
-4.1
-4.3
-5.1
-3.1
-2.4
-3.2
-3.5
-3.7
-3.7
-3.9
-3.9
-4.7
-3.8
-4.8
-4.3
-3.2
-1.8
-2.5
-3.0
-3.5
-4.5
-3.6
-3.5
-4.2
-2.5
-3.2
-3.6
-2.9
-3.3
-2.7
-2.8
-3.9
-3.8
-2.7
-2.9
-2.9
-3.2
-2.9
-2.7
-1.8
-2.7
-2.4
-2.4
-2.5
-2.0
-1.7
-3.0
-2.6
-2.5
-1.3
-2.5
-3.2
-3.0
-2.2
-2.4
-2.6
-0.5
-2.2
-2.2
-4.7
-5.6
-3.8
-2.0
-1.1
-1.8
-2.3
-3.1
-2.3
-3.2
-3.3
-3.1
-3.6
-3.3
-2.2
-2.6
-2.9
-2.5
-0.7
-1.6
-2.9
-4.0
-3.2
-2.0
-1.9
-1.9
-1.1
0.0
-1.2
-1.8
-2.9
-3.6
-1.6
-1.9
-2.6
-3.5
-2.8
-2.8
-3.5
-3.4
-3.3
-1.0
-1.0
-2.4
-3.0
-2.5
-3.3
-2.5
-2.6
-1.3
-1.7
-2.7
-2.3
-2.1
-2.9
-3.7
-2.9
-2.5
-1.8
-1.3
-1.2
-2.0
-3.4
-3.7
-3.9
-1.4
-2.4
-2.0
-2.5
-2.4
-1.7
-2.3
-3.2
-3.2
-2.5
-2.0
-3.2
-2.3
-3.5
-2.6
-2.2
-1.0
-2.2
-2.5
-3.2
-2.3
-1.5
-2.3
-2.8
-3.0
-3.5
-2.5
-2.9
-2.6
-1.7
-2.5
-2.4
-2.1
-2.7
-2.7
-2.6
-2.9
-1.9
-2.8
-3.4
-3.5
-1.7
-2.8
-3.0
-2.7
-3.2
-3.1
-3.3
-3.5
-2.5
-2.5
-3.0
-3.2
-3.2
-4.3
-2.5
-2.5
-2.2
-3.0
-3.6
-2.7
-2.5
-2.6
-3.4
-3.2
-2.8
-3.2
-2.4
-3.0
-2.8
-3.4
-3.4
-3.0
-2.2
-2.3
-1.3
-0.5
-1.2
-0.7
-0.4
-0.2
-0.6
-0.4
-0.2
0.1
0.0
-0.3
0.2
-0.4
-0.5
-0.8
-1.2
-1.1
-1.2
-1.0
-2.5
-2.0
-2.3
-3.1
-1.6
-2.4
-1.9
-2.6
-2.5
-3.1
-3.2
-3.5
-2.3
-3.2
-3.5
-4.4
-3.6
-3.9
-2.5
-2.7
-3.0
-3.4
-3.8
-3.7
-3.1
-3.2
-2.8
-2.4
-3.4
-4.1
-4.9
-3.6
-4.1
-2.9
-3.9
-2.9
-1.5
-2.5
-2.5
-2.2
-2.2
-2.4
-3.5
-4.0
-3.4
-3.0
-2.8
-3.6
-3.2
-2.7
-2.2
-2.3
-2.3
-2.6
-2.6
-3.3
-4.6
-3.8
-3.9
-2.4
-2.0
-1.5
-3.1
-2.9
-3.2
-3.0
-3.1
-2.6
-1.8
-2.5
-3.2
-4.2
-4.1
-3.3
-2.3
-2.5
-1.2
-2.5
-3.4
-4.6
-5.3
-3.3
-3.3
-2.9
-3.4
-3.7
-4.2
-3.5
-4.0
-4.4
-3.9
-3.8
-3.2
-3.7
-4.1
-3.9
-3.7
-3.8
-3.3
-3.1
-3.3
-3.2
-3.3
-3.6
-4.3
-4.1
-4.3
-3.5
-4.0
-4.1
-3.4
-4.8
-4.3
-3.9
-4.2
-4.8
-5.5
-4.2
-3.9
-3.3
-3.1
-3.0
-3.4
-4.1
-4.1
-3.8
-3.3
-3.5
-2.6
-3.2
-2.6
-1.9
-2.8
-3.7
-4.3
-4.1
-2.7
-3.2
-3.4
-3.4
-3.9
-3.6
-3.7
-3.0
-3.7
-3.4
-1.8
-3.5
-4.8
-5.4
-5.6
-3.9
-3.7
-2.6
-3.2
-4.7
-4.2
-4.1
-4.0
-3.4
-4.6
-7.0
-6.9
-7.6
-4.2
-2.4
-1.2
-0.5
-2.5
-5.2
-7.0
-6.3
-5.1
-4.3
-1.9
-1.5
-2.2
-2.9
-4.4
-4.4
-6.2
-5.6
-4.4
-3.8
-3.2
-3.0
-2.8
-3.7
-4.5
-4.8
-4.8
-5.5
-5.4
-4.1
-2.6
-3.3
-2.7
-3.2
-3.8
-4.6
-5.4
-4.4
-3.8
-3.9
-4.4
-4.2
-3.9
-3.8
-2.9
-4.6
-4.9
-5.8
-5.0
-5.1
-3.7
-4.0
-3.2
-2.3
-3.4
-3.8
-5.1
-4.5
-3.8
-3.6
-3.8
-4.1
-5.0
-4.2
-4.1
-3.5
-3.5
-3.5
-1.8
-2.5
-3.1
-4.1
-4.4
-5.5
-5.9
-5.0
-3.8
-3.1
-3.8
-3.1
-2.8
-3.3
-2.8
-3.0
-2.1
-1.4
-1.8
-2.2
-2.4
-2.6
-2.9
-1.9
-2.8
-1.5
-2.1
-2.0
-1.4
-1.4
-1.9
-2.0
-4.2
-3.6
-2.8
-3.2
-1.9
-2.8
-1.4
-1.5
-1.4
-2.2
-3.0
-3.6
-5.0
-4.2
-3.4
-3.5
-3.8
-4.3
-3.8
-2.9
-3.0
-3.0
-3.3
-3.5
-2.5
-2.6
-3.2
-4.4
-5.4
-4.3
-3.9
-3.5
-3.8
-2.0
-2.5
-3.6
-4.5
-5.0
-3.8
-3.6
-4.4
-3.7
-3.7
-3.7
-3.3
-3.9
-4.6
-3.3
-3.3
-3.5
-3.7
-4.1
-3.6
-3.7
-3.6
-4.2
-3.7
-5.1
-5.5
-5.9
-4.6
-4.5
-4.6
-4.9
-4.6
-5.4
-4.0
-4.3
-4.8
-4.7
-5.3
-4.1
-4.3
-4.9
-4.4
-4.5
-4.3
-4.7
-6.2
-6.1
-4.5
-4.0
-4.5
-5.7
-5.0
-4.1
-3.3
-3.9
-4.5
-4.8
-4.9
-5.4
-5.3
-6.1
-6.5
-7.4
-5.7
-4.8
-5.4
-6.1
-5.0
-4.5
-4.0
-4.0
-5.4
-5.1
-5.9
-6.6
-6.0
-4.4
-4.1
-5.1
-5.5
-5.5
-4.6
-5.7
-5.9
-5.0
-5.6
-5.4
-5.3
-4.8
-4.2
-4.8
-4.6
-4.7
-4.5
-5.6
-5.0
-5.3
-5.0
-4.7
-5.2
-5.2
-5.1
-5.7
-6.7
-6.0
-6.3
-6.0
-5.8
-4.9
-4.5
-4.5
-4.7
-3.8
-4.3
-3.6
-5.6
-4.1
-4.1
-5.4
-6.8
-5.6
-4.8
-4.3
-5.1
-6.1
-6.4
-5.7
-5.1
-4.9
-4.3
-4.5
-5.0
-4.1
-4.9
-4.5
-4.8
-4.9
-5.6
-5.9
-7.0
-6.8
-6.2
-5.1
-4.2
-4.0
-4.3
-4.8
-4.8
-5.5
-5.4
-5.0
-3.6
-2.8
-2.7
-4.3
-4.9
-4.9
-5.5
-5.6
-5.3
-4.3
-4.5
-2.9
-2.3
-1.3
-1.8
-1.4
-1.4
-0.6
-0.7
-0.2
0.2
0.6
0.0
-1.1
-0.5
-1.1
-1.1
-0.8
-0.6
-0.4
-1.1
-0.7
0.5
0.4
-0.1
-0.8
0.4
0.1
0.0
-1.5
-3.1
-3.0
-3.8
-3.8
-1.6
-2.6
-1.2
-1.1
-1.9
-3.0
-3.7
-4.3
-3.9
-3.7
-4.8
-4.1
-3.0
-3.0
-4.0
-5.4
-5.5
-5.5
-5.8
-5.4
-6.2
-4.8
-4.0
-3.7
-2.9
-3.0
-4.2
-5.4
-4.9
-4.7
-5.8
-5.2
-4.7
-4.6
-4.6
-6.0
-4.5
-5.0
-5.5
-6.4
-5.8
-6.5
-7.9
-7.4
-5.8
-3.3
-3.2
-3.3
-4.2
-4.6
-3.9
-3.8
-3.9
-3.4
-4.1
-3.6
-4.9
-4.8
-4.8
-5.1
-6.4
-5.1
-4.5
-4.1
-3.9
-4.5
-5.3
-4.4
-3.3
-2.6
-2.1
-3.5
-2.2
-0.9
-1.6
-3.4
-3.0
-2.4
-2.9
-3.0
-4.0
-3.1
-3.9
-3.8
-4.5
-4.2
-4.3
-5.2
-4.7
-5.5
-5.0
-5.0
-4.6
-4.3
-3.2
-3.3
-4.0
-3.8
-4.3
-5.2
-6.3
-5.6
-4.3
-2.5
-3.9
-4.2
-4.8
-3.7
-4.4
-3.8
-4.2
-5.0
-4.8
-5.3
-4.7
-4.1
-3.0
-4.7
-4.1
-4.9
-4.3
-3.9
-4.1
-4.0
-5.0
-4.7
-4.4
-3.7
-4.8
-4.6
-4.7
-2.6
-3.4
-3.8
-4.2
-5.4
-5.6
-6.0
-4.5
-3.9
-3.3
-2.7
-4.0
-3.7
-4.1
-4.6
-5.8
-6.3
-5.8
-5.4
-4.0
-3.7
-3.4
-4.9
-5.5
-5.7
-5.0
-4.9
-6.0
-4.5
-5.2
-4.9
-5.9
-5.8
-5.4
-5.3
-5.1
-4.3
-4.6
-5.0
-6.6
-5.7
-5.7
-5.6
-5.2
-5.2
-4.8
-4.5
-4.5
-5.7
-5.3
-5.0
-5.5
-5.4
-4.6
-5.4
-4.5
-4.2
-5.4
-5.3
-5.3
-4.5
-4.5
-6.2
-5.1
-4.0
-3.9
-4.3
-4.8
-3.2
-4.3
-4.8
-4.6
-3.5
-4.5
-3.9
-4.2
-3.5
-4.1
-3.9
-3.4
-3.8
-4.1
-3.3
-2.6
-3.6
-4.9
-4.0
-3.1
-4.5
-4.5
-5.6
-4.9
-3.8
-4.4
-2.8
-3.4
-4.4
-4.4
-5.1
-4.1
-4.7
-4.3
-3.2
-3.2
-2.5
-2.5
-2.7
-3.5
-3.5
-3.9
-4.3
-4.4
-5.5
-6.2
-5.1
-5.1
-5.1
-4.1
-4.5
-4.5
-5.3
-4.6
-4.5
-4.9
-5.8
-6.8
-5.5
-5.5
-4.1
-3.3
-3.5
-4.6
-4.3
-4.8
-5.5
-4.8
-5.3
-4.5
-4.5
-6.6
-5.2
-3.8
-3.7
-3.2
-2.2
-1.3
-0.9
-0.9
-1.7
-1.1
-0.5
-0.6
-0.7
-0.2
-0.7
-0.7
0.3
-0.4
-0.5
-0.6
-0.8
0.3
0.0
-0.9
-1.2
-0.9
-0.8
-0.6
0.4
0.3
0.7
-0.6
-1.1
-0.9
-1.7
-2.3
-1.9
-1.2
0.0
-0.3
-1.6
-2.0
-1.1
-1.4
-0.9
-0.9
-1.3
-1.8
-1.2
-1.3
-1.3
-1.2
-2.2
-2.3
-2.3
-3.1
-2.8
-3.1
-2.6
-2.2
-1.9
-0.9
-0.3
-1.2
-0.6
-2.6
-1.2
-1.7
-1.7
-0.8
-0.8
-0.9
-0.7
-0.2
0.0
0.5
-0.7
0.0
-0.2
0.6
1.1
1.0
2.3
1.8
2.5
2.4
2.8
3.0
3.4
3.4
3.3
3.5
3.4
3.6
3.2
4.1
4.9
6.0
5.1
4.5
5.5
4.9
5.3
4.6
4.2
3.9
2.6
3.6
3.9
3.9
2.0
1.8
2.5
3.4
3.0
2.7
2.7
3.2
3.6
2.3
1.8
1.7
1.7
1.7
1.4
1.8
2.0
2.0
0.9
1.0
0.3
-0.5
-0.7
-1.3
-0.6
-0.1
1.2
1.2
2.5
2.0
2.3
1.6
0.8
-0.1
-0.3
0.7
1.2
0.6
0.1
-2.0
-0.6
0.0
-0.4
-1.6
-1.7
-0.7
1.1
0.1
0.0
0.6
0.4
0.9
1.5
0.8
0.3
0.4
1.0
0.7
0.4
-0.3
0.4
0.7
1.0
0.6
0.0
0.8
1.8
1.6
1.7
0.7
0.8
1.2
0.4
0.0
-0.1
1.3
1.7
2.7
3.8
3.2
2.9
2.2
3.2
4.0
5.9
3.0
5.7
4.8
2.9
5.8
1.5
4.8
4.3
4.4
6.2
4.5
8.5
7.0
4.6
4.6
6.2
7.0
6.8
6.0
8.5
6.3
5.6
5.4
5.3
7.6
5.2
6.1
6.0
5.6
5.6
6.6
7.5
6.6
7.8
8.4
7.9
7.5
7.7
5.6
8.9
7.0
7.3
6.0
5.3
5.9
6.3
5.2
6.7
6.3
7.9
7.7
11.5
4.9
6.9
4.8
6.1
6.7
6.3
7.8
8.2
6.6
9.5
6.8
9.0
4.8
5.8
5.9
7.2
7.5
7.6
5.3
5.8
3.4
5.2
3.1
2.6
3.9
6.7
6.2
4.6
3.1
2.3
5.5
4.3
5.5
5.3
6.0
5.2
5.4
1.2
1.3
4.0
3.8
2.0
3.0
4.1
4.6
4.0
2.0
1.8
5.9
2.1
3.9
2.6
1.8
3.4
0.6
3.1
3.1
2.0
1.7
2.1
2.7
2.6
2.6
4.2
2.1
-0.3
1.2
0.2
0.7
0.5
0.9
2.3
2.3
1.1
2.3
1.4
1.0
0.6
2.3
0.9
1.8
0.3
1.7
-0.4
0.1
-0.1
0.3
0.8
0.3
0.1
0.0
-0.9
0.3
0.0
0.3
2.5
-0.9
1.5
-1.1
0.4
1.2
0.9
0.0
2.0
-0.1
0.0
0.2
-0.6
0.4
-1.5
-1.0
-0.9
-1.5
-1.5
-0.6
0.6
0.6
-0.2
0.0
0.7
-0.5
0.0
-0.7
-2.4
-0.5
-0.5
1.2
-0.3
0.0
0.8
1.1
-3.0
-0.8
-2.9
-0.8
0.0
-2.7
-1.8
-3.6
-1.7
-0.6
-0.5
-0.4
-2.2
-2.7
-2.2
-2.3
0.1
-1.0
-1.9
-2.2
-3.2
-2.7
-3.4
-2.6
-4.0
-3.2
-3.6
-2.7
-2.2
-1.6
-1.6
-1.6
-2.3
-0.5
-1.2
-0.8
-0.5
-0.1
-2.2
-1.2
-1.3
-1.8
-2.1
-4.6
-4.6
-7.7
-9.6
-11.6
-11.9
-12.0
-14.1
-15.5
-17.8
-18.8
-19.6
-18.6
-17.1
-18.0
-18.3
-20.5
-21.1
-20.9
-21.6
-22.2
-23.1
-24.4
-25.3
-26.9
-28.0
-29.1
-29.9
-29.7
-31.6
-32.7
-33.4
-33.8
-34.5
-34.9
-35.2
-36.1
-36.9
-37.7
-38.3
-38.1
-40.6
-43.1
-42.5
-42.7
-42.7
-45.8
-46.5
-47.4
-45.8
-47.4
-47.7
-46.8
-49.5
-49.6
-51.0
-52.4
-53.1
-55.0
-54.9
-54.5
-55.6
-56.7
-58.3
-59.0
-59.0
-60.4
-60.8
-61.9
-62.8
-63.2
-64.3
-64.6
-65.8
-66.6
-65.4
-64.1
-64.4
-65.2
-66.3
-66.2
-64.3
-64.2
-63.0
-63.7
-64.3
-65.3
-64.6
-63.8
-62.0
-61.2
-61.7
-62.9
-63.4
-63.8
-63.1
-62.5
-62.2
-61.4
-61.5
-61.9
-60.9
-60.6
-59.0
-60.9
-61.6
-62.2
-61.5
-60.1
-62.1
-59.9
-60.0
-59.5
-59.7
-61.4
-59.9
-59.9
-59.8
-60.1
-59.1
-59.6
-58.0
-58.7
-57.0
-57.6
-58.8
-59.5
-59.2
-58.4
-57.6
-57.1
-56.0
-55.0
-54.8
-54.5
-55.3
-55.9
-57.6
-58.9
-58.5
-58.5
-59.6
-59.9
-59.6
-59.2
-57.9
-57.7
-55.8
-57.8
-58.2
-59.3
-58.3
-57.3
-57.6
-57.5
-57.9
-56.9
-56.2
-55.1
-55.1
-56.0
-54.6
-53.6
-52.8
-51.5
-51.4
-52.0
-51.2
-50.1
-50.4
-48.3
-50.4
-48.6
-53.0
-49.4
-51.1
-46.9
-48.4
-49.6
-47.5
-47.9
-45.6
-45.8
-47.8
-46.9
-49.0
-48.5
-47.1
-47.5
-46.2
-45.6
-45.4
-44.2
-42.8
-44.2
-43.5
-44.0
-43.6
-45.4
-44.3
-41.9
-43.2
-43.2
-44.2
-43.2
-42.3
-43.5
-42.5
-42.6
-41.8
-40.8
-42.1
-41.2
-41.5
-40.2
-38.4
-38.9
-38.7
-40.5
-41.2
-41.5
-41.8
-41.8
-41.8
-41.8
-42.6
-41.9
-41.0
-40.5
-40.7
-40.6
-41.7
-40.7
-40.2
-40.9
-41.0
-41.0
-40.1
-41.2
-41.6
-40.9
-41.4
-40.0
-39.1
-39.8
-38.9
-38.5
-38.9
-35.8
-37.5
-37.5
-38.6
-37.8
-38.3
-39.4
-38.7
-37.5
-36.3
-36.4
-36.9
-35.6
-37.4
-35.7
-36.3
-35.6
-35.0
-35.8
-34.5
-34.4
-35.1
-33.9
-34.0
-33.4
-34.8
-35.5
-34.5
-33.4
-33.2
-33.7
-33.0
-32.1
-32.5
-32.8
-32.6
-32.7
-33.1
-33.6
-33.7
-32.8
-32.0
-32.9
-33.5
-32.6
-32.9
-33.3
-33.8
-34.4
-32.4
-33.1
-32.5
-33.9
-32.1
-34.2
-33.7
-35.7
-35.6
-35.0
-32.7
-36.0
-36.7
-36.6
-36.2
-37.9
-38.3
-37.0
-37.4
-38.5
-40.1
-38.2
-38.8
-40.7
-39.7
-41.4
-40.7
-40.4
-40.6
-41.5
-40.6
-42.1
-40.7
-42.7
-42.2
-41.5
-40.7
-41.4
-42.5
-44.9
-45.2
-45.3
-45.9
-44.8
-45.1
-45.2
-44.4
-45.9
-48.0
-48.7
-49.0
-49.8
-49.2
-49.3
-50.3
-50.7
-49.7
-50.7
-52.0
-50.7
-51.8
-52.8
-52.7
-52.1
-51.9
-49.9
-47.9
-56.6
-51.3
-51.9
-52.5
-50.3
-54.0
-52.3
-54.3
-50.8
-53.4
-52.1
-51.6
-52.4
-52.7
-50.0
-53.9
-51.9
-51.8
-53.9
-50.5
-51.0
-52.2
-50.9
-53.9
-50.5
-53.3
-55.2
-53.0
-50.2
-55.0
-49.6
-53.6
-52.8
-52.4
-57.4
-47.1
-54.7
-51.5
-54.4
-52.4
-56.7
-55.3
-52.6
-53.8
-50.5
-53.2
-51.3
-55.0
-54.9
-56.4
-53.4
-53.3
-56.0
-54.2
-53.4
-55.0
-56.2
-57.5
-56.9
-57.0
-57.2
-55.6
-55.0
-55.0
-55.7
-58.1
-59.2
-60.7
-57.6
-58.4
-59.8
-60.0
-59.6
-59.2
-59.8
-61.4
-62.1
-62.5
-63.5
-64.0
-63.8
-63.8
-64.6
-64.5
-66.0
-65.5
-67.0
-66.5
-66.1
-65.6
-66.1
-66.5
-65.9
-65.5
-65.6
-66.4
-65.9
-66.4
-66.1
-66.4
-65.5
-67.2
-66.4
-67.2
-65.6
-64.2
-64.2
-64.1
-64.4
-64.6
-65.4
-65.7
-66.3
-67.1
-67.2
-66.7
-67.7
-67.1
-66.9
-66.9
-66.3
-66.5
-67.3
-67.3
-67.8
-67.4
-67.8
-67.0
-68.3
-66.3
-66.7
-67.2
-67.5
-67.8
-68.6
-69.1
-68.9
-67.3
-67.8
-67.7
-68.0
-67.7
-68.1
-68.7
-69.8
-71.1
-70.7
-70.4
-71.1
-71.2
-72.2
-73.8
-74.8
-76.2
-77.1
-77.4
-78.8
-78.7
-78.8
-81.3
-81.1
-79.9
-79.0
-78.6
-80.4
-80.7
-80.5
-81.8
-80.6
-79.5
-81.7
-83.0
-81.7
-81.4
-80.4
-80.8
-80.5
-81.5
-83.2
-83.4
-82.2
-81.0
-81.4
-81.5
-81.5
-81.6
-83.2
-83.3
-83.7
-83.6
-81.7
-82.8
-82.0
-82.0
-83.1
-82.0
-83.8
-84.8
-84.8
-84.4
-83.3
-83.6
-82.8
-83.7
-82.8
-84.0
-84.1
-83.5
-83.7
-82.8
-82.4
-81.9
-83.2
-84.0
-83.3
-83.0
-83.5
-82.0
-83.4
-82.1
-82.4
-84.0
-82.9
-82.8
-83.5
-84.7
-84.0
-82.7
-82.4
-81.9
-83.1
-82.5
-83.5
-83.5
-83.1
-83.3
-82.5
-83.4
-81.7
-81.8
-82.7
-81.4
-82.9
-81.9
-83.3
-82.9
-83.5
-83.8
-82.7
-83.4
-81.0
-81.4
-81.4
-81.2
-82.7
-82.3
-81.8
-82.7
-83.5
-82.4
-81.9
-81.0
-81.7
-81.7
-82.2
-82.8
-81.8
-82.6
-81.1
-80.0
-80.8
-80.8
-81.8
-80.6
-80.6
-80.9
-80.9
-81.9
-80.9
-80.2
-81.6
-80.8
-81.1
-78.6
-79.0
-80.8
-81.6
-80.9
-81.0
-80.7
-80.9
-81.8
-82.0
-82.2
-80.0
-80.6
-80.7
-80.6
-80.2
-78.6
-80.0
-81.4
-80.4
-80.4
-79.8
-80.0
-81.0
-80.2
-80.3
-80.1
-80.0
-80.3
-81.2
-81.6
-82.1
-81.2
-82.8
-82.7
-82.4
-80.9
-80.6
-80.6
-81.3
-81.5
-81.1
-82.6
-81.7
-82.8
-82.3
-81.9
-82.7
-82.3
-82.1
-83.6
-82.4
-82.9
-83.2
-83.6
-84.2
-83.7
-81.8
-83.3
-83.5
-84.9
-84.4
-84.1
-85.0
-85.8
-85.8
-84.8
-84.7
-84.4
-85.1
-85.2
-84.9
-85.0
-86.6
-86.4
-87.7
-86.6
-86.3
-87.4
-86.7
-87.7
-86.4
-87.6
-86.7
-86.8
-87.9
-87.2
-87.7
-89.1
-88.0
-88.6
-88.0
-88.6
-88.1
-88.4
-89.2
-89.1
-89.3
-89.6
-89.3
-89.0
-89.8
-88.7
-89.9
-89.7
-88.7
-90.8
-90.4
-90.8
-91.3
-91.6
-92.1
-92.7
-92.0
-92.5
-91.1
-91.2
-92.0
-91.8
-91.8
-91.3
-91.7
-92.5
-92.7
-93.0
-93.3
-93.2
-94.5
-93.9
-94.0
-93.4
-94.5
-95.2
-94.6
-94.8
-94.0
-94.6
-94.2
-95.0
-95.7
-95.2
-95.6
-95.4
-95.4
-95.7
-95.5
-95.9
-95.2
-95.9
-96.1
-96.3
-94.2
-94.2
-93.3
-94.3
-93.3
-93.6
-93.2
-93.5
-93.5
-93.3
-92.5
-93.1
-92.7
-93.0
-93.8
-93.5
-93.4
-94.1
-92.6
-92.8
-93.7
-94.1
-93.6
-94.6
-95.3
-95.2
-95.3
-94.6
-95.0
-94.6
-96.0
-95.5
-96.2
-95.7
-95.3
-96.2
-96.6
-97.6
-97.5
-96.9
-95.9
-96.2
-97.8
-97.9
-98.2
-96.4
-96.0
-96.3
-97.4
-97.8
-96.5
-95.3
-94.3
-94.9
-95.3
-96.7
-97.1
-95.4
-95.0
-94.1
-93.9
-94.3
-94.6
-95.4
-95.6
-94.6
-93.8
-94.1
-93.5
-94.4
-94.0
-94.2
-94.0
-93.1
-92.9
-93.4
-93.5
-93.4
-92.5
-91.9
-92.1
-92.1
-91.7
-92.2
-92.3
-93.2
-93.4
-92.0
-90.7
-90.5
-90.8
-90.9
-91.3
-91.0
-90.4
-90.7
-91.1
-90.9
-90.5
-89.1
-89.0
-90.0
-88.7
-88.7
-88.4
-88.6
-88.6
-88.3
-88.7
-88.5
-88.0
-87.5
-86.6
-86.1
-86.5
-86.0
-85.5
-85.5
-86.4
-86.0
-86.2
-84.7
-85.4
-84.9
-85.1
-85.1
-84.6
-84.3
-83.1
-83.7
-83.8
-83.8
-83.6
-83.5
-82.9
-83.0
-83.1
-82.3
-81.9
-81.5
-81.3
-81.5
-81.4
-81.9
-81.5
-81.0
-79.9
-80.2
-80.5
-80.4
-80.1
-79.4
-79.1
-79.5
-79.4
-79.1
-78.6
-78.5
-78.0
-77.2
-76.6
-75.6
-75.7
-75.7
-76.0
-74.2
-72.5
-72.1
-71.9
-71.9
-70.8
-69.0
-68.4
-66.7
-65.8
-66.8
-66.4
-65.1
-64.3
-64.1
-65.4
-64.9
-65.3
-64.8
-63.7
-64.6
-63.5
-64.2
-63.7
-65.3
-64.3
-65.1
-64.0
-64.3
-65.2
-62.8
-64.3
-64.0
-64.2
-63.4
-64.7
-64.3
-64.4
-64.5
-62.2
-62.4
-61.6
-62.8
-61.6
-62.9
-61.2
-62.3
-60.5
-59.6
-60.4
-60.7
-61.1
-60.7
-58.9
-59.3
-59.3
-60.2
-62.1
-60.9
-60.4
-58.8
-58.1
-57.4
-56.1
-56.8
-58.2
-57.8
-58.2
-56.6
-55.5
-56.2
-56.5
-57.7
-57.1
-55.5
-56.9
-56.2
-56.5
-55.6
-55.2
-55.6
-55.2
-55.1
-54.8
-54.3
-53.7
-54.1
-54.0
-52.4
-54.7
-54.2
-53.4
-54.5
-53.3
-53.5
-53.7
-54.0
-53.1
-52.4
-51.9
-51.7
-52.9
-52.6
-52.5
-52.8
-51.7
-51.7
-51.3
-50.5
-50.7
-49.3
-51.1
-50.8
-50.8
-51.8
-50.8
-49.6
-49.3
-48.6
-50.1
-50.6
-48.4
-48.2
-48.5
-51.3
-50.1
-51.1
-50.0
-48.9
-48.9
-48.7
-49.8
-51.3
-50.0
-48.4
-47.2
-45.7
-46.2
-49.8
-50.0
-49.6
-48.9
-46.9
-45.3
-45.5
-45.1
-46.4
-46.0
-47.7
-46.9
-47.9
-46.1
-45.5
-46.3
-45.7
-45.8
-45.9
-45.9
-45.4
-44.5
-45.2
-44.3
-44.6
-44.6
-43.9
-44.5
-44.0
-41.5
-41.5
-40.4
-41.3
-40.9
-41.4
-40.3
-39.4
-39.2
-39.0
-38.1
-37.6
-38.1
-36.9
-38.5
-38.8
-38.0
-38.5
-38.4
-39.0
-39.0
-39.8
-38.1
-39.0
-38.3
-36.7
-38.5
-38.9
-39.2
-38.8
-38.0
-38.1
-38.8
-39.4
-38.6
-40.5
-38.2
-40.7
-39.3
-38.0
-39.5
-37.9
-38.3
-40.2
-40.0
-40.0
-39.2
-36.4
-38.6
-38.7
-39.2
-38.4
-37.5
-38.1
-39.8
-40.3
-38.8
-36.8
-37.0
-34.5
-37.0
-36.0
-37.0
-35.6
-39.5
-37.6
-40.5
-37.4
-39.8
-35.0
-36.2
-34.2
-38.7
-36.3
-36.2
-40.2
-35.1
-35.8
-35.8
-37.2
-35.9
-38.0
-37.9
-35.8
-38.2
-34.8
-36.1
-36.9
-34.4
-33.6
-35.4
-35.2
-34.3
-34.6
-33.5
-33.2
-34.8
-35.0
-35.2
-35.2
-32.9
-31.1
-31.6
-31.4
-33.4
-33.8
-34.4
-32.0
-30.4
-30.6
-30.9
-30.9
-32.8
-32.4
-31.6
-30.5
-30.6
-31.7
-32.5
-29.5
-28.6
-30.5
-30.3
-30.3
-29.8
-30.4
-28.5
-28.1
-29.6
-29.0
-29.4
-29.1
-28.5
-28.7
-27.3
-27.4
-27.8
-27.5
-28.7
-27.5
-29.1
-26.5
-26.2
-28.1
-25.8
-28.1
-27.0
-27.9
-28.8
-26.6
-26.4
-25.7
-26.2
-27.5
-26.3
-26.7
-27.1
-26.5
-26.5
-25.5
-24.7
-24.2
-25.0
-24.6
-25.3
-24.2
-22.7
-22.9
-22.7
-22.8
-21.7
-20.4
-19.7
-19.4
-19.5
-17.3
-17.0
-18.6
-16.9
-18.1
-15.6
-17.8
-16.1
-17.4
-17.0
-17.5
-17.6
-18.7
-17.8
-19.0
-17.8
-18.6
-18.8
-20.0
-18.0
-17.8
-17.7
-18.2
-19.8
-20.3
-18.8
-17.4
-17.5
-17.9
-19.8
-19.0
-18.9
-16.4
-17.1
-18.0
-18.7
-18.5
-16.4
-15.3
-14.6
-15.9
-19.2
-20.2
-19.7
-16.5
-14.7
-13.3
-13.5
-13.9
-15.5
-17.4
-17.7
-17.4
-15.6
-12.7
-12.1
-13.8
-14.1
-16.7
