-23.0
-22.9
-22.7
-22.7
-23.1
-23.1
-23.0
-22.6
-22.1
-21.9
-21.8
-21.7
-22.0
-22.4
-22.7
-22.8
-22.5
-22.2
-21.5
-21.1
-21.1
-21.2
-21.3
-21.2
-21.5
-21.6
-21.5
-21.1
-20.6
-20.2
-20.0
-19.7
-19.6
-19.2
-19.1
-19.1
-19.4
-19.6
-19.7
-19.6
-19.6
-19.3
-19.1
-18.7
-18.4
-18.5
-18.5
-18.5
-18.4
-18.2
-18.3
-18.6
-18.9
-19.0
-18.9
-18.8
-18.6
-18.4
-17.9
-17.5
-17.2
-17.3
-17.5
-17.5
-17.5
-17.3
-17.3
-17.2
-17.4
-17.5
-17.4
-17.2
-16.8
-16.6
-16.7
-17.0
-17.3
-17.3
-17.1
-16.6
-16.4
-16.4
-16.7
-16.6
-16.2
-15.8
-15.6
-15.5
-15.4
-15.3
-15.4
-15.4
-15.4
-15.2
-15.2
-15.2
-15.3
-15.5
-15.4
-15.1
-14.6
-14.3
-14.2
-14.3
-14.5
-14.5
-14.3
-14.0
-13.6
-13.5
-13.5
-13.6
-13.9
-14.2
-14.0
-13.7
-13.1
-12.9
-12.9
-13.0
-13.0
-13.2
-13.3
-13.4
-13.2
-13.1
-13.1
-13.0
-12.9
-12.6
-12.5
-12.1
-11.8
-11.2
-10.6
-10.0
-9.3
-8.4
-7.6
-6.9
-6.3
-5.7
-5.2
-4.9
-4.8
-5.1
-5.6
-6.1
-6.4
-6.7
-7.2
-7.9
-8.7
-9.1
-9.4
-9.6
-9.8
-10.0
-10.1
-10.3
-10.5
-10.6
-10.9
-11.2
-11.4
-11.4
-11.4
-11.5
-11.5
-11.7
-11.8
-11.8
-11.8
-11.6
-11.5
-11.4
-11.4
-11.5
-11.7
-11.8
-11.9
-11.7
-11.5
-11.2
-11.2
-11.3
-11.4
-11.4
-11.4
-11.3
-11.5
-12.0
-12.1
-11.6
-10.3
-8.8
-7.5
-6.3
-5.4
-4.8
-4.5
-4.5
-4.6
-4.7
-4.8
-5.0
-5.1
-4.9
-4.8
-4.8
-5.0
-5.3
-5.7
-6.1
-6.4
-6.5
-6.5
-6.5
-6.6
-6.6
-6.8
-6.7
-6.8
-6.9
-7.2
-7.3
-7.3
-7.2
-7.0
-6.9
-6.9
-6.8
-6.9
-6.8
-6.6
-6.5
-6.4
-6.7
-7.1
-7.6
-7.7
-7.6
-7.4
-7.3
-7.5
-7.6
-7.9
-8.2
-8.4
-8.2
-8.0
-7.8
-7.9
-7.9
-7.9
-7.7
-7.5
-7.2
-7.1
-7.0
-7.2
-7.6
-8.0
-8.3
-8.3
-8.2
-8.0
-7.9
-7.9
-7.9
-8.2
-8.4
-8.6
-8.7
-8.8
-8.9
-8.8
-8.6
-8.5
-8.4
-8.4
-8.5
-8.6
-8.7
-8.6
-8.3
-8.0
-7.7
-7.6
-7.6
-7.5
-7.5
-7.5
-7.5
-7.7
-7.8
-8.1
-8.3
-8.4
-8.4
-8.1
-7.9
-7.8
-8.0
-8.4
-8.8
-8.9
-8.7
-8.4
-8.1
-6.6
-6.1
-5.1
-5.5
-5.5
-5.4
-5.4
-5.4
-5.4
-5.4
-5.5
-5.6
-5.8
-5.7
-5.7
-5.5
-5.3
-5.0
-4.7
-4.7
-4.9
-5.2
-5.4
-5.5
-5.4
-5.2
-5.0
-4.8
-4.8
-4.8
-4.9
-5.0
-5.3
-5.3
-5.1
-4.7
-4.7
-4.8
-5.0
-5.3
-5.6
-5.5
-5.1
-4.5
-4.0
-3.6
-3.5
-3.6
-3.8
-3.8
-3.6
-3.3
-3.0
-3.2
-3.2
-3.5
-3.4
-3.3
-3.3
-3.1
-2.9
-2.6
-2.3
-2.5
-2.5
-2.1
-1.6
-1.3
-1.7
-1.9
-2.0
-1.6
-1.9
-2.6
-3.0
-2.9
-2.5
-2.1
-2.3
-2.9
-3.2
-2.6
-0.8
0.7
2.0
3.1
4.8
8.0
11.1
14.5
17.8
20.9
24.6
28.2
32.1
36.5
39.8
43.4
45.8
47.5
49.1
49.9
51.1
52.1
52.9
53.8
54.0
53.3
52.0
51.9
52.1
52.9
53.9
54.5
56.0
56.1
56.4
57.1
57.7
58.0
58.5
59.1
61.4
63.0
64.3
65.1
66.7
68.4
70.7
72.5
74.4
76.0
77.1
77.5
77.1
76.5
75.6
75.1
76.4
78.1
79.1
78.7
77.1
76.5
77.1
78.3
79.0
78.7
78.8
78.7
78.9
78.1
77.4
76.9
77.3
77.3
78.3
79.9
80.9
81.1
79.1
78.4
78.4
79.0
78.9
78.7
78.7
79.1
79.2
79.5
79.4
78.8
78.4
78.4
78.4
77.1
75.7
75.0
75.5
76.0
75.6
74.5
72.6
71.0
70.6
70.8
71.2
71.3
71.0
70.8
70.0
69.0
68.0
67.2
66.6
66.4
66.0
65.6
65.1
64.7
64.8
64.5
64.3
63.0
61.5
61.4
61.5
61.3
60.5
59.7
59.8
59.6
58.9
58.1
57.0
55.8
55.7
55.1
55.2
53.8
52.6
52.5
51.2
50.1
47.7
45.0
42.2
38.2
34.8
31.9
28.4
25.0
20.8
17.4
14.4
11.1
7.4
3.6
1.0
-1.7
-3.7
-5.9
-7.3
-8.6
-9.8
-11.7
-13.8
-15.7
-17.8
-18.3
-19.2
-19.6
-20.5
-21.6
-23.0
-25.0
-25.9
-26.3
-26.7
-28.1
-29.2
-30.3
-30.7
-31.2
-32.5
-34.1
-35.6
-37.0
-37.0
-37.3
-38.3
-38.6
-38.7
-39.1
-39.6
-40.7
-40.7
-40.2
-39.9
-39.7
-40.0
-39.6
-40.5
-40.8
-41.3
-41.0
-40.4
-41.3
-42.2
-42.9
-42.3
-41.3
-41.0
-41.0
-40.7
-40.7
-40.0
-40.8
-41.9
-42.7
-42.8
-42.9
-42.8
-42.9
-42.7
-42.8
-43.5
-44.1
-44.2
-45.8
-45.2
-44.6
-43.2
-43.7
-44.9
-45.3
-44.5
-44.5
-44.7
-44.5
-44.9
-45.3
-44.9
-44.6
-43.8
-44.4
-45.5
-45.8
-45.7
-45.7
-45.5
-45.2
-44.6
-44.9
-45.8
-46.2
-45.5
-44.5
-44.0
-44.5
-44.7
-44.6
-44.3
-44.3
-44.6
-45.4
-45.2
-44.6
-44.1
-44.0
-43.9
-43.9
-43.7
-43.8
-44.1
-44.0
-44.6
-45.5
-45.8
-45.2
-43.8
-42.5
-42.4
-42.7
-42.7
-42.0
-41.4
-40.9
-41.1
-40.5
-40.2
-39.3
-38.1
-37.3
-36.4
-36.1
-35.6
-34.9
-34.5
-34.8
-34.6
-33.5
-32.4
-31.6
-32.2
-33.8
-35.2
-35.4
-35.1
-34.4
-34.6
-35.2
-35.7
-36.8
-37.6
-38.1
-37.6
-36.6
-36.2
-36.4
-37.8
-38.9
-38.5
-37.7
-36.9
-37.1
-37.4
-36.8
-35.9
-35.4
-35.2
-35.5
-35.8
-36.4
-36.7
-36.8
-36.7
-36.6
-36.6
-36.4
-35.8
-35.1
-34.7
-35.1
-35.6
-35.9
-35.8
-36.5
-36.4
-36.3
-34.9
-34.0
-33.4
-33.7
-33.9
-33.9
-33.5
-33.1
-32.9
-33.1
-33.5
-33.6
-33.9
-33.9
-33.9
-33.8
-33.4
-33.0
-32.9
-33.0
-32.8
-32.7
-31.9
-31.1
-30.6
-30.5
-30.7
-30.8
-30.7
-30.7
-30.8
-31.1
-30.9
-30.7
-30.2
-30.1
-29.4
-29.0
-28.9
-29.3
-29.7
-30.0
-30.1
-30.1
-29.8
-29.7
-29.7
-29.9
-29.5
-29.0
-28.1
-27.8
-27.3
-27.1
-26.9
-27.1
-27.5
-27.9
-28.2
-28.2
-28.0
-27.3
-26.7
-26.7
-26.8
-27.0
-26.8
-27.0
-27.0
-26.9
-26.6
-26.6
-27.0
-27.2
-27.0
-27.0
-27.0
-27.2
-27.0
-26.7
-26.4
-26.0
-25.6
-25.2
-25.1
-24.9
-24.7
-24.5
-24.8
-25.3
-25.6
-25.4
-24.8
-24.5
-24.6
-24.5
-24.6
-24.7
-25.2
-25.5
-25.5
-25.3
-24.8
-24.3
-23.6
-23.3
-23.2
-23.1
-23.2
-22.9
-23.1
-23.5
-24.0
-24.3
-23.7
-23.4
-23.4
-23.4
-23.5
-23.4
-23.1
-22.4
-21.7
-21.6
-21.8
-21.7
-21.6
-21.5
-21.8
-21.7
-21.2
-21.1
-21.7
-22.0
-22.3
-22.2
-21.9
-21.5
-21.2
-20.7
-20.3
-19.3
-18.4
-17.3
-16.2
-15.3
-14.2
-12.9
-12.0
-11.1
-11.2
-11.3
-11.7
-11.8
-12.1
-12.4
-12.7
-13.1
-13.5
-14.0
-13.9
-13.5
-13.1
-13.1
-13.1
-13.3
-13.5
-14.0
-14.3
-14.5
-14.7
-14.8
-14.9
-14.9
-15.1
-15.3
-15.6
-15.6
-15.6
-15.4
-15.3
-15.5
-15.5
-15.6
-15.6
-15.8
-16.0
-16.2
-16.4
-16.4
-16.5
-16.5
-16.5
-16.5
-16.3
-16.5
-16.8
-17.6
-18.0
-18.0
-17.4
-16.7
-16.6
-16.6
-16.7
-16.7
-16.8
-17.0
-17.3
-17.7
-17.8
-17.6
-17.4
-17.3
-17.6
-17.7
-17.6
-17.8
-18.1
-18.3
-17.9
-17.2
-16.7
-16.6
-16.8
-17.0
-17.3
-17.3
-17.2
-17.3
-17.4
-17.8
-17.9
-17.8
-17.8
-18.1
-18.2
-17.8
-17.1
-16.8
-17.0
-17.3
-17.4
-17.3
-17.5
-18.3
-19.5
-20.4
-21.1
-21.6
-22.2
-22.7
-23.0
-23.1
-23.3
-23.6
-23.6
-23.6
-23.2
-23.2
-23.0
-22.9
-22.7
-22.7
-23.1
-23.1
-23.0
-22.6
-22.1
-21.9
-21.8
-21.7
-22.0
-22.4
-22.7
-22.8
-22.5
-22.2
-21.5
-21.1
-21.1
-21.2
-21.3
-21.2
-21.5
-21.6
-21.5
-21.1
-20.6
-20.2
-20.0
-19.7
-19.6
-19.2
-19.1
-19.1
-19.4
-19.6
-19.7
-19.6
-19.6
-19.3
-19.1
-18.7
-18.4
-18.5
-18.5
-18.5
-18.4
-18.2
-18.3
-18.6
-18.9
-19.0
-18.9
-18.8
-18.6
-18.4
-17.9
-17.5
-17.2
-17.3
-17.5
-17.5
-17.5
-17.3
-17.3
-17.2
-17.4
-17.5
-17.4
-17.2
-16.8
-16.6
-16.7
-17.0
-17.3
-17.3
-17.1
-16.6
-16.4
-16.4
-16.7
-16.6
-16.2
-15.8
-15.6
-15.5
-15.4
-15.3
-15.4
-15.4
-15.4
-15.2
-15.2
-15.2
-15.3
-15.5
-15.4
-15.1
-14.6
-14.3
-14.2
-14.3
-14.5
-14.5
-14.3
-14.0
-13.6
-13.5
-13.5
-13.6
-13.9
-14.2
-14.0
-13.7
-13.1
-12.9
-12.9
-13.0
-13.0
-13.2
-13.3
-13.4
-13.2
-13.1
-13.1
-13.0
-12.9
-12.6
-12.5
-12.1
-11.8
-11.2
-10.6
-10.0
-9.3
-8.4
-7.6
-6.9
-6.3
-5.7
-5.2
-4.9
-4.8
-5.1
-5.6
-6.1
-6.4
-6.7
-7.2
-7.9
-8.7
-9.1
-9.4
-9.6
-9.8
-10.0
-10.1
-10.3
-10.5
-10.6
-10.9
-11.2
-11.4
-11.4
-11.4
-11.5
-11.5
-11.7
-11.8
-11.8
-11.8
-11.6
-11.5
-11.4
-11.4
-11.5
-11.7
-11.8
-11.9
-11.7
-11.5
-11.2
-11.2
-11.3
-11.4
-11.4
-11.4
-11.3
-11.5
-12.0
-12.1
-11.6
-10.3
-8.8
-7.5
-6.3
-5.4
-4.8
-4.5
-4.5
-4.6
-4.7
-4.8
-5.0
-5.1
-4.9
-4.8
-4.8
-5.0
-5.3
-5.7
-6.1
-6.4
-6.5
-6.5
-6.5
-6.6
-6.6
-6.8
-6.7
-6.8
-6.9
-7.2
-7.3
-7.3
-7.2
-7.0
-6.9
-6.9
-6.8
-6.9
-6.8
-6.6
-6.5
-6.4
-6.7
-7.1
-7.6
-7.7
-7.6
-7.4
-7.3
-7.5
-7.6
-7.9
-8.2
-8.4
-8.2
-8.0
-7.8
-7.9
-7.9
-7.9
-7.7
-7.5
-7.2
-7.1
-7.0
-7.2
-7.6
-8.0
-8.3
-8.3
-8.2
-8.0
-7.9
-7.9
-7.9
-8.2
-8.4
-8.6
-8.7
-8.8
-8.9
-8.8
-8.6
-8.5
-8.4
-8.4
-8.5
-8.6
-8.7
-8.6
-8.3
-8.0
-7.7
-7.6
-7.6
-7.5
-7.5
-7.5
-7.5
-7.7
-7.8
-8.1
-8.3
-8.4
-8.4
-8.1
-7.9
-7.8
-8.0
-8.4
-8.8
-8.9
-8.7
-8.4
-8.1
-7.9
-7.7
-7.7
-7.8
-7.9
-7.8
-7.5
-7.4
-7.1
-7.0
-7.0
-7.1
-7.2
-7.0
-6.8
-6.7
-6.9
-7.0
-7.1
-7.2
-7.4
-7.6
-7.7
-7.7
-7.6
-7.6
-7.6
-7.6
-7.6
-7.5
-7.4
-7.3
-7.3
-7.2
-7.0
-6.7
-6.4
-6.3
-6.3
-6.4
-6.6
-6.9
-7.1
-7.2
-7.4
-7.5
-7.6
-7.6
-7.7
-7.8
-7.9
-8.1
-8.3
-8.4
-8.4
-8.2
-8.2
-8.1
-8.2
-8.0
-7.7
-7.4
-7.3
-7.4
-7.4
-7.6
-7.8
-8.0
-8.2
-8.1
-7.9
-7.8
-7.8
-7.9
-8.0
-7.8
-7.6
-7.2
-7.0
-6.9
-7.0
-7.1
-7.2
-7.1
-7.0
-7.1
-7.3
-7.2
-7.1
-7.0
-6.8
-6.6
-6.5
-6.5
-6.7
-7.0
-7.2
-7.4
-7.5
-7.5
-7.2
-7.1
-7.0
-6.9
-6.8
-6.7
-6.7
-6.8
-6.9
-7.0
-7.0
-7.1
-7.1
-7.2
-7.2
-7.3
-7.2
-7.1
-7.1
-7.1
-7.0
-7.0
-7.0
-7.2
-7.4
-7.6
-7.9
-8.0
-7.9
-7.6
-7.2
-6.9
-6.8
-6.9
-7.1
-7.4
-7.6
-7.6
-7.4
-7.1
-6.8
-6.8
-6.9
-7.0
-7.1
-7.1
-7.1
-7.0
-6.9
-6.8
-6.8
-6.7
-6.8
-6.8
-6.8
-6.9
-6.9
-6.7
-6.6
-6.5
-6.4
-6.3
-6.2
-6.2
-6.2
-6.5
-6.6
-6.6
-6.6
-6.5
-6.4
-6.3
-6.4
-6.4
-6.5
-6.3
-6.2
-6.2
-6.2
-6.4
-6.5
-6.7
-6.9
-7.0
-7.0
-7.0
-6.7
-6.4
-6.2
-6.1
-6.3
-6.4
-6.4
-6.3
-6.1
-6.2
-6.3
-6.3
-6.5
-6.5
-6.7
-6.8
-6.9
-6.8
-6.5
-6.3
-6.1
-6.0
-5.9
-6.0
-6.1
-6.3
-6.5
-6.6
-6.8
-6.8
-6.9
-6.7
-6.5
-6.2
-6.1
-6.1
-6.3
-6.6
-6.8
-6.9
-6.7
-6.4
-6.2
-6.0
-6.0
-6.0
-5.8
-5.8
-5.8
-5.8
-5.9
-6.0
-6.1
-6.3
-6.4
-6.4
-6.4
-6.3
-6.3
-6.3
-6.3
-6.2
-6.0
-5.9
-5.7
-5.8
-5.8
-6.0
-6.0
-6.0
-6.1
-6.3
-6.4
-6.5
-6.3
-6.1
-6.0
-5.9
-6.0
-6.1
-6.4
-6.4
-6.2
-6.1
-6.1
-6.4
-6.6
-6.7
-6.6
-6.5
-6.5
-6.6
-6.7
-6.7
-6.6
-6.5
-6.4
-6.4
-6.4
-6.4
-6.7
-6.9
-7.0
-6.8
-6.6
-6.3
-6.3
-6.4
-6.6
-6.8
-6.8
-6.6
-6.4
-6.3
-6.3
-6.2
-6.1
-6.0
-5.9
-5.8
-5.7
-5.7
-5.5
-5.4
-5.3
-5.4
-5.5
-5.7
-6.0
-6.2
-6.2
-5.9
-5.8
-5.7
-5.7
-5.6
-5.4
-5.3
-5.1
-5.1
-5.2
-5.4
-5.5
-5.6
-5.7
-5.8
-5.9
-6.0
-6.2
-6.3
-6.3
-6.3
-6.3
-6.4
-6.4
-6.3
-6.0
-5.8
-5.8
-6.0
-6.1
-6.3
-6.5
-6.5
-6.3
-6.0
-5.9
-5.9
-5.9
-5.8
-5.6
-5.6
-5.8
-6.0
-6.3
-6.5
-6.7
-6.8
-6.7
-6.5
-6.3
-6.0
-6.0
-5.9
-5.9
-6.0
-6.1
-6.1
-6.1
-6.1
-5.9
-5.5
-5.3
-5.2
-5.4
-5.6
-5.7
-5.8
-5.9
-6.0
-6.0
-5.9
-5.7
-5.6
-5.7
-5.7
-5.8
-5.8
-5.9
-6.1
-6.1
-6.0
-5.9
-5.8
-5.6
-5.4
-5.5
-5.6
-5.8
-5.8
-5.7
-5.6
-5.7
-6.0
-6.4
-6.7
-6.6
-6.5
-6.4
-6.4
-6.1
-5.8
-5.3
-5.0
-4.8
-4.8
-5.2
-5.5
-5.8
-6.0
-6.1
-6.4
-6.6
-6.6
-6.5
-6.3
-5.9
-5.5
-5.0
-4.9
-4.9
-5.1
-5.5
-5.9
-6.1
-6.3
-6.4
-6.4
-6.4
-6.4
-6.5
-6.5
-6.4
-6.5
-6.7
-6.8
-6.8
-6.8
-6.8
-6.8
-6.6
-6.4
-6.0
-5.8
-5.7
-5.9
-6.1
-6.3
-6.4
-6.7
-6.7
-6.6
-6.4
-6.1
-5.9
-5.8
-5.9
-6.2
-6.5
-6.6
-6.6
-6.4
-6.3
-6.2
-6.1
-6.0
-6.1
-6.1
-6.3
-6.5
-6.6
-6.6
-6.5
-6.4
-6.3
-6.3
-6.1
-6.0
-5.9
-5.9
-6.0
-6.0
-6.0
-5.7
-5.6
-5.6
-5.9
-6.4
-6.7
-6.9
-6.8
-6.6
-6.4
-6.3
-6.1
-6.0
-6.0
-5.8
-5.5
-5.3
-5.2
-5.5
-5.8
-6.0
-6.0
-5.8
-5.7
-5.6
-5.5
-5.5
-5.5
-5.6
-5.6
-5.7
-5.7
-5.6
-5.7
-5.7
-5.6
-5.5
-5.3
-5.1
-5.2
-5.4
-5.8
-6.1
-6.3
-6.3
-6.2
-6.3
-6.3
-6.3
-6.3
-6.1
-6.0
-5.8
-5.7
-5.7
-5.9
-6.1
-6.2
-6.1
-5.9
-5.7
-5.7
-5.7
-5.6
-5.6
-5.7
-6.0
-6.2
-6.2
-6.0
-5.8
-5.6
-5.6
-5.4
-5.3
-5.3
-5.6
-6.0
-6.2
-6.1
-5.9
-5.6
-5.5
-5.5
-5.6
-5.6
-5.6
-5.6
-5.6
-5.6
-5.8
-5.9
-6.2
-6.3
-6.2
-6.1
-6.0
-5.9
-6.0
-6.1
-6.3
-6.3
-6.1
-5.9
-5.5
-5.4
-5.5
-5.9
-6.3
-6.5
-6.5
-6.3
-6.1
-5.9
-5.7
-5.7
-5.8
-5.9
-6.0
-6.1
-6.4
-6.6
-6.9
-7.0
-7.0
-7.0
-7.1
-7.5
-7.6
-7.6
-7.2
-6.7
-6.3
-6.0
-6.1
-6.3
-6.7
-7.0
-7.5
-7.8
-8.1
-8.2
-8.2
-8.2
-8.1
-8.0
-8.0
-7.8
-7.7
-7.6
-7.6
-7.5
-7.2
-7.0
-6.9
-6.8
-6.6
-6.6
-6.7
-6.7
-6.5
-6.3
-5.8
-5.2
-4.5
-3.9
-3.4
-3.1
-3.2
-3.4
-3.9
-4.2
-4.5
-4.8
-4.9
-4.9
-4.8
-4.9
-5.0
-5.3
-5.8
-6.4
-7.0
-7.6
-8.0
-8.4
-8.6
-9.0
-9.2
-9.3
-9.2
-9.1
-9.0
-9.1
-9.1
-9.1
-8.8
-8.6
-8.6
-8.7
-8.9
-9.1
-9.5
-9.9
-10.1
-10.1
-10.0
-9.9
-9.8
-9.6
-9.3
-9.0
-8.9
-8.8
-8.8
-8.8
-8.7
-8.7
-8.9
-9.4
-9.7
-9.7
-9.3
-8.9
-8.6
-8.5
-8.5
-8.5
-8.6
-8.5
-8.5
-8.5
-8.5
-8.5
-8.6
-8.7
-8.8
-8.8
-8.7
-8.5
-8.3
-8.2
-8.2
-8.3
-8.4
-8.5
-8.4
-8.3
-8.1
-8.0
-7.9
-7.6
-7.4
-7.3
-7.2
-7.4
-7.7
-7.9
-8.1
-8.1
-8.0
-7.9
-7.8
-7.6
-7.3
-7.1
-7.0
-7.1
-7.2
-7.4
-7.8
-8.1
-8.3
-8.1
-7.8
-7.5
-7.1
-6.7
-6.4
-6.1
-6.0
-6.0
-6.2
-6.5
-6.7
-6.8
-6.7
-6.6
-6.6
-6.7
-6.8
-6.9
-6.9
-6.9
-6.8
-6.8
-6.8
-6.8
-6.7
-6.8
-6.9
-7.0
-7.0
-6.9
-6.7
-6.7
-6.8
-6.8
-6.8
-6.6
-6.6
-6.7
-6.8
-6.7
-6.6
-6.6
-6.7
-6.8
-6.8
-6.8
-6.9
-7.1
-7.5
-8.0
-8.7
-9.6
-10.4
-11.2
-11.7
-12.1
-12.4
-12.8
-13.3
-13.9
-14.6
-15.2
-15.8
-16.4
-17.0
-17.7
-18.4
-19.1
-19.9
-20.6
-21.4
-22.2
-22.9
-23.5
-23.9
-24.1
-24.4
-24.6
-24.6
-24.5
-24.1
-23.7
-23.3
-22.9
-22.6
-22.4
-22.1
-21.7
-21.3
-21.1
-20.8
-20.6
-20.3
-20.0
-19.7
-19.4
-19.1
-18.7
-18.4
-18.1
-17.8
-17.4
-17.0
-16.6
-16.4
-16.4
-16.4
-16.4
-16.2
-15.9
-15.8
-15.8
-15.6
-15.3
-15.0
-15.0
-14.9
-14.6
-14.3
-13.9
-13.7
-13.5
-13.3
-13.2
-13.1
-13.0
-12.8
-12.6
-12.4
-12.0
-11.6
-11.5
-11.4
-11.4
-11.3
-11.1
-10.8
-10.5
-10.1
-9.8
-9.4
-9.0
-8.4
-7.9
-7.3
-6.6
-6.2
-6.0
-6.2
-6.2
-6.0
-5.9
-5.8
-5.8
-5.8
-5.7
-5.5
-4.9
-4.4
-4.3
-4.8
-5.2
-5.3
-5.3
-5.0
-4.6
-4.1
-3.6
-3.7
-4.1
-4.4
-4.4
-4.0
-3.5
-3.3
-3.6
-3.9
-3.9
-3.6
-3.4
-3.4
-3.7
-4.2
-4.4
-4.5
-4.4
-4.6
-5.0
-5.0
-4.8
-4.3
-4.2
-4.5
-5.1
-5.7
-6.2
-6.5
-6.6
-6.4
-6.1
-5.9
-6.0
-6.3
-6.6
-7.0
-7.2
-7.1
-7.0
-7.1
-7.6
-8.3
-8.6
-8.3
-7.6
-7.2
-7.4
-7.5
-7.3
-7.0
-6.8
-6.8
-6.9
-6.9
-6.9
-6.7
-6.5
-6.3
-6.3
-6.6
-7.1
-7.6
-8.0
-8.3
-8.4
-8.5
-8.5
-8.8
-9.1
-9.6
-10.1
-10.4
-10.6
-10.8
-11.0
-11.1
-10.9
-10.6
-10.3
-10.4
-10.8
-11.2
-11.5
-11.6
-11.2
-10.6
-10.1
-9.9
-9.9
-10.0
-10.3
-10.5
-10.6
-10.8
-11.0
-11.3
-11.6
-11.8
-11.6
-11.3
-10.6
-9.9
-9.2
-8.8
-8.8
-8.9
-8.9
-8.9
-9.0
-9.0
-9.1
-9.2
-9.1
-9.0
-9.0
-9.2
-9.3
-9.1
-8.8
-8.6
-8.6
-8.5
-8.5
-8.5
-8.5
-8.7
-8.7
-8.6
-8.3
-8.1
-7.9
-7.8
-7.8
-7.9
-8.0
-8.0
-7.8
-7.6
-7.4
-7.2
-7.1
-6.8
-6.7
-6.6
-6.8
-7.1
-7.3
-7.5
-7.7
-7.9
-8.2
-8.4
-8.5
-8.5
-8.3
-8.0
-7.3
-6.5
-5.7
-5.2
-5.0
-5.0
-5.3
-5.5
-5.6
-5.8
-5.9
-6.1
-6.3
-6.4
-6.4
-6.4
-6.4
-6.3
-6.3
-6.2
-6.1
-6.2
-6.3
-6.4
-6.4
-6.2
-6.0
-6.0
-6.0
-6.2
-6.5
-6.6
-6.7
-6.5
-6.2
-5.7
-5.4
-5.1
-4.9
-4.7
-4.6
-4.6
-4.7
-4.7
-4.7
-4.5
-4.5
-4.5
-4.7
-5.0
-5.3
-5.2
-4.9
-4.4
-4.1
-3.9
-3.8
-3.7
-3.6
-3.5
-3.6
-3.7
-3.9
-4.2
-4.5
-4.8
-4.7
-4.3
-4.1
-4.0
-4.1
-4.3
-4.1
-3.8
-3.6
-3.6
-3.7
-3.8
-3.7
-3.5
-3.2
-3.0
-3.1
-3.4
-3.8
-4.2
-4.5
-4.5
-4.5
-4.3
-4.2
-4.1
-4.1
-4.4
-4.6
-4.8
-4.6
-4.4
-4.4
-4.4
-4.4
-4.5
-4.6
-4.8
-5.0
-5.0
-4.9
-4.8
-4.6
-4.4
-4.2
-3.9
-3.7
-3.7
-3.8
-3.9
-3.8
-3.9
-4.0
-4.2
-4.4
-4.6
-4.9
-5.3
-5.4
-5.5
-5.2
-5.0
-4.9
-5.0
-5.3
-5.6
-5.8
-6.1
-6.3
-6.0
-5.7
-5.5
-5.6
-5.8
-6.1
-6.3
-6.5
-6.4
-6.3
-6.2
-6.2
-6.3
-6.2
-6.2
-6.1
-5.8
-5.6
-5.4
-5.5
-5.6
-5.8
-5.8
-5.9
-6.0
-6.2
-6.5
-6.9
-7.3
-7.3
-7.2
-6.8
-6.6
-6.5
-6.4
-6.3
-6.0
-5.6
-5.3
-5.0
-4.8
-4.5
-4.3
-4.0
-3.9
-3.9
-3.9
-4.0
-4.2
-4.5
-5.0
-5.3
-5.4
-5.4
-5.4
-5.6
-5.7
-5.7
-5.7
-5.8
-5.9
-6.1
-5.9
-5.6
-5.1
-4.5
-4.1
-3.7
-3.5
-3.4
-3.6
-4.0
-4.2
-4.3
-4.4
-4.3
-4.1
-4.0
-4.1
-4.3
-4.5
-4.7
-4.9
-5.0
-5.1
-5.4
-5.6
-5.6
-5.3
-5.0
-4.7
-4.3
-4.1
-4.0
-4.0
-4.1
-4.1
-4.3
-4.6
-4.7
-4.7
-4.7
-4.7
-4.8
-5.0
-5.3
-5.6
-5.8
-5.7
-5.5
-5.3
-5.1
-5.0
-5.0
-4.8
-4.8
-4.9
-5.1
-5.3
-5.5
-5.6
-5.5
-5.2
-4.9
-4.8
-4.9
-5.2
-5.4
-5.4
-5.2
-5.0
-4.9
-4.8
-5.0
-5.3
-5.4
-5.3
-5.1
-5.3
-5.5
-5.8
-5.9
-5.8
-5.6
-5.6
-5.6
-5.7
-5.8
-5.6
-5.5
-5.3
-5.1
-5.0
-4.9
-5.0
-5.0
-5.2
-5.5
-5.8
-6.0
-6.0
-5.9
-5.6
-5.4
-5.1
-4.9
-4.9
-5.1
-5.4
-5.7
-5.9
-6.0
-5.9
-5.6
-5.4
-5.4
-5.4
-5.5
-5.6
-5.9
-6.1
-6.2
-6.0
-5.8
-5.6
-5.7
-5.9
-6.2
-6.5
-6.7
-6.7
-6.5
-6.2
-6.2
-5.9
-5.6
-5.4
-5.2
-5.3
-5.4
-5.5
-5.6
-5.6
-5.6
-5.5
-5.4
-5.3
-5.2
-5.0
-4.9
-4.9
-5.1
-5.3
-5.7
-6.0
-6.3
-6.5
-6.6
-6.6
-6.7
-6.5
-6.3
-6.1
-5.8
-5.4
-5.2
-5.1
-5.3
-5.4
-5.4
-5.4
-5.4
-5.4
-5.5
-5.7
-6.0
-6.3
-6.6
-6.6
-6.4
-6.3
-6.0
-5.8
-5.6
-5.3
-5.1
-4.9
-4.8
-4.8
-5.0
-5.2
-5.4
-5.5
-5.7
-6.1
-6.4
-6.7
-6.8
-6.8
-6.7
-6.5
-6.4
-6.3
-6.0
-5.7
-5.5
-5.3
-5.2
-5.1
-5.1
-5.0
-4.9
-4.9
-5.2
-5.5
-5.7
-5.7
-5.7
-5.7
-5.8
-5.9
-6.0
-6.0
-6.0
-5.9
-5.8
-5.7
-5.5
-5.4
-5.4
-5.4
-5.5
-5.6
-5.7
-5.8
-5.8
-5.8
-5.6
-5.6
-5.6
-5.7
-5.6
-5.6
-5.7
-5.9
-6.0
-6.0
-6.1
-6.1
-6.0
-5.7
-5.4
-5.3
-5.3
-5.5
-5.5
-5.4
-5.2
-5.2
-5.1
-5.1
-5.0
-5.0
-5.1
-5.3
-5.6
-5.9
-6.1
-6.2
-6.2
-6.0
-5.6
-5.3
-5.0
-5.0
-4.9
-4.9
-4.8
-5.0
-5.2
-5.5
-5.7
-5.6
-5.7
-5.6
-5.6
-5.6
-5.5
-5.4
-5.2
-5.2
-5.2
-5.3
-5.4
-5.4
-5.3
-5.2
-5.3
-5.5
-5.7
-5.8
-5.9
-5.9
-5.9
-5.8
-5.6
-5.4
-5.3
-5.2
-5.3
-5.3
-5.4
-5.4
-5.4
-5.4
-5.4
-5.5
-5.5
-5.5
-5.4
-5.5
-5.5
-5.3
-5.2
-5.3
-5.4
-5.5
-5.4
-5.3
-5.3
-5.3
-5.3
-5.3
-5.1
-4.8
-4.5
-4.3
-4.3
-4.4
-4.5
-4.7
-4.8
-4.9
-4.9
-4.8
-4.8
-4.7
-4.7
-5.0
-5.4
-5.8
-6.0
-6.0
-6.1
-6.2
-6.1
-5.8
-5.5
-5.4
-5.5
-5.7
-5.7
-5.8
-5.8
-5.9
-6.0
-6.2
-6.5
-6.6
-6.5
-6.2
-6.1
-6.1
-6.4
-6.5
-6.5
-6.4
-6.1
-5.9
-6.0
-6.3
-6.5
-6.5
-6.3
-6.1
-6.0
-6.1
-6.3
-6.5
-6.7
-6.8
-6.7
-6.5
-6.3
-6.0
-5.9
-5.9
-6.1
-6.1
-6.0
-6.0
-6.1
-6.5
-7.1
-7.6
-7.7
-7.4
-6.9
-6.6
-6.5
-6.6
-6.6
-6.5
-6.4
-6.4
-6.3
-6.3
-6.2
-6.2
-6.2
-6.4
-6.6
-6.9
-7.4
-7.7
-7.9
-7.7
-7.4
-6.9
-6.6
-6.4
-6.5
-6.7
-7.0
-7.2
-7.3
-7.1
-7.0
-7.0
-6.9
-6.8
-6.8
-6.8
-7.0
-7.2
-7.3
-7.4
-7.5
-7.5
-7.4
-7.0
-6.4
-6.1
-6.1
-6.2
-6.3
-6.4
-6.5
-6.5
-6.3
-6.3
-6.3
-6.4
-6.5
-6.8
-6.9
-7.0
-6.8
-6.8
-6.8
-6.8
-6.7
-6.4
-6.2
-6.2
-6.3
-6.5
-6.7
-6.9
-7.1
-7.3
-7.2
-7.1
-7.0
-6.8
-6.7
-6.5
-6.5
-6.4
-6.4
-6.4
-6.5
-6.8
-7.1
-7.5
-7.7
-7.9
-7.9
-7.8
-7.4
-7.0
-6.7
-6.6
-6.6
-6.9
-7.1
-7.4
-7.4
-7.4
-7.4
-7.5
-7.4
-7.4
-7.3
-7.1
-7.0
-6.8
-6.5
-6.2
-6.0
-6.0
-6.2
-6.5
-6.7
-6.9
-6.9
-6.9
-6.7
-6.6
-6.6
-6.7
-6.8
-6.9
-7.2
-7.5
-7.8
-8.0
-8.0
-7.8
-7.7
-7.7
-7.7
-7.7
-7.6
-7.3
-7.1
-6.8
-6.5
-6.4
-6.3
-6.1
-6.1
-6.2
-6.6
-7.0
-7.4
-7.7
-7.9
-7.9
-7.7
-7.5
-7.4
-7.3
-7.1
-6.9
-6.8
-6.9
-7.1
-7.4
-7.7
-7.8
-7.8
-7.6
-7.3
-7.0
-6.8
-6.6
-6.6
-6.8
-7.1
-7.6
-7.9
-8.0
-7.8
-7.4
-6.9
-6.7
-6.7
-7.0
-7.0
-7.0
-6.7
-6.5
-6.5
-6.6
-6.7
-6.8
-6.8
-6.8
-6.7
-6.7
-6.8
-7.0
-7.3
-7.4
-7.3
-7.2
-7.1
-7.1
-7.2
-7.4
-7.5
-7.4
-7.2
-7.1
-7.0
-6.8
-6.5
-6.2
-6.1
-6.3
-6.5
-6.6
-6.6
-6.7
-6.7
-6.7
-6.7
-6.7
-6.8
-6.9
-7.1
-7.2
-7.2
-7.2
-7.2
-7.1
-7.0
-6.9
-7.0
-7.1
-7.2
-7.1
-7.1
-7.0
-6.9
-6.8
-6.6
-6.4
-6.3
-6.4
-6.6
-7.0
-7.3
-7.5
-7.5
-7.3
-7.1
-6.9
-6.7
-6.5
-6.3
-6.1
-6.1
-6.2
-6.4
-6.4
-6.4
-6.4
-6.5
-6.6
-6.8
-6.9
-7.0
-7.1
-7.3
-7.2
-7.1
-6.9
-6.7
-6.6
-6.5
-6.4
-6.4
-6.5
-6.4
-6.3
-6.3
-6.4
-6.6
-6.7
-6.8
-6.8
-6.8
-6.8
-6.8
-6.9
-7.2
-7.4
-7.7
-7.7
-7.6
-7.4
-7.0
-6.6
-6.2
-5.9
-5.9
-6.1
-6.4
-6.7
-6.8
-6.9
-6.9
-7.1
-7.4
-7.7
-7.9
-7.8
-7.6
-7.5
-7.3
-7.2
-7.1
-7.1
-7.3
-7.3
-7.3
-7.2
-7.1
-6.9
-6.7
-6.5
-6.6
-6.8
-7.0
-7.0
-6.8
-7.0
-7.0
-6.9
-6.9
-6.9
-7.1
-7.4
-7.5
-7.5
-7.3
-7.0
-6.8
-6.7
-6.7
-6.5
-6.4
-6.4
-6.5
-6.8
-6.9
-6.9
-6.9
-6.9
-6.9
-6.8
-6.6
-6.3
-6.2
-6.1
-6.0
-6.1
-6.2
-6.6
-6.9
-7.1
-7.2
-7.5
-7.7
-7.7
-7.6
-7.3
-7.2
-7.2
-7.2
-7.2
-7.2
-7.2
-7.2
-7.1
-7.1
-7.0
-6.8
-6.6
-6.4
-6.5
-6.5
-6.6
-6.8
-7.0
-7.2
-7.4
-7.4
-7.4
-7.5
-7.4
-7.4
-7.3
-7.3
-7.4
-7.3
-7.1
-6.9
-6.9
-7.1
-7.3
-7.5
-7.5
-7.4
-7.1
-6.9
-6.8
-6.8
-6.7
-6.4
-6.2
-6.2
-6.2
-6.3
-6.5
-6.8
-6.9
-6.9
-6.9
-6.9
-6.8
-6.7
-6.7
-6.8
-6.8
-6.6
-6.3
-5.9
-5.7
-5.6
-5.6
-5.7
-5.9
-6.1
-6.5
-6.7
-6.9
-6.9
-7.0
-7.1
-7.1
-7.1
-7.2
-7.4
-7.5
-7.4
-7.1
-6.9
-6.8
-6.8
-6.6
-6.5
-6.4
-6.3
-6.4
-6.4
-6.5
-6.5
-6.5
-6.5
-6.5
-6.7
-6.9
-6.9
-6.8
-6.6
-6.8
-7.0
-7.2
-7.1
-6.8
-6.6
-6.6
-6.6
-6.6
-6.5
-6.5
-6.5
-6.5
-6.5
-6.4
-6.3
-6.3
-6.2
-6.3
-6.4
-6.7
-7.0
-7.1
-7.1
-7.0
-6.9
-7.0
-7.0
-7.1
-7.2
-7.2
-7.1
-6.8
-6.6
-6.5
-6.4
-6.4
-6.4
-6.4
-6.4
-6.4
-6.4
-6.3
-6.3
-6.3
-6.4
-6.4
-6.6
-6.6
-6.5
-6.4
-6.3
-6.3
-6.4
-6.5
-6.6
-6.7
-6.7
-6.7
-6.8
-6.9
-7.1
-7.0
-6.8
-6.5
-6.2
-6.2
-6.3
-6.4
-6.5
-6.5
-6.6
-6.6
-6.7
-6.8
-6.9
-6.8
-6.8
-6.8
-6.8
-6.7
-6.6
-6.5
-6.4
-6.4
-6.4
-6.4
-6.4
-6.3
-6.4
-6.3
-6.5
-6.5
-6.4
-6.3
-6.2
-6.3
-6.5
-6.5
-6.4
-6.3
-6.4
-6.5
-6.6
-6.8
-7.0
-7.1
-7.1
-7.0
-6.9
-6.8
-6.7
-6.6
-6.6
-6.5
-6.4
-6.5
-6.6
-6.8
-6.8
-6.8
-6.6
-6.5
-6.4
-6.3
-6.5
-6.6
-6.9
-7.1
-7.2
-7.3
-7.4
-7.5
-7.5
-7.4
-7.3
-7.3
-7.3
-7.4
-7.2
-7.2
-7.3
-7.3
-7.2
-7.1
-7.1
-7.2
-7.3
-7.3
-7.1
-6.9
-6.9
-6.9
-6.9
-7.0
-7.0
-7.1
-7.2
-7.1
-7.0
-6.9
-7.0
-7.4
-7.7
-7.7
-7.5
-7.2
-7.0
-6.9
-6.9
-6.9
-6.9
-6.9
-7.0
-7.0
-7.2
-7.3
-7.1
-6.9
-6.6
-6.5
-6.7
-6.7
-6.8
-6.9
-7.1
-7.4
-7.4
-7.2
-6.9
-6.7
-6.6
-6.6
-6.7
-6.8
-6.9
-7.0
-7.0
-6.9
-6.7
-6.8
-7.0
-7.3
-7.3
-7.0
-6.9
-7.0
-7.1
-7.2
-7.2
-7.2
-7.1
-7.0
-6.9
-6.7
-6.8
-6.9
-7.2
-7.3
-7.2
-7.0
-6.7
-6.6
-6.6
-6.6
-6.7
-6.8
-6.8
-6.9
-7.0
-7.1
-7.1
-7.0
-6.9
-6.9
-6.9
-6.9
-6.8
-6.7
-6.7
-6.7
-6.8
-6.9
-6.9
-6.9
-6.9
-7.0
-6.9
-6.7
-6.6
-6.4
-6.4
-6.5
-6.5
-6.6
-6.5
-6.4
-6.3
-6.3
-6.3
-6.3
-6.6
-6.8
-7.0
-7.1
-7.1
-7.0
-6.9
-6.7
-6.7
-6.6
-6.5
-6.6
-6.6
-6.8
-7.0
-7.0
-6.9
-6.7
-6.5
-6.5
-6.7
-6.8
-7.0
-7.0
-7.0
-6.8
-6.7
-6.6
-6.5
-6.5
-6.5
-6.6
-6.8
-6.7
-6.5
-6.4
-6.6
-6.8
-7.1
-7.3
-7.4
-7.5
-7.3
-7.0
-6.6
-6.5
-6.5
-6.8
-7.0
-7.1
-6.9
-6.7
-6.7
-6.9
-7.2
-7.3
-7.2
-7.3
-7.2
-7.1
-7.0
-6.9
-7.1
-7.3
-7.5
-7.6
-7.4
-7.1
-7.0
-7.2
-7.3
-7.3
-7.2
-7.1
-7.0
-6.9
-7.0
-7.0
-7.2
-7.3
-7.4
-7.4
-7.2
-6.9
-6.7
-6.6
-6.7
-6.8
-6.9
-7.1
-7.1
-7.2
-7.2
-7.1
-6.9
-6.6
-6.3
-6.2
-6.2
-6.5
-6.7
-7.0
-7.0
-6.8
-6.7
-6.6
-6.7
-6.7
-6.8
-6.9
-6.9
-6.9
-7.0
-7.0
-7.0
-6.9
-6.7
-6.5
-6.5
-6.6
-6.8
-6.9
-6.7
-6.6
-6.6
-6.5
-6.4
-6.4
-6.6
-6.9
-7.1
-7.1
-7.1
-7.0
-6.9
-6.8
-6.8
-6.8
-6.8
-6.9
-7.0
-6.9
-6.7
-6.4
-6.4
-6.5
-6.7
-6.9
-6.9
-6.8
-6.7
-6.7
-6.6
-6.5
-6.3
-6.3
-6.4
-6.4
-6.3
-6.3
-6.4
-6.5
-6.5
-6.3
-6.1
-6.0
-6.2
-6.3
-6.3
-6.3
-6.5
-6.8
-7.2
-7.2
-7.2
-7.0
-6.9
-6.9
-6.9
-6.9
-7.0
-7.2
-7.4
-7.5
-7.7
-7.7
-7.7
-7.4
-7.3
-7.3
-7.4
-7.3
-7.3
-7.2
-7.1
-7.0
-7.0
-7.0
-6.9
-6.8
-6.9
-7.1
-7.1
-6.9
-6.7
-6.7
-6.9
-7.3
-7.6
-7.8
-8.0
-8.0
-7.9
-7.6
-7.4
-7.3
-7.3
-7.3
-7.2
-7.0
-6.8
-6.7
-6.8
-7.0
-7.3
-7.5
-7.6
-7.5
-7.3
-7.0
-6.7
-6.7
-6.7
-6.9
-7.1
-7.2
-7.2
-7.2
-7.1
-7.2
-7.3
-7.4
-7.4
-7.4
-7.3
-7.3
-7.2
-7.2
-7.2
-7.2
-7.3
-7.4
-7.3
-7.0
-6.6
-6.5
-6.8
-7.1
-7.3
-7.4
-7.3
-7.3
-7.3
-7.5
-7.6
-7.5
-7.3
-7.1
-7.1
-7.2
-7.3
-7.4
-7.4
-7.3
-7.1
-7.0
-7.0
-7.2
-7.4
-7.5
-7.5
-7.6
-7.5
-7.4
-7.5
-7.8
-8.0
-8.1
-7.9
-7.6
-7.3
-7.1
-7.1
-7.2
-7.4
-7.4
-7.3
-7.1
-7.0
-7.0
-7.0
-7.2
-7.4
-7.4
-7.4
-7.3
-7.3
-7.4
-7.5
-7.7
-7.8
-7.8
-7.6
-7.4
-7.0
-6.8
-6.9
-7.0
-7.2
-7.3
-7.4
-7.7
-8.0
-8.1
-8.0
-7.7
-7.5
-7.3
-7.3
-7.5
-7.7
-7.8
-7.6
-7.4
-7.0
-6.7
-6.5
-6.7
-6.9
-6.9
-6.9
-6.8
-6.9
-7.0
-7.1
-7.1
-7.1
-7.1
-6.9
-7.0
-7.1
-7.3
-7.4
-7.4
-7.5
-7.4
-7.3
-7.2
-7.1
-7.1
-7.4
-7.5
-7.8
-7.9
-7.8
-7.6
-7.3
-7.0
-6.9
-6.9
-7.1
-7.5
-7.9
-8.1
-8.1
-8.3
-8.3
-8.3
-7.9
-7.5
-7.2
-7.1
-7.1
-7.1
-7.0
-6.9
-7.0
-7.0
-7.0
-6.8
-6.7
-6.6
-6.7
-6.9
-7.1
-7.3
-7.2
-7.2
-7.2
-7.0
-7.0
-6.9
-7.0
-7.2
-7.4
-7.6
-7.8
-8.0
-8.1
-8.3
-8.3
-8.3
-8.3
-8.1
-7.7
-7.2
-6.6
-6.3
-6.1
-6.1
-6.2
-6.2
-6.3
-6.3
-6.3
-6.5
-6.8
-7.1
-7.5
-7.8
-8.0
-8.3
-8.4
-8.3
-8.0
-7.7
-7.6
-7.5
-7.4
-7.2
-7.0
-6.6
-6.1
-5.8
-5.7
-5.8
-5.9
-6.1
-6.2
-6.4
-6.6
-6.7
-6.7
-6.6
-6.6
-6.9
-7.4
-7.7
-7.7
-7.4
-6.9
-6.5
-6.4
-6.5
-6.7
-6.9
-6.9
-6.9
-6.8
-6.7
-6.6
-6.6
-6.5
-6.4
-6.3
-6.3
-6.6
-6.8
-7.0
-7.2
-7.3
-7.3
-7.4
-7.4
-7.4
-7.2
-7.0
-6.7
-6.6
-6.7
-7.0
-7.2
-7.3
-7.2
-7.1
-6.8
-6.5
-6.6
-6.8
-7.1
-7.2
-7.1
-7.1
-7.1
-7.3
-7.5
-7.6
-7.6
-7.4
-7.2
-7.1
-7.1
-7.0
-7.1
-7.3
-7.5
-7.9
-8.0
-8.0
-8.0
-7.9
-7.8
-7.7
-7.6
-7.6
-7.5
-7.4
-7.2
-7.2
-7.2
-7.2
-7.4
-7.5
-7.6
-7.7
-7.6
-7.7
-7.8
-8.0
-8.1
-8.1
-8.0
-7.7
-7.6
-7.6
-7.7
-7.8
-7.9
-7.9
-7.9
-7.9
-7.8
-7.6
-7.5
-7.6
-7.7
-7.7
-7.6
-7.6
-7.8
-7.9
-7.7
-7.5
-7.3
-7.4
-7.6
-7.6
-7.5
-7.4
-7.4
-7.5
-7.7
-8.0
-8.2
-8.1
-7.9
-7.8
-7.8
-7.9
-8.0
-8.1
-8.2
-8.2
-8.1
-8.1
-8.1
-8.0
-7.9
-7.8
-7.8
-7.9
-7.8
-7.7
-7.6
-7.6
-7.8
-7.9
-8.0
-7.9
-7.6
-7.5
-7.6
-7.8
-7.9
-7.9
-7.8
-7.7
-7.9
-8.0
-7.9
-7.7
-7.5
-7.6
-7.7
-7.9
-7.9
-7.9
-7.9
-8.1
-8.3
-8.5
-8.7
-8.8
-8.7
-8.5
-8.2
-8.0
-7.9
-7.8
-7.7
-7.8
-7.9
-8.1
-8.3
-8.3
-8.2
-8.0
-7.9
-8.0
-8.2
-8.4
-8.5
-8.5
-8.4
-8.2
-8.1
-7.9
-7.8
-7.7
-7.7
-7.6
-7.6
-7.9
-8.1
-8.1
-8.0
-7.9
-7.8
-7.9
-8.0
-8.1
-8.1
-8.2
-8.1
-8.0
-8.0
-8.1
-8.4
-8.6
-8.5
-8.3
-8.1
-7.9
-7.7
-7.5
-7.3
-7.4
-7.5
-7.6
-7.8
-7.9
-8.0
-8.0
-7.8
-7.5
-7.2
-7.2
-7.3
-7.3
-7.2
-7.0
-7.0
-7.2
-7.4
-7.4
-7.3
-7.3
-7.5
-7.7
-7.8
-7.9
-7.9
-7.9
-7.9
-7.8
-7.6
-7.4
-7.4
-7.5
-7.6
-7.7
-7.7
-7.7
-7.6
-7.5
-7.3
-7.3
-7.3
-7.5
-7.7
-7.9
-7.9
-7.6
-7.1
-6.8
-6.9
-7.1
-7.4
-7.5
-7.5
-7.4
-7.3
-7.2
-7.1
-7.0
-7.1
-7.4
-7.5
-7.5
-7.3
-7.1
-7.1
-7.1
-7.2
-7.4
-7.4
-7.6
-7.5
-7.5
-7.3
-7.3
-7.3
-7.2
-7.3
-7.3
-7.2
-7.1
-6.9
-6.7
-6.7
-6.9
-7.1
-7.4
-7.6
-7.7
-7.8
-7.8
-7.7
-7.5
-7.3
-7.1
-7.1
-7.0
-6.9
-6.8
-6.7
-6.7
-6.7
-6.8
-6.8
-6.9
-6.9
-6.8
-6.8
-6.8
-7.0
-7.2
-7.2
-7.2
-7.2
-7.1
-6.9
-6.7
-6.6
-6.8
-6.8
-6.8
-6.6
-6.6
-6.8
-7.1
-7.2
-7.2
-7.0
-6.9
-7.0
-7.0
-7.0
-6.9
-7.0
-7.0
-7.0
-7.1
-7.2
-7.2
-7.0
-6.7
-6.6
-6.7
-7.0
-7.3
-7.4
-7.5
-7.6
-7.6
-7.5
-7.3
-7.1
-7.0
-6.8
-6.7
-6.7
-6.7
-6.8
-6.8
-6.9
-7.0
-7.2
-7.4
-7.5
-7.4
-7.2
-6.9
-6.8
-6.7
-6.7
-6.8
-7.0
-7.0
-6.9
-6.9
-6.8
-6.7
-6.4
-6.2
-6.1
-6.3
-6.5
-6.5
-6.6
-6.7
-7.0
-7.2
-7.3
-7.3
-7.1
-6.9
-6.8
-6.7
-6.6
-6.6
-6.6
-6.7
-6.9
-7.0
-6.9
-7.0
-7.0
-7.1
-6.9
-6.7
-6.8
-7.0
-7.4
-7.4
-7.2
-6.9
-6.6
-6.5
-6.4
-6.5
-6.5
-6.5
-6.5
-6.6
-6.7
-6.8
-6.8
-6.6
-6.5
-6.2
-6.1
-6.4
-6.8
-7.1
-7.2
-7.1
-7.1
-7.1
-7.3
-7.5
-7.5
-7.4
-7.3
-7.2
-7.1
-7.1
-7.0
-6.9
-7.0
-7.0
-7.0
-6.8
-6.9
-6.9
-7.1
-7.2
-7.5
-7.7
-7.7
-7.6
-7.4
-7.5
-7.6
-7.8
-7.7
-7.6
-7.5
-7.2
-7.0
-6.8
-6.7
-6.6
-6.6
-6.8
-6.9
-7.1
-7.3
-7.5
-7.6
-7.7
-7.7
-7.7
-7.6
-7.3
-7.0
-7.0
-7.0
-7.2
-7.2
-7.1
-7.0
-7.0
-7.0
-7.1
-7.0
-6.9
-6.8
-7.0
-7.1
-7.2
-7.1
-7.0
-7.0
-7.1
-7.2
-7.2
-7.3
-7.3
-7.3
-7.2
-7.2
-7.1
-7.1
-7.0
-6.9
-6.9
-7.0
-7.0
-7.0
-6.8
-6.5
-6.3
-6.2
-6.3
-6.4
-6.4
-6.7
-6.6
-6.5
-6.2
-6.1
-6.1
-6.3
-6.5
-6.7
-7.0
-7.1
-7.2
-7.0
-7.0
-7.0
-7.2
-7.4
-7.5
-7.5
-7.5
-7.5
-7.4
-7.2
-6.9
-6.7
-6.6
-6.5
-6.6
-6.8
-7.2
-7.6
-7.8
-7.7
-7.4
-7.0
-6.7
-6.7
-6.8
-7.0
-7.1
-7.1
-7.1
-7.0
-7.1
-7.1
-7.2
-7.1
-7.2
-7.1
-7.1
-7.3
-7.5
-7.8
-8.1
-8.3
-8.4
-8.3
-8.2
-8.3
-8.5
-8.5
-8.2
-7.7
-7.2
-6.9
-6.8
-6.9
-7.0
-7.1
-7.0
-6.9
-6.5
-6.4
-6.5
-6.9
-7.4
-7.6
-7.6
-7.4
-7.1
-6.8
-6.6
-6.4
-6.4
-6.5
-6.5
-6.4
-6.3
-6.5
-6.9
-7.3
-7.6
-7.8
-7.7
-7.6
-7.4
-7.3
-7.1
-7.0
-7.0
-6.9
-6.8
-6.7
-6.8
-7.1
-7.5
-7.8
-8.0
-8.1
-8.3
-8.5
-8.5
-8.3
-7.9
-7.6
-7.2
-6.8
-6.3
-5.9
-5.9
-6.0
-6.1
-6.1
-6.0
-6.1
-6.3
-6.6
-7.1
-7.4
-7.6
-7.6
-7.5
-7.5
-7.6
-7.8
-8.0
-8.0
-8.0
-7.9
-7.7
-7.2
-6.9
-6.6
-6.5
-6.5
-6.6
-6.8
-7.0
-7.0
-6.9
-6.8
-6.5
-6.4
-6.3
-6.4
-6.6
-7.1
-7.5
-7.5
-7.5
-7.4
-7.5
-7.5
-7.6
-7.6
-7.6
-7.6
-7.4
-7.2
-7.0
-6.8
-6.8
-6.6
-6.4
-6.2
-6.1
-6.2
-6.2
-6.1
-6.1
-6.4
-6.8
-7.4
-7.8
-8.0
-7.9
-7.6
-7.4
-7.3
-7.5
-7.6
-7.7
-7.7
-7.5
-7.5
-7.3
-7.2
-7.0
-6.7
-6.5
-6.4
-6.3
-6.3
-6.3
-6.3
-6.5
-6.8
-7.2
-7.5
-7.6
-7.5
-7.4
-7.4
-7.6
-7.9
-8.0
-8.0
-7.9
-7.7
-7.7
-7.7
-7.8
-7.6
-7.5
-7.2
-7.1
-7.1
-7.2
-7.1
-6.9
-6.7
-6.6
-6.6
-6.8
-7.1
-7.5
-7.8
-8.1
-8.5
-8.6
-8.6
-8.4
-8.2
-8.1
-8.2
-8.3
-8.4
-8.3
-8.0
-7.6
-7.3
-7.0
-6.7
-6.5
-6.3
-6.2
-6.0
-5.9
-6.0
-6.3
-6.7
-6.9
-7.0
-7.1
-7.2
-7.3
-7.5
-7.9
-8.2
-8.4
-8.4
-8.4
-8.5
-8.6
-8.6
-8.4
-8.1
-7.6
-7.1
-6.7
-6.3
-6.2
-6.2
-6.4
-6.6
-6.8
-6.9
-7.0
-7.1
-7.1
-7.1
-6.9
-6.9
-7.1
-7.4
-7.7
-8.1
-8.3
-8.4
-8.4
-8.5
-8.4
-8.3
-8.0
-7.8
-7.8
-7.8
-7.8
-7.6
-7.5
-7.5
-7.3
-7.1
-6.9
-7.0
-7.1
-7.4
-7.4
-7.5
-7.6
-7.8
-8.0
-8.3
-8.4
-8.2
-8.0
-7.7
-7.6
-7.5
-7.5
-7.6
-7.7
-7.5
-7.4
-7.3
-7.2
-7.1
-7.1
-7.1
-7.3
-7.5
-7.6
-7.6
-7.6
-7.5
-7.7
-8.0
-8.3
-8.3
-7.9
-7.6
-7.4
-7.2
-7.2
-7.1
-7.2
-7.4
-7.5
-7.5
-7.3
-7.1
-7.0
-6.9
-6.8
-6.7
-6.9
-7.0
-7.1
-7.1
-7.1
-7.3
-7.3
-7.4
-7.4
-7.6
-7.6
-7.5
-7.3
-7.2
-7.2
-7.2
-7.4
-7.6
-7.7
-7.5
-7.3
-7.2
-7.3
-7.3
-7.3
-7.3
-7.3
-7.2
-7.3
-7.4
-7.6
-7.7
-7.6
-7.6
-7.6
-7.6
-7.7
-7.7
-7.8
-7.8
-7.7
-7.6
-7.4
-7.3
-7.4
-7.5
-7.8
-8.0
-8.0
-7.7
-7.6
-7.4
-7.5
-7.5
-7.5
-7.4
-7.4
-7.2
-7.3
-7.3
-7.6
-7.9
-8.2
-8.3
-8.0
-7.6
-7.2
-6.9
-6.7
-6.7
-7.0
-7.4
-7.8
-8.0
-8.0
-8.1
-8.1
-8.0
-7.8
-7.6
-7.5
-7.4
-7.4
-7.4
-7.3
-7.2
-7.1
-7.2
-7.2
-7.4
-7.5
-7.4
-7.5
-7.5
-7.6
-7.7
-7.7
-7.6
-7.4
-7.3
-7.3
-7.4
-7.5
-7.4
-7.2
-7.2
-7.2
-7.4
-7.6
-7.8
-8.1
-8.3
-8.5
-8.5
-8.4
-8.1
-7.8
-7.5
-7.5
-7.5
-7.5
-7.6
-7.6
-7.6
-7.6
-7.5
-7.4
-7.4
-7.4
-7.4
-7.3
-7.3
-7.3
-7.5
-7.5
-7.6
-7.5
-7.5
-7.5
-7.4
-7.3
-7.2
-7.0
-7.1
-7.1
-7.2
-7.2
-7.0
-6.9
-6.9
-7.0
-7.0
-7.0
-7.3
-7.4
-7.5
-7.4
-7.5
-7.6
-7.8
-8.0
-8.1
-8.0
-7.8
-7.7
-7.6
-7.6
-7.7
-7.6
-7.5
-7.3
-7.0
-6.9
-7.0
-7.1
-7.2
-7.3
-7.4
-7.4
-7.4
-7.4
-7.4
-7.4
-7.3
-7.1
-6.9
-6.8
-6.8
-7.0
-7.1
-7.1
-7.0
-6.9
-6.9
-7.0
-7.1
-7.2
-7.3
-7.3
-7.0
-6.8
-6.7
-6.8
-7.0
-7.2
-7.2
-7.2
-7.2
-7.3
-7.2
-7.2
-7.2
-7.4
-7.7
-7.8
-7.7
-7.4
-7.1
-6.9
-6.6
-6.4
-6.1
-5.9
-5.7
-5.8
-6.1
-6.5
-6.8
-6.9
-7.0
-7.1
-7.3
-7.4
-7.6
-7.7
-7.7
-7.6
-7.5
-7.5
-7.4
-7.3
-7.3
-7.3
-7.3
-7.2
-7.0
-6.8
-6.5
-6.4
-6.5
-6.6
-6.6
-6.6
-6.8
-7.0
-6.9
-6.7
-6.5
-6.5
-6.5
-6.5
-6.6
-6.7
-6.8
-6.9
-7.1
-7.4
-7.7
-7.8
-7.8
-7.7
-7.6
-7.4
-7.3
-7.3
-7.3
-7.3
-7.0
-6.7
-6.5
-6.5
-6.5
-6.6
-6.6
-6.7
-6.7
-6.8
-6.8
-6.8
-6.7
-6.8
-6.9
-6.9
-6.8
-6.6
-6.5
-6.6
-6.8
-6.9
-6.9
-7.0
-6.9
-6.9
-6.8
-6.8
-6.9
-7.0
-7.0
-6.9
-6.8
-6.6
-6.5
-6.4
-6.4
-6.6
-6.8
-7.0
-7.1
-7.2
-7.3
-7.3
-7.2
-7.1
-7.0
-7.0
-6.9
-7.0
-7.3
-7.5
-7.5
-7.5
-7.3
-7.1
-7.1
-7.2
-7.3
-7.3
-7.3
-7.4
-7.6
-7.6
-7.5
-7.4
-7.2
-7.0
-6.8
-6.6
-6.7
-7.1
-7.5
-7.9
-7.9
-7.6
-7.4
-7.2
-7.0
-6.9
-7.0
-7.0
-7.2
-7.2
-7.3
-7.4
-7.6
-7.9
-7.9
-7.7
-7.4
-7.2
-7.0
-7.0
-7.1
-7.3
-7.5
-7.5
-7.4
-7.3
-7.2
-7.1
-7.1
-7.2
-7.2
-7.3
-7.3
-7.4
-7.5
-7.5
-7.5
-7.7
-7.7
-7.6
-7.3
-7.1
-7.1
-7.1
-7.0
-6.9
-6.7
-6.8
-7.0
-7.4
-7.7
-7.9
-8.1
-8.3
-8.4
-8.4
-8.4
-8.2
-8.1
-7.9
-7.7
-7.4
-6.9
-6.3
-5.9
-5.7
-5.7
-6.0
-6.4
-6.8
-7.1
-7.5
-7.8
-8.0
-8.0
-8.0
-8.1
-8.3
-8.4
-8.5
-8.6
-8.6
-8.5
-8.3
-8.0
-7.5
-7.1
-6.6
-6.4
-6.2
-6.0
-5.9
-5.9
-5.8
-5.9
-5.9
-5.9
-6.1
-6.4
-6.7
-6.8
-6.8
-6.9
-7.0
-7.3
-7.6
-7.9
-7.9
-8.0
-7.9
-7.9
-7.9
-7.9
-8.0
-8.1
-7.9
-7.6
-7.1
-6.7
-6.5
-6.3
-6.4
-6.4
-6.4
-6.4
-6.2
-6.2
-6.2
-6.5
-6.8
-6.9
-7.0
-7.2
-7.4
-7.6
-7.8
-8.0
-8.0
-7.9
-7.8
-7.8
-7.7
-7.5
-7.1
-7.1
-7.1
-7.1
-7.4
-7.6
-7.8
-7.7
-7.4
-7.3
-7.3
-7.2
-7.1
-7.0
-7.0
-7.0
-7.1
-7.3
-7.6
-7.9
-8.2
-8.3
-8.1
-7.9
-7.6
-7.6
-7.6
-7.7
-7.6
-7.5
-7.1
-6.7
-6.3
-6.2
-6.4
-6.9
-7.3
-7.5
-7.5
-7.4
-7.4
-7.4
-7.4
-7.6
-7.7
-8.0
-8.0
-7.9
-7.7
-7.6
-7.5
-7.5
-7.5
-7.3
-7.2
-7.2
-7.4
-7.6
-7.8
-7.8
-7.8
-7.8
-7.9
-7.8
-7.7
-7.6
-7.6
-7.6
-7.6
-7.6
-7.6
-7.5
-7.5
-7.5
-7.6
-7.8
-7.9
-8.1
-8.0
-8.1
-8.0
-8.0
-7.6
-7.4
-7.3
-7.5
-7.6
-7.6
-7.6
-7.6
-7.6
-7.5
-7.6
-7.6
-7.5
-7.1
-7.0
-6.8
-7.0
-7.1
-7.2
-7.2
-7.1
-7.0
-6.9
-7.0
-7.1
-7.3
-7.3
-7.2
-7.0
-6.9
-7.0
-7.1
-7.2
-7.1
-7.0
-6.9
-6.9
-6.8
-6.9
-7.0
-7.0
-6.9
-6.8
-6.8
-6.8
-6.8
-6.9
-6.8
-6.9
-6.9
-7.0
-7.0
-7.0
-6.9
-6.8
-6.7
-6.8
-6.9
-7.0
-7.0
-7.0
-7.0
-7.0
-7.1
-7.2
-7.1
-6.8
-6.6
-6.7
-7.0
-7.3
-7.4
-7.3
-7.1
-7.0
-7.0
-7.0
-7.2
-7.3
-7.3
-7.2
-7.2
-7.3
-7.4
-7.4
-7.3
-7.2
-7.1
-6.9
-6.6
-6.5
-6.6
-6.9
-7.1
-7.2
-7.3
-7.4
-7.5
-7.5
-7.3
-7.0
-6.9
-6.8
-6.8
-6.9
-7.0
-7.2
-7.3
-7.4
-7.5
-7.6
-7.6
-7.5
-7.4
-7.3
-7.4
-7.6
-7.7
-7.7
-7.8
-7.9
-8.0
-7.7
-7.3
-7.1
-7.2
-7.3
-7.2
-7.0
-6.8
-6.9
-7.0
-7.3
-7.4
-7.5
-7.5
-7.4
-7.4
-7.5
-7.9
-8.1
-8.3
-8.3
-8.0
-7.6
-7.1
-6.9
-6.9
-7.0
-7.2
-7.4
-7.7
-8.0
-8.0
-7.8
-7.5
-7.4
-7.3
-7.3
-7.3
-7.4
-7.6
-7.8
-8.1
-8.4
-8.4
-8.3
-7.9
-7.3
-7.0
-6.9
-7.0
-7.1
-7.2
-7.2
-7.2
-7.3
-7.2
-7.4
-7.5
-7.7
-8.0
-8.1
-8.1
-7.9
-7.6
-7.4
-7.2
-7.1
-6.8
-6.2
-5.8
-5.6
-5.8
-5.9
-6.0
-6.1
-6.2
-6.1
-6.1
-6.3
-6.7
-7.1
-7.3
-7.3
-7.2
-7.1
-7.0
-7.0
-7.1
-7.2
-7.2
-7.1
-7.1
-6.9
-6.8
-6.7
-6.8
-6.6
-6.4
-6.0
-5.6
-5.5
-5.5
-5.8
-6.3
-6.7
-7.0
-7.1
-7.1
-7.2
-7.3
-7.5
-7.4
-7.3
-7.1
-7.0
-7.1
-7.1
-7.1
-7.1
-6.9
-6.9
-6.8
-6.8
-6.7
-6.7
-6.7
-6.8
-6.9
-7.0
-7.2
-7.4
-7.5
-7.6
-7.5
-7.4
-7.2
-6.9
-6.9
-6.9
-7.2
-7.5
-8.0
-8.2
-8.3
-8.2
-7.9
-7.7
-7.6
-8.0
-8.4
-8.7
-8.9
-8.9
-8.7
-8.3
-7.7
-7.1
-6.5
-6.2
-6.3
-6.6
-7.1
-7.4
-7.5
-7.6
-7.8
-7.9
-8.0
-8.0
-7.8
-7.7
-7.5
-7.3
-6.9
-6.7
-6.5
-6.6
-6.6
-6.6
-6.4
-6.2
-6.2
-6.4
-6.8
-7.0
-7.2
-7.3
-7.4
-7.6
-7.9
-8.2
-8.5
-8.4
-8.2
-7.9
-7.7
-7.4
-7.1
-6.6
-6.4
-6.4
-6.5
-6.7
-6.8
-6.8
-6.8
-6.9
-7.0
-7.1
-7.1
-7.0
-6.8
-6.5
-6.1
-5.9
-5.6
-5.5
-5.7
-6.1
-6.5
-6.8
-7.0
-6.9
-6.9
-7.0
-7.3
-7.6
-7.8
-8.2
-8.6
-8.9
-8.9
-8.8
-8.6
-8.5
-8.2
-7.9
-7.6
-7.3
-7.0
-7.0
-7.0
-7.2
-7.4
-7.6
-7.9
-8.0
-8.0
-7.9
-7.9
-7.9
-7.9
-7.8
-7.7
-7.5
-7.4
-7.3
-7.1
-6.9
-6.5
-6.4
-6.4
-6.5
-6.7
-6.8
-7.0
-7.1
-7.5
-7.8
-8.1
-8.3
-8.4
-8.5
-8.5
-8.2
-7.8
-7.4
-7.0
-6.9
-7.0
-7.1
-7.1
-7.0
-6.9
-6.9
-7.2
-7.4
-7.6
-7.6
-7.5
-7.4
-7.3
-7.2
-7.3
-7.4
-7.4
-7.3
-7.2
-7.1
-7.1
-7.2
-7.3
-7.4
-7.3
-7.3
-7.2
-7.0
-6.9
-6.8
-6.7
-6.8
-6.9
-7.0
-7.2
-7.3
-7.3
-7.2
-7.0
-6.7
-6.5
-6.3
-6.2
-6.3
-6.5
-6.8
-6.9
-7.0
-7.1
-7.3
-7.5
-7.6
-7.5
-7.4
-7.3
-7.1
-6.7
-6.5
-6.5
-6.8
-7.0
-7.2
-7.4
-7.4
-7.5
-7.5
-7.4
-7.4
-7.3
-7.3
-7.3
-7.2
-7.2
-7.3
-7.3
-7.4
-7.6
-7.7
-7.8
-7.8
-7.6
-7.6
-7.5
-7.5
-7.4
-7.2
-7.1
-7.0
-7.0
-6.9
-6.9
-7.0
-7.2
-7.5
-7.7
-7.9
-7.9
-7.6
-7.5
-7.6
-7.9
-8.1
-8.2
-8.3
-8.5
-8.4
-8.3
-8.3
-8.3
-8.3
-8.3
-8.3
-8.1
-8.0
-8.0
-8.0
-8.0
-7.9
-7.9
-7.9
-7.8
-7.6
-7.5
-7.6
-7.7
-7.9
-8.0
-8.0
-8.0
-7.9
-7.8
-7.5
-7.3
-7.3
-7.4
-7.6
-7.8
-7.9
-8.0
-8.1
-8.1
-8.1
-8.1
-8.1
-8.0
-7.9
-7.7
-7.8
-7.9
-8.2
-8.3
-8.3
-8.1
-7.9
-7.8
-7.8
-7.9
-7.8
-7.7
-7.6
-7.6
-7.7
-7.7
-7.8
-7.8
-7.9
-8.2
-8.3
-8.3
-8.1
-7.9
-7.7
-7.7
-7.7
-7.9
-7.9
-7.9
-7.8
-7.9
-7.9
-8.0
-7.9
-7.8
-7.8
-7.8
-7.8
-7.8
-7.7
-7.6
-7.5
-7.4
-7.3
-7.3
-7.4
-7.4
-7.2
-7.1
-7.1
-7.2
-7.4
-7.5
-7.8
-7.8
-7.8
-7.6
-7.6
-7.7
-7.7
-7.6
-7.5
-7.4
-7.4
-7.4
-7.6
-7.8
-7.9
-7.9
-7.9
-7.9
-7.9
-7.9
-8.0
-8.2
-8.4
-8.4
-8.1
-7.9
-7.6
-7.5
-7.6
-7.7
-7.6
-7.4
-7.2
-7.3
-7.4
-7.4
-7.4
-7.4
-7.4
-7.5
-7.6
-7.7
-7.7
-7.6
-7.6
-7.5
-7.4
-7.3
-7.1
-7.2
-7.3
-7.4
-7.5
-7.4
-7.5
-7.6
-7.7
-7.6
-7.7
-7.6
-7.6
-7.4
-7.3
-7.3
-7.4
-7.5
-7.6
-7.6
-7.6
-7.6
-7.6
-7.5
-7.7
-7.9
-8.3
-8.3
-8.1
-7.7
-7.4
-7.3
-7.2
-7.3
-7.3
-7.4
-7.4
-7.5
-7.4
-7.3
-7.3
-7.4
-7.5
-7.4
-7.2
-7.1
-7.1
-7.2
-7.3
-7.3
-7.4
-7.4
-7.5
-7.5
-7.5
-7.3
-7.1
-6.9
-6.8
-6.8
-6.9
-7.2
-7.4
-7.5
-7.4
-7.3
-7.4
-7.4
-7.4
-7.2
-7.3
-7.6
-7.9
-8.0
-7.9
-7.7
-7.5
-7.4
-7.5
-7.6
-7.7
-7.7
-7.6
-7.6
-7.6
-7.6
-7.7
-7.9
-7.9
-7.9
-7.8
-7.8
-7.7
-7.6
-7.4
-7.3
-7.2
-7.3
-7.4
-7.3
-7.1
-6.9
-6.8
-6.8
-7.0
-7.2
-7.4
-7.8
-8.1
-8.2
-8.2
-8.2
-8.1
-8.0
-7.8
-7.5
-7.2
-7.1
-7.2
-7.4
-7.7
-7.9
-8.0
-7.9
-7.6
-7.2
-7.0
-7.2
-7.4
-7.6
-7.9
-8.0
-8.1
-8.1
-8.1
-8.0
-7.9
-7.8
-7.6
-7.5
-7.5
-7.6
-7.6
-7.8
-7.9
-8.0
-8.1
-8.1
-8.0
-7.9
-7.9
-7.9
-8.0
-8.0
-8.0
-7.9
-7.8
-7.8
-7.9
-7.8
-7.6
-7.4
-7.1
-7.0
-6.8
-6.9
-7.1
-7.3
-7.3
-7.4
-7.5
-7.7
-7.7
-7.5
-7.5
-7.3
-7.1
-6.9
-6.9
-7.1
-7.5
-7.7
-7.7
-7.5
-7.4
-7.2
-7.1
-7.1
-7.2
-7.2
-7.2
-7.1
-7.2
-7.3
-7.5
-7.4
-7.4
-7.5
-7.5
-7.5
-7.5
-7.4
-7.1
-7.0
-7.1
-7.4
-7.6
-7.7
-7.6
-7.7
-7.7
-7.6
-7.6
-7.5
-7.5
-7.6
-7.6
-7.7
-7.5
-7.3
-7.1
-6.9
-6.7
-6.6
-6.7
-6.8
-7.3
-7.8
-8.3
-8.5
-8.6
-8.5
-8.2
-7.9
-7.4
-7.1
-6.9
-6.9
-7.1
-7.4
-7.8
-8.0
-8.1
-8.1
-8.0
-7.9
-7.8
-7.7
-7.5
-7.4
-7.2
-7.2
-7.3
-7.4
-7.3
-7.2
-7.1
-7.3
-7.7
-8.1
-8.4
-8.6
-8.8
-9.1
-9.3
-9.2
-8.9
-8.6
-8.2
-7.9
-7.6
-7.4
-7.1
-6.8
-6.5
-6.2
-6.0
-6.1
-6.3
-6.4
-6.5
-6.6
-6.9
-7.0
-7.1
-7.1
-7.2
-7.4
-7.5
-7.5
-7.6
-7.7
-7.7
-7.5
-7.2
-6.9
-6.8
-7.0
-7.1
-7.3
-7.6
-7.9
-8.1
-8.1
-7.9
-7.8
-7.7
-7.8
-7.9
-8.0
-8.1
-8.2
-8.3
-8.1
-7.8
-7.4
-7.1
-7.2
-7.4
-7.4
-7.4
-7.3
-7.2
-7.3
-7.4
-7.6
-7.6
-7.4
-7.1
-6.8
-6.6
-6.5
-6.5
-6.7
-6.8
-7.1
-7.2
-7.3
-7.4
-7.5
-7.6
-7.6
-7.6
-7.5
-7.2
-7.1
-7.1
-7.2
-7.3
-7.1
-7.2
-7.3
-7.5
-7.9
-7.8
-7.6
-7.2
-6.9
-6.9
-7.1
-7.5
-7.9
-8.0
-8.0
-7.9
-7.9
-8.0
-8.1
-8.1
-7.9
-7.9
-7.9
-8.1
-8.3
-8.4
-8.4
-8.2
-7.9
-7.5
-7.2
-7.2
-7.5
-7.9
-8.1
-8.2
-8.1
-8.1
-8.1
-8.0
-8.0
-8.0
-7.9
-7.8
-7.6
-7.7
-7.7
-7.5
-7.3
-7.1
-7.3
-7.7
-8.1
-8.3
-8.2
-8.0
-7.9
-7.9
-7.8
-7.7
-7.6
-7.6
-7.6
-7.7
-7.7
-7.8
-7.9
-8.0
-8.0
-7.8
-7.5
-7.3
-7.4
-7.5
-7.7
-7.8
-7.9
-8.0
-8.2
-8.1
-8.0
-7.8
-7.5
-7.4
-7.3
-7.3
-7.4
-7.4
-7.3
-7.1
-7.1
-7.2
-7.2
-7.3
-7.3
-7.2
-7.2
-7.2
-7.4
-7.8
-7.9
-7.9
-7.7
-7.5
-7.4
-7.4
-7.5
-7.7
-7.9
-8.0
-8.1
-8.1
-8.1
-8.0
-7.9
-7.7
-7.6
-7.6
-7.7
-7.7
-7.7
-7.7
-7.6
-7.6
-7.5
-7.4
-7.3
-7.1
-7.1
-7.1
-7.1
-7.2
-7.3
-7.4
-7.4
-7.3
-7.3
-7.4
-7.6
-7.8
-7.9
-7.9
-8.0
-7.9
-7.8
-7.5
-7.3
-7.1
-7.0
-6.9
-6.9
-7.0
-7.2
-7.5
-7.6
-7.7
-7.6
-7.4
-7.3
-7.5
-7.7
-7.9
-7.9
-7.8
-7.5
-7.2
-7.0
-6.8
-6.8
-7.0
-7.2
-7.4
-7.5
-7.6
-7.5
-7.3
-7.1
-6.9
-6.8
-6.6
-6.4
-6.3
-6.4
-6.9
-7.3
-7.6
-7.8
-7.9
-8.0
-8.0
-8.0
-8.1
-7.9
-7.7
-7.2
-6.8
-6.6
-6.6
-6.9
-7.3
-7.6
-7.8
-7.8
-7.6
-7.4
-7.3
-7.2
-7.2
-7.2
-7.4
-7.5
-7.5
-7.3
-7.1
-6.8
-6.6
-6.4
-6.5
-6.6
-6.9
-7.2
-7.5
-7.8
-7.9
-8.0
-8.1
-8.2
-8.0
-7.7
-7.2
-7.0
-7.1
-7.3
-7.6
-7.7
-7.6
-7.6
-7.5
-7.2
-7.0
-6.8
-6.8
-6.8
-6.8
-6.8
-6.8
-6.9
-7.0
-7.1
-7.3
-7.4
-7.4
-7.3
-7.2
-7.1
-7.1
-7.2
-7.3
-7.4
-7.4
-7.5
-7.5
-7.5
-7.4
-7.2
-7.0
-6.9
-6.7
-6.5
-6.3
-6.3
-6.5
-6.7
-6.8
-6.9
-6.9
-6.9
-6.8
-6.7
-6.5
-6.6
-6.8
-7.0
-7.2
-7.3
-7.4
-7.4
-7.3
-7.2
-6.9
-6.9
-6.8
-6.8
-6.7
-6.6
-6.5
-6.5
-6.6
-6.8
-7.0
-7.1
-7.0
-6.9
-6.8
-6.8
-6.9
-7.0
-7.1
-7.3
-7.2
-7.1
-6.9
-6.9
-7.0
-7.1
-7.1
-7.0
-6.8
-6.6
-6.6
-6.6
-6.5
-6.5
-6.6
-6.9
-7.1
-7.2
-7.1
-7.0
-6.9
-6.8
-6.6
-6.4
-6.3
-6.3
-6.3
-6.2
-6.4
-6.7
-7.0
-7.1
-7.0
-6.9
-6.7
-6.5
-6.3
-6.1
-5.9
-5.9
-6.0
-6.3
-6.6
-7.0
-7.3
-7.4
-7.5
-7.7
-7.9
-8.0
-8.0
-7.6
-7.3
-7.0
-7.0
-7.1
-7.2
-7.2
-7.1
-6.9
-6.7
-6.5
-6.4
-6.5
-6.7
-6.9
-6.9
-6.7
-6.5
-6.4
-6.2
-6.3
-6.4
-6.5
-6.6
-6.8
-7.1
-7.4
-7.6
-7.6
-7.7
-7.8
-8.0
-8.0
-8.1
-8.0
-7.8
-7.5
-7.1
-6.9
-6.9
-6.9
-7.0
-6.9
-6.7
-6.6
-6.6
-6.6
-6.5
-6.6
-6.8
-6.9
-7.0
-7.0
-7.0
-7.1
-7.1
-7.1
-6.9
-6.7
-6.7
-6.8
-7.1
-7.3
-7.4
-7.4
-7.4
-7.5
-7.6
-7.7
-7.7
-7.6
-7.3
-6.9
-6.5
-6.5
-6.6
-6.8
-7.0
-7.0
-7.0
-6.9
-6.9
-7.1
-7.5
-7.8
-8.0
-7.8
-7.5
-7.1
-6.9
-6.7
-6.7
-6.9
-7.1
-7.2
-7.1
-6.8
-6.6
-6.5
-6.3
-6.1
-5.9
-5.8
-6.0
-6.3
-6.7
-7.1
-7.4
-7.6
-7.5
-7.4
-7.1
-6.7
-6.3
-6.3
-6.6
-7.2
-7.8
-8.2
-8.2
-8.1
-8.1
-7.9
-7.8
-7.7
-7.8
-7.8
-7.8
-7.4
-7.0
-6.8
-6.9
-7.3
-7.6
-7.8
-7.9
-7.9
-7.9
-8.0
-7.9
-7.7
-7.4
-7.3
-7.4
-7.6
-7.8
-7.8
-7.8
-7.9
-7.8
-7.6
-7.3
-7.2
-7.1
-7.1
-7.1
-7.1
-7.1
-7.1
-7.0
-7.0
-6.9
-6.9
-6.7
-6.7
-6.9
-7.2
-7.4
-7.5
-7.4
-7.3
-7.2
-7.5
-7.7
-7.8
-7.8
-7.8
-7.9
-8.1
-8.1
-7.9
-7.6
-7.3
-7.0
-6.9
-6.7
-6.7
-6.7
-6.8
-6.9
-6.9
-6.9
-6.9
-7.0
-7.1
-7.1
-7.1
-7.2
-7.4
-7.8
-8.0
-8.0
-7.9
-7.8
-7.7
-7.5
-7.4
-7.3
-7.1
-6.9
-6.8
-6.7
-6.8
-7.1
-7.5
-7.7
-7.6
-7.4
-7.2
-7.0
-6.9
-6.9
-7.2
-7.5
-7.7
-7.7
-7.6
-7.6
-7.5
-7.4
-7.2
-7.0
-7.0
-6.9
-7.0
-7.1
-7.1
-7.0
-7.1
-7.2
-7.3
-7.3
-7.2
-7.2
-7.2
-7.2
-7.1
-7.1
-7.0
-7.1
-7.2
-7.2
-7.2
-7.0
-6.9
-6.7
-6.5
-6.4
-6.5
-6.6
-6.8
-6.8
-6.7
-6.7
-6.7
-6.9
-7.0
-7.1
-7.2
-7.2
-7.2
-7.2
-7.3
-7.2
-7.2
-7.1
-7.0
-6.8
-6.7
-6.8
-6.9
-7.1
-7.3
-7.4
-7.2
-7.0
-6.7
-6.5
-6.5
-6.7
-6.8
-6.8
-6.8
-6.8
-6.9
-7.0
-7.1
-7.2
-7.4
-7.5
-7.6
-7.6
-7.6
-7.6
-7.5
-7.5
-7.4
-7.3
-7.4
-7.6
-7.8
-7.9
-7.9
-7.6
-7.3
-7.1
-7.2
-7.4
-7.4
-7.3
-7.1
-7.3
-7.5
-7.7
-7.7
-7.5
-7.1
-6.8
-6.9
-7.0
-7.2
-7.3
-7.5
-7.8
-7.9
-7.8
-7.6
-7.5
-7.6
-7.6
-7.5
-7.1
-6.8
-6.7
-6.7
-6.7
-6.8
-6.9
-7.1
-7.2
-7.0
-6.7
-6.3
-6.2
-6.2
-6.2
-6.3
-6.6
-7.2
-7.7
-8.0
-7.9
-7.5
-6.9
-6.4
-6.2
-6.2
-6.2
-6.0
-5.9
-5.9
-6.0
-6.1
-6.2
-6.2
-6.1
-6.0
-6.1
-6.4
-6.7
-7.0
-7.3
-7.6
-7.8
-8.0
-7.9
-7.7
-7.4
-7.1
-7.1
-7.2
-7.4
-7.7
-8.0
-8.3
-8.5
-8.5
-8.4
-8.2
-8.0
-7.5
-6.8
-5.9
-5.2
-4.5
-4.3
-4.3
-4.6
-5.1
-5.8
-6.4
-6.7
-6.8
-6.8
-6.8
-6.9
-6.8
-7.0
-7.2
-7.3
-7.4
-7.5
-7.6
-7.5
-7.3
-7.0
-6.8
-6.6
-6.5
-6.4
-6.5
-6.7
-6.9
-7.0
-7.2
-7.3
-7.2
-7.0
-6.9
-6.9
-6.8
-6.5
-6.4
-6.1
-6.0
-5.9
-5.8
-5.7
-5.8
-6.0
-6.4
-6.8
-7.3
-7.7
-8.1
-8.3
-8.3
-8.3
-8.3
-8.4
-8.2
-7.9
-7.6
-7.4
-7.3
-7.1
-6.9
-6.8
-6.7
-6.6
-6.5
-6.5
-6.6
-6.8
-7.0
-7.1
-7.1
-7.1
-7.0
-7.0
-7.1
-7.3
-7.4
-7.5
-7.6
-7.9
-8.3
-8.6
-8.8
-8.8
-8.9
-8.8
-8.5
-8.1
-7.8
-7.7
-7.6
-7.6
-7.6
-7.7
-7.6
-7.4
-7.2
-7.2
-7.4
-7.6
-7.5
-7.4
-7.3
-7.6
-7.9
-8.1
-8.0
-7.7
-7.5
-7.4
-7.7
-8.0
-8.1
-8.1
-8.0
-8.1
-8.1
-8.0
-7.9
-7.7
-7.6
-7.5
-7.4
-7.4
-7.3
-7.1
-7.0
-7.0
-7.1
-7.1
-7.1
-7.3
-7.3
-7.3
-7.2
-7.2
-7.3
-7.5
-7.7
-7.9
-8.0
-7.9
-7.7
-7.5
-7.2
-7.1
-7.2
-7.2
-7.1
-7.2
-7.3
-7.5
-7.4
-7.4
-7.5
-7.8
-8.0
-8.2
-8.1
-8.0
-7.6
-7.2
-6.9
-7.0
-7.2
-7.5
-7.6
-7.8
-7.8
-7.8
-7.6
-7.4
-7.3
-7.1
-7.2
-7.3
-7.7
-7.9
-8.0
-7.8
-7.7
-7.7
-7.8
-7.7
-7.5
-7.4
-7.4
-7.5
-7.6
-7.7
-7.7
-8.0
-8.2
-8.4
-8.5
-8.4
-8.3
-8.1
-8.0
-7.9
-7.9
-7.7
-7.5
-7.2
-7.1
-7.2
-7.3
-7.6
-8.0
-8.2
-8.2
-8.1
-8.1
-8.1
-7.9
-7.8
-7.9
-7.9
-7.9
-7.8
-7.7
-7.9
-8.0
-8.2
-8.1
-7.9
-7.6
-7.5
-7.5
-7.5
-7.6
-7.6
-7.6
-7.5
-7.6
