-2.4
-2.0
-1.5
-1.5
-1.7
-1.9
-1.6
-1.4
-1.6
-1.9
-1.9
-2.1
-2.1
-2.2
-2.3
-2.4
-2.5
-2.3
-2.0
-2.3
-2.3
-1.7
-1.7
-2.0
-1.9
-1.3
-1.6
-2.2
-2.0
-1.7
-1.7
-2.0
-2.1
-1.9
-1.8
-2.0
-2.4
-2.3
-2.2
-2.4
-2.5
-2.3
-1.7
-1.5
-2.2
-2.2
-2.1
-1.9
-1.6
-1.9
-1.6
-1.9
-2.1
-1.9
-1.5
-1.2
-1.6
-2.0
-1.8
-1.8
-2.1
-2.1
-1.7
-1.2
-1.3
-1.5
-1.6
-1.6
-1.3
-1.3
-1.7
-1.8
-1.5
-1.6
-2.1
-2.1
-2.2
-2.1
-2.0
-2.2
-2.1
-1.7
-1.4
-1.7
-1.9
-1.5
-1.5
-2.0
-2.5
-2.2
-1.8
-1.7
-2.0
-2.4
-2.0
-1.5
-1.5
-1.8
-1.9
-2.0
-2.0
-1.8
-1.7
-1.8
-1.7
-1.7
-1.7
-1.6
-1.1
-0.9
-1.3
-1.8
-2.0
-2.0
-1.8
-1.6
-1.8
-2.1
-1.7
-1.2
-1.5
-1.6
-1.4
-1.5
-1.8
-1.8
-1.5
-1.6
-2.0
-1.3
-1.0
-1.5
-1.6
-1.5
-1.5
-1.5
-1.6
-1.8
-2.0
-1.9
-1.8
-1.8
-1.9
-2.0
-2.1
-1.5
-1.2
-1.3
-1.4
-1.3
-1.5
-1.7
-1.5
-1.3
-1.2
-1.3
-1.4
-1.6
-1.8
-1.7
-1.3
-1.3
-1.5
-1.6
-1.7
-1.8
-1.7
-1.4
-1.5
-1.9
-1.9
-1.5
-1.6
-2.2
-2.4
-1.8
-1.0
-0.8
-1.3
-1.7
-1.7
-1.3
-1.1
-1.2
-1.4
-1.2
-1.0
-0.6
-0.8
-1.2
-1.1
-1.2
-1.3
-1.7
-2.1
-2.3
-2.4
-1.7
-1.3
-1.3
-1.5
-1.5
-1.2
-1.3
-2.0
-2.4
-2.5
-2.7
-2.7
-2.6
-2.4
-2.3
-2.6
-2.3
-1.6
-1.5
-1.5
-1.5
-1.6
-1.9
-2.2
-1.8
-1.3
-0.9
-1.5
-2.0
-1.5
-1.2
-1.3
-1.1
-0.9
-1.3
-1.7
-1.2
-1.2
-1.7
-1.9
-1.6
-1.5
-1.9
-2.0
-1.9
-1.7
-1.6
-1.3
-1.2
-1.3
-1.6
-1.5
-1.1
-0.8
-1.2
-1.3
-1.2
-1.3
-1.0
-0.9
-0.9
-0.9
-0.7
-1.0
-1.3
-1.4
-1.9
-2.2
-1.8
-1.5
-1.8
-1.9
-2.0
-1.8
-1.8
-2.1
-2.4
-2.2
-2.0
-2.3
-2.2
-1.9
-1.8
-1.8
-1.6
-1.3
-1.4
-1.9
-1.7
-1.5
-1.3
-1.3
-1.4
-1.4
-1.3
-1.6
-2.0
-1.7
-1.4
-1.2
-1.2
-1.7
-2.0
-2.0
-1.9
-2.1
-2.0
-1.9
-1.3
-1.8
-2.4
-2.5
-2.0
-1.4
-1.7
-2.6
-3.0
-2.2
-1.5
-1.3
-1.6
-1.8
-2.0
-1.8
-1.5
-1.3
-1.3
-0.9
-0.3
-0.1
-0.3
-0.7
-0.8
-0.5
-0.3
-0.1
-0.7
-0.8
-0.5
-0.8
-1.2
-1.5
-1.3
-1.6
-2.1
-2.4
-2.5
-2.5
-2.5
-2.2
-2.2
-2.6
-2.9
-3.1
-3.2
-2.9
-3.0
-3.2
-2.8
-2.4
-2.1
-2.0
-2.0
-2.0
-2.0
-1.9
-1.5
-1.5
-2.1
-2.3
-2.0
-1.6
-1.2
-1.2
-1.0
-1.0
-0.8
-1.0
-1.2
-0.7
-0.4
-0.7
-1.1
-1.3
-1.1
-1.1
-1.2
-1.4
-1.1
-1.2
-1.7
-1.7
-1.5
-1.4
-1.8
-2.0
-1.8
-1.8
-1.9
-2.0
-2.2
-2.1
-1.7
-1.6
-1.9
-2.4
-2.6
-2.2
-1.9
-2.2
-2.2
-2.2
-1.9
-1.7
-1.6
-1.5
-1.3
-1.2
-1.7
-1.7
-0.9
-0.8
-0.9
-1.3
-1.5
-1.3
-1.2
-1.3
-1.7
-1.5
-1.4
-1.2
-0.9
-1.4
-2.0
-2.2
-2.1
-1.9
-2.0
-2.3
-2.6
-2.5
-2.0
-1.9
-1.6
-1.7
-1.5
-1.6
-1.8
-1.9
-2.0
-2.0
-2.0
-1.8
-2.0
-2.3
-2.1
-1.8
-1.4
-1.5
-1.9
-2.0
-1.7
-1.5
-1.9
-2.3
-2.1
-1.5
-1.2
-1.7
-1.9
-1.8
-1.7
-1.7
-1.7
-1.7
-1.7
-1.8
-1.5
-1.5
-1.7
-1.8
-1.7
-1.7
-1.8
-1.6
-1.2
-1.1
-1.2
-1.3
-1.8
-2.1
-1.9
-1.7
-2.2
-2.8
-2.6
-2.5
-2.4
-2.0
-1.9
-1.8
-2.2
-2.1
-2.2
-2.3
-2.0
-1.8
-2.2
-2.2
-1.8
-1.8
-1.8
-1.5
-1.3
-1.7
-2.1
-2.4
-2.3
-1.9
-2.2
-2.3
-2.1
-1.6
-1.9
-2.1
-2.0
-1.9
-1.8
-1.7
-1.8
-2.0
-2.0
-1.8
-1.3
-1.2
-1.4
-2.0
-2.0
-1.4
-1.3
-1.7
-2.2
-2.5
-2.4
-2.1
-2.2
-2.5
-3.3
-3.5
-3.0
-2.0
-1.5
-1.5
-1.5
-1.8
-2.3
-2.2
-1.8
-1.7
-2.3
-2.5
-2.2
-1.9
-1.9
-1.8
-1.7
-1.5
-1.5
-2.0
-2.5
-2.2
-1.9
-2.1
-2.2
-1.8
-1.5
-2.0
-2.1
-2.1
-2.0
-1.9
-1.8
-2.0
-1.9
-1.8
-1.4
-1.2
-1.5
-1.5
-1.2
-1.5
-1.9
-2.0
-1.8
-1.9
-2.4
-2.2
-1.8
-1.6
-1.9
-2.2
-2.3
-2.2
-2.1
-1.9
-1.9
-2.2
-2.2
-1.7
-1.6
-1.7
-2.0
-2.0
-1.7
-1.3
-0.7
-0.4
-0.7
-1.0
-0.9
-0.8
-0.6
-0.7
-1.0
-1.4
-1.3
-0.7
-0.9
-1.1
-1.2
-1.6
-1.8
-1.9
-1.6
-1.7
-1.7
-1.7
-1.5
-1.2
-1.6
-2.0
-1.8
-1.8
-2.1
-2.3
-2.1
-1.8
-1.1
-0.3
0.1
0.8
1.7
1.8
1.7
2.1
2.4
2.2
1.6
1.2
0.7
0.8
0.5
0.3
0.0
-0.4
-1.0
-1.7
-1.7
-1.5
-1.8
-2.0
-2.0
-2.5
-2.2
-1.7
-1.5
-1.6
-2.1
-1.8
-1.7
-1.9
-1.8
-1.9
-1.8
-1.9
-1.8
-1.6
-1.5
-1.6
-1.4
-1.6
-2.0
-2.2
-2.4
-2.1
-1.9
-1.8
-2.7
-3.1
-1.8
-0.8
-0.6
-1.9
-2.5
-2.0
-1.1
-1.1
-1.7
-1.2
-1.0
-1.6
-1.3
-0.5
-0.7
-1.0
-0.9
-0.6
-0.8
-0.6
-0.9
-1.5
-1.5
-1.3
-0.8
-1.0
-1.2
-1.2
-1.3
-1.1
-1.0
-1.5
-2.0
-2.6
-3.4
-3.2
-2.0
-1.0
-1.0
-1.5
-1.2
-0.9
-0.7
-0.5
-0.5
-0.9
-0.9
-0.5
-0.1
0.0
-0.5
-0.2
0.1
0.4
0.1
-0.6
-0.9
0.0
1.1
0.2
0.0
-0.2
0.0
0.0
-1.3
-1.0
-1.0
0.2
0.1
-0.7
0.0
0.0
1.1
-0.1
-1.5
-1.0
0.4
0.0
-0.4
-0.5
-0.8
-1.3
-0.3
0.4
0.6
0.4
-0.2
0.4
0.2
-0.3
-1.1
0.0
-0.2
-0.6
-0.8
-0.8
-0.6
-0.4
-0.4
-0.5
-0.3
-0.4
-0.4
-0.9
-1.3
-1.5
0.0
0.8
0.2
-0.5
-1.0
-0.5
-0.2
-0.2
-0.7
-0.9
-0.8
-0.2
0.0
-0.2
-0.3
0.0
0.5
1.0
0.4
-0.5
-1.2
-0.8
0.0
0.7
0.7
-0.9
-1.6
-0.1
1.0
0.4
-0.3
-0.6
-0.1
-0.1
-0.2
0.6
0.7
-0.1
-0.8
-1.3
-0.7
0.0
-0.4
-0.6
-0.8
-0.1
0.4
-0.1
-0.9
-1.0
-1.1
-0.4
0.1
0.6
-0.3
-1.0
-0.8
-0.2
-0.4
0.4
1.3
0.2
-1.0
-1.0
0.5
1.4
0.7
0.8
0.3
0.0
0.1
0.0
-0.1
0.2
0.3
0.3
0.0
-1.4
-1.8
-0.6
1.1
1.8
0.0
-1.4
-1.2
0.2
0.5
0.1
0.5
1.5
1.7
0.5
0.3
1.3
1.1
0.7
0.1
-0.4
-1.1
-0.4
0.2
0.0
0.7
0.6
0.5
0.7
0.4
0.5
0.6
0.3
1.2
1.3
0.0
-0.3
0.4
0.7
0.4
0.2
0.0
0.4
1.2
0.9
0.2
0.8
0.7
0.2
0.5
0.3
0.5
1.0
1.4
0.6
1.0
1.0
0.9
1.3
1.6
0.6
0.0
0.3
0.8
1.3
1.7
1.8
2.0
1.8
1.2
0.5
0.9
1.7
0.8
1.3
1.5
1.5
1.1
1.2
1.5
1.6
1.8
2.8
1.3
0.2
0.5
1.0
1.2
0.9
1.1
1.0
1.1
1.1
1.1
0.8
1.1
1.7
1.0
0.8
1.5
1.3
1.1
1.6
2.1
1.9
1.5
1.8
1.7
1.6
1.3
1.0
0.8
1.1
1.4
2.0
1.2
0.2
0.7
1.6
1.9
1.5
1.9
1.9
2.1
2.9
1.9
0.6
0.8
1.6
2.0
1.5
1.3
0.9
1.1
1.7
1.7
1.4
1.2
1.9
1.7
1.2
1.2
1.5
1.5
1.4
1.5
1.9
1.4
1.0
1.3
1.6
2.0
2.0
2.0
2.3
1.5
0.7
1.2
2.4
1.8
1.2
1.3
2.0
1.9
1.5
1.5
1.2
1.0
0.9
1.3
1.4
1.3
1.4
1.2
1.3
1.6
1.8
1.5
1.6
1.7
1.3
1.3
1.8
2.0
1.4
1.2
1.2
1.5
1.7
1.6
1.4
1.8
2.0
1.9
1.8
1.9
1.8
1.9
1.8
2.0
2.2
2.1
2.4
2.5
2.2
1.7
2.0
2.7
2.5
2.1
2.1
2.5
2.3
2.2
2.0
2.0
2.0
1.8
2.0
2.1
2.3
2.2
2.0
1.9
2.0
2.0
1.4
1.3
1.5
2.0
1.5
1.4
1.6
1.7
1.3
1.7
2.1
2.0
1.8
1.5
1.1
1.0
1.6
1.8
1.4
1.7
2.2
1.8
1.4
1.3
1.6
1.6
1.4
1.3
1.2
1.2
0.9
1.0
1.2
1.2
1.0
0.9
0.9
1.1
1.0
1.3
1.6
1.0
0.6
0.3
0.6
0.6
0.1
0.1
0.4
1.0
1.2
0.9
0.4
0.4
0.6
1.0
0.8
0.4
0.3
0.4
0.3
0.2
0.5
0.7
0.7
0.8
0.6
1.5
1.0
0.1
-0.1
0.3
0.9
0.5
0.3
0.5
0.8
1.4
1.7
1.6
1.7
1.6
1.4
1.4
1.4
1.5
1.6
1.2
1.4
1.5
1.2
0.8
0.8
0.6
0.2
0.6
1.1
0.8
0.3
0.4
0.6
0.9
0.7
0.2
0.2
0.8
1.1
0.8
0.6
1.1
1.5
1.5
1.1
1.0
1.4
1.0
0.9
1.4
1.0
0.3
0.6
1.5
1.0
0.3
0.4
0.9
0.6
0.2
0.4
1.1
0.7
0.1
0.0
0.4
0.9
0.8
0.7
0.5
0.6
0.8
0.9
1.0
1.2
1.5
1.4
1.2
0.9
0.8
0.8
0.8
0.8
0.4
0.2
0.8
0.9
0.9
0.6
0.6
0.5
1.0
1.1
0.7
0.3
0.2
0.2
0.1
-0.1
0.0
0.1
0.1
0.4
0.5
0.5
0.5
0.5
0.6
0.5
0.6
0.5
0.5
0.8
0.8
0.3
0.4
0.4
0.1
0.1
0.4
0.5
1.0
1.0
0.9
0.5
0.2
0.1
0.1
0.3
0.0
0.0
0.1
-0.4
-0.4
-0.3
-0.3
-0.2
-0.3
-0.4
0.0
-0.1
0.0
0.6
0.4
0.0
-0.3
-0.3
0.0
-0.3
-0.2
-0.2
-0.2
-0.1
-0.3
0.0
0.0
-0.4
-0.3
-0.1
0.0
0.0
-0.5
-0.9
-0.4
0.0
0.0
0.2
0.1
-0.2
-0.5
-0.4
0.0
0.2
-0.4
-0.5
-0.3
-0.2
-0.1
-0.2
-0.2
-0.2
-0.4
-0.3
-0.3
0.0
0.0
-0.1
-0.4
-0.5
-0.8
-0.7
-0.3
-0.8
-0.9
-0.9
-0.6
-0.6
-0.5
-0.3
-0.2
0.3
0.5
0.0
-0.3
0.0
0.0
0.0
-0.8
-1.1
-0.6
-0.5
-0.9
-0.6
-0.5
-0.3
-0.6
-0.9
-1.1
-1.2
-0.9
-1.2
-1.2
-0.6
-0.5
-0.6
-0.8
-1.2
-1.5
-1.6
-1.2
-0.6
-0.4
-0.9
-1.2
-1.1
-0.7
-0.6
-0.9
-1.1
-1.1
-1.3
-0.8
-0.4
-0.7
-0.9
-1.1
-0.8
-0.4
-0.4
-0.3
-0.8
-0.8
-0.6
-0.3
-0.1
-0.3
-0.6
-0.4
-0.5
-0.2
0.1
-0.3
-0.9
-0.6
-0.4
-0.8
-1.0
-0.5
-0.5
-0.5
-0.3
0.0
-0.2
-0.4
-0.6
-0.6
-0.4
-0.7
-1.6
-1.8
-1.0
-0.6
-0.8
-0.9
-0.6
-0.6
-0.5
-0.2
-0.4
-0.9
-0.9
-1.3
-1.4
-1.2
-1.4
-1.4
-1.2
-0.8
-1.1
-1.9
-1.9
-1.6
-1.6
-1.8
-1.9
-2.0
-2.2
-2.0
-1.9
-1.7
-1.8
-1.7
-1.6
-1.5
-1.5
-1.7
-1.8
-2.0
-1.8
-1.4
-1.3
-1.4
-0.8
-0.5
-0.8
-1.0
-0.8
-0.6
-0.7
-1.0
-0.9
-0.9
-1.2
-1.5
-1.3
-1.1
-1.5
-1.8
-2.3
-2.7
-2.4
-1.9
-1.9
-2.5
-2.4
-1.9
-1.6
-1.9
-2.3
-2.2
-2.0
-2.0
-1.7
-1.6
-2.4
-2.6
-1.9
-1.4
-1.5
-1.4
-1.6
-1.7
-1.6
-1.4
-1.6
-1.3
-1.2
-1.8
-2.5
-2.6
-2.6
-2.4
-2.2
-2.3
-2.4
-2.5
-2.7
-2.4
-2.0
-2.3
-2.7
-2.6
-2.7
-2.3
-1.7
-1.7
-2.3
-2.5
-2.0
-1.8
-1.9
-1.9
-1.8
-1.6
-2.1
-2.3
-1.7
-1.6
-2.3
-2.9
-2.7
-2.5
-2.2
-2.2
-2.4
-2.3
-2.0
-2.0
-1.9
-2.3
-2.5
-2.3
-2.1
-2.1
-2.2
-2.5
-2.2
-1.9
-2.2
-2.4
-2.4
-2.0
-1.9
-2.3
-2.2
-2.4
-2.4
-2.2
-2.4
-2.7
-3.1
-3.1
-3.0
-2.7
-2.8
-3.0
-2.7
-2.7
-2.7
-2.5
-2.5
-2.8
-2.9
-2.4
-2.1
-2.6
-3.0
-3.0
-2.7
-2.4
-2.5
-2.7
-2.9
-2.7
-2.4
-2.7
-2.9
-2.4
-2.4
-2.9
-2.9
-2.6
-2.4
-2.2
-2.0
-2.3
-2.5
-2.6
-2.1
-2.3
-2.4
-1.9
-1.9
-2.4
-2.9
-2.5
-2.6
-2.5
-2.4
-3.0
-3.7
-3.3
-2.3
-2.2
-2.7
-2.9
-3.3
-3.4
-3.4
-3.4
-3.0
-2.3
-2.0
-2.4
-2.4
-2.1
-1.8
-1.8
-1.6
-1.3
-1.8
-2.4
-2.4
-1.6
-1.1
-1.2
-1.9
-2.6
-2.8
-2.5
-2.4
-2.7
-2.9
-3.0
-3.0
-3.0
-3.2
-3.0
-2.9
-2.9
-3.2
-3.4
-3.2
-3.2
-3.4
-3.3
-3.3
-3.0
-2.3
-2.3
-2.3
-1.9
-1.5
-1.9
-2.2
-1.9
-1.8
-2.0
-1.9
-1.7
-1.9
-2.0
-2.2
-2.5
-2.8
-3.0
-3.0
-2.9
-2.9
-3.4
-4.0
-4.1
-3.8
-3.6
-3.9
-4.0
-3.7
-3.8
-3.9
-3.6
-3.4
-3.7
-3.8
-3.4
-3.5
-3.7
-3.3
-2.8
-2.3
-2.0
-2.4
-3.0
-3.0
-2.5
-2.6
-2.4
-1.6
-1.6
-2.3
-2.3
-1.7
-1.7
-2.0
-2.2
-2.1
-2.0
-2.1
-2.4
-2.3
-2.1
-2.4
-2.9
-2.7
-2.5
-2.6
-2.9
-3.0
-3.0
-2.7
-2.7
-2.8
-3.1
-3.2
-3.0
-2.7
-2.2
-1.8
-2.3
-3.1
-3.0
-2.4
-2.3
-2.7
-2.8
-3.3
-2.9
-2.3
-2.8
-3.2
-3.1
-2.7
-3.0
-3.1
-2.5
-2.5
-2.7
-2.5
-2.5
-2.4
-2.2
-2.5
-2.8
-2.8
-2.7
-3.0
-3.1
-2.7
-2.3
-2.4
-2.7
-2.5
-2.3
-1.9
-1.8
-2.0
-2.0
-2.6
-2.6
-2.3
-2.4
-2.4
-2.9
-3.4
-3.3
-3.1
-3.4
-3.5
-3.1
-3.0
-3.3
-3.3
-2.8
-2.9
-2.8
-2.7
-2.7
-2.9
-3.0
-3.1
-2.6
-2.7
-3.3
-3.5
-3.2
-3.1
-3.3
-3.1
-2.8
-2.8
-2.8
-2.7
-2.9
-2.9
-3.0
-2.8
-2.5
-2.9
-3.2
-3.1
-2.9
-2.7
-2.4
-2.5
-2.5
-2.7
-2.7
-2.5
-2.0
-1.9
-2.1
-2.4
-2.7
-2.4
-2.5
-2.5
-2.6
-3.0
-3.1
-2.9
-2.9
-3.1
-3.0
-3.0
-3.0
-3.0
-3.0
-3.3
-3.0
-2.8
-2.9
-3.2
-3.1
-2.8
-2.9
-2.9
-2.7
-2.3
-2.3
-2.6
-2.9
-3.0
-3.2
-3.2
-3.3
-3.0
-3.1
-3.4
-3.0
-2.6
-2.9
-3.1
-2.9
-2.6
-2.5
-3.0
-2.8
-2.4
-2.3
-2.3
-2.4
-2.4
-2.5
-2.5
-2.2
-1.9
-1.9
-2.1
-1.9
-1.6
-2.2
-2.3
-2.4
-2.5
-2.0
-2.2
-2.7
-3.2
-3.0
-2.5
-2.5
-2.8
-3.2
-3.5
-3.0
-2.8
-3.0
-3.4
-3.2
-2.7
-2.7
-3.1
-3.2
-2.9
-2.5
-2.3
-2.3
-2.6
-2.7
-2.3
-2.4
-2.5
-2.4
-2.0
-2.1
-2.5
-2.6
-2.5
-2.8
-2.7
-2.4
-2.6
-2.9
-2.9
-2.8
-2.7
-2.8
-3.4
-3.4
-3.4
-3.2
-3.0
-3.3
-3.7
-3.8
-3.5
-2.9
-3.0
-3.7
-3.9
-3.8
-2.9
-2.8
-3.4
-3.8
-3.5
-2.4
-2.2
-2.8
-3.1
-2.7
-2.5
-2.5
-2.5
-2.6
-2.6
-2.5
-2.3
-1.8
-1.9
-1.9
-2.7
-3.0
-3.1
-3.1
-3.2
-3.2
-3.5
-3.5
-3.5
-3.6
-3.8
-3.8
-3.9
-4.1
-4.0
-3.5
-3.6
-3.7
-3.5
-3.5
-3.9
-3.8
-3.6
-3.6
-3.9
-4.0
-4.1
-3.9
-3.3
-3.4
-3.4
-3.4
-3.2
-2.9
-2.7
-3.1
-3.7
-3.7
-3.4
-3.5
-3.6
-3.5
-3.5
-3.6
-3.5
-3.0
-2.7
-2.5
-2.9
-3.5
-3.1
-2.5
-1.7
-2.0
-2.8
-3.0
-3.0
-3.1
-3.1
-2.9
-2.7
-2.9
-3.1
-2.9
-2.5
-2.3
-2.7
-3.0
-2.5
-2.2
-2.6
-2.9
-2.6
-2.7
-2.9
-3.2
-3.4
-3.1
-3.3
-3.6
-3.4
-3.1
-3.1
-3.7
-3.7
-3.2
-3.2
-3.4
-3.5
-3.2
-2.8
-3.1
-3.0
-2.9
-2.7
-2.6
-2.7
-2.7
-3.0
-3.2
-3.2
-3.1
-3.2
-3.1
-2.9
-2.7
-3.2
-3.6
-3.4
-3.3
-3.5
-4.1
-3.7
-3.3
-3.5
-3.6
-3.4
-3.5
-3.4
-3.3
-3.1
-3.2
-3.5
-3.1
-2.8
-2.9
-3.5
-3.3
-3.1
-3.2
-3.4
-3.4
-3.6
-3.6
-3.4
-3.1
-3.3
-3.4
-3.5
-3.7
-3.6
-3.5
-3.1
-3.1
-2.8
-2.9
-3.4
-3.5
-3.2
-3.3
-3.7
-3.7
-3.4
-3.5
-3.9
-3.7
-3.7
-3.7
-3.7
-3.6
-3.2
-3.0
-3.2
-3.2
-3.5
-3.5
-3.2
-3.4
-3.9
-4.4
-4.7
-4.1
-3.7
-3.5
-3.0
-3.2
-3.3
-3.2
-3.1
-3.3
-3.3
-3.1
-2.9
-3.5
-3.6
-3.2
-2.9
-2.6
-2.8
-3.2
-3.2
-3.1
-2.8
-2.6
-2.7
-2.8
-3.0
-3.1
-2.9
-2.6
-2.5
-2.4
-3.1
-3.5
-3.4
-3.1
-3.3
-3.2
-3.4
-3.7
-3.6
-3.4
-3.2
-3.5
-3.5
-3.6
-3.6
-3.6
-3.6
-3.9
-3.2
-2.4
-2.5
-3.1
-3.2
-2.8
-2.9
-3.0
-3.3
-3.1
-2.9
-2.6
-2.8
-3.0
-2.9
-2.9
-2.9
-2.9
-3.7
-4.0
-3.4
-3.4
-3.8
-3.7
-3.2
-3.1
-2.7
-3.0
-3.7
-3.7
-3.1
-3.2
-3.9
-4.1
-4.1
-3.9
-3.5
-3.5
-3.4
-3.1
-3.0
-3.0
-2.9
-3.2
-3.4
-3.5
-3.1
-2.7
-2.7
-3.1
-3.1
-2.5
-2.2
-3.1
-3.6
-3.5
-3.1
-3.5
-3.7
-3.8
-3.7
-3.4
-3.5
-3.7
-3.6
-3.4
-3.0
-3.5
-4.0
-4.2
-3.8
-3.7
-3.7
-3.7
-3.6
-3.5
-3.2
-2.9
-2.5
-2.7
-3.1
-2.9
-2.7
-2.9
-3.0
-3.0
-2.8
-2.7
-3.0
-3.2
-2.7
-2.9
-3.5
-3.8
-3.4
-3.5
-3.8
-3.6
-3.9
-4.1
-3.7
-3.4
-3.3
-3.4
-3.6
-3.8
-3.4
-3.2
-3.2
-3.2
-3.4
-3.3
-3.2
-3.4
-3.7
-3.5
-2.7
-3.1
-3.7
-3.4
-3.2
-3.5
-3.5
-3.2
-3.1
-3.0
-3.1
-3.1
-2.9
-3.0
-3.5
-3.4
-3.4
-3.7
-3.9
-3.7
-3.7
-3.9
-3.8
-3.7
-3.1
-3.3
-3.8
-4.0
-3.8
-3.4
-3.4
-3.6
-3.8
-3.8
-4.0
-3.7
-3.4
-3.4
-3.6
-3.8
-3.6
-3.9
-3.8
-3.5
-3.5
-3.8
-4.1
-3.6
-3.1
-3.3
-3.5
-3.3
-3.2
-3.6
-3.8
-4.2
-3.9
-3.4
-4.0
-4.4
-4.4
-4.1
-3.5
-3.3
-3.1
-3.2
-3.3
-3.2
-3.0
-2.8
-3.0
-3.4
-3.4
-3.4
-3.5
-3.1
-2.7
-3.0
-3.4
-3.5
-3.5
-3.1
-3.0
-2.8
-3.1
-3.5
-2.9
-2.6
-3.1
-3.2
-3.0
-3.0
-3.5
-3.9
-3.3
-2.9
-2.8
-3.2
-3.5
-3.2
-3.3
-3.6
-3.9
-3.5
-3.6
-3.7
-3.5
-3.5
-3.7
-3.7
-3.3
-3.3
-3.7
-3.7
-3.5
-3.6
-3.6
-3.5
-3.4
-3.5
-3.6
-3.3
-3.2
-3.0
-2.7
-2.7
-3.2
-3.7
-3.5
-3.5
-3.4
-3.8
-4.1
-3.8
-3.9
-3.7
-3.7
-3.3
-3.0
-3.1
-3.6
-3.7
-3.0
-2.6
-3.2
-3.5
-3.0
-3.1
-3.1
-3.2
-3.4
-3.6
-3.6
-2.9
-2.8
-2.6
-2.6
-3.2
-3.2
-2.9
-2.9
-3.7
-4.2
-3.8
-3.7
-4.0
-4.2
-3.7
-3.1
-3.2
-3.5
-3.8
-3.8
-3.5
-3.2
-3.5
-3.8
-3.8
-4.1
-3.8
-3.2
-3.0
-3.3
-3.6
-3.4
-3.4
-3.8
-4.2
-4.3
-4.2
-3.9
-4.0
-3.9
-3.6
-3.0
-2.9
-3.2
-3.1
-2.8
-3.2
-3.6
-3.4
-3.0
-2.7
-3.1
-2.9
-2.8
-3.1
-3.3
-3.1
-2.8
-2.9
-3.2
-3.2
-3.0
-2.8
-2.9
-2.9
-2.9
-2.7
-3.1
-3.2
-3.0
-2.9
-2.7
-2.9
-3.3
-3.9
-3.6
-3.4
-3.4
-3.8
-3.5
-3.8
-4.1
-3.8
-3.5
-3.4
-3.5
-3.6
-3.8
-3.9
-3.7
-3.5
-3.0
-3.2
-3.5
-3.6
-3.5
-3.4
-3.5
-4.1
-4.1
-3.5
-2.8
-2.5
-2.6
-2.9
-2.9
-2.8
-2.8
-3.2
-3.1
-3.5
-3.7
-3.8
-3.8
-3.2
-2.7
-3.1
-3.5
-3.6
-3.7
-3.7
-3.4
-3.2
-2.9
-2.7
-3.0
-3.6
-4.0
-3.8
-3.3
-3.2
-2.7
-3.0
-3.1
-3.0
-2.2
-2.0
-2.4
-2.7
-2.8
-2.7
-3.0
-3.2
-3.4
-3.4
-3.5
-3.2
-3.0
-3.0
-3.5
-3.2
-3.2
-3.3
-3.3
-3.2
-3.4
-3.4
-3.4
-3.2
-3.1
-3.3
-2.7
-2.1
-2.2
-2.7
-3.3
-3.5
-3.7
-2.9
-2.7
-3.2
-3.7
-3.3
-3.3
-3.4
-3.0
-3.0
-3.7
-3.7
-3.6
-3.5
-3.3
-3.3
-3.1
-2.8
-2.9
-3.7
-4.0
-3.6
-3.3
-3.7
-3.7
-3.8
-3.8
-3.7
-3.4
-3.6
-3.6
-3.6
-3.3
-3.4
-3.9
-4.2
-4.0
-3.8
-3.1
-2.9
-3.4
-3.9
-3.9
-3.4
-3.1
-3.0
-3.3
-3.4
-3.6
-3.8
-3.7
-3.5
-3.2
-3.7
-3.8
-3.6
-3.6
-4.0
-4.3
-3.9
-3.6
-4.0
-4.2
-4.0
-3.7
-3.7
-3.8
-4.0
-3.9
-3.7
-3.7
-3.8
-3.7
-3.8
-3.9
-3.5
-3.5
-3.8
-4.1
-3.7
-3.3
-3.7
-3.8
-3.7
-3.7
-3.2
-3.4
-4.0
-3.8
-3.7
-3.6
-3.7
-3.7
-3.4
-3.7
-3.8
-3.6
-3.5
-3.3
-3.5
-3.7
-3.7
-3.7
-4.0
-4.3
-4.1
-3.7
-3.9
-4.1
-4.3
-3.8
-3.5
-3.2
-3.3
-3.6
-3.6
-3.7
-3.5
-3.2
-3.5
-3.5
-3.4
-3.4
-3.9
-3.8
-3.9
-3.7
-3.7
-3.9
-3.5
-3.5
-3.8
-3.7
-3.1
-3.0
-3.2
-3.5
-3.6
-3.3
-3.0
-2.7
-2.6
-3.4
-3.3
-3.0
-2.7
-3.4
-4.1
-3.7
-3.7
-3.9
-3.7
-3.6
-3.6
-3.9
-3.7
-3.3
-3.2
-3.7
-4.0
-4.1
-3.7
-3.5
-3.0
-3.1
-3.4
-3.3
-3.3
-3.4
-3.5
-3.2
-3.6
-3.8
-3.6
-3.7
-3.9
-3.8
-3.8
-3.6
-3.2
-3.6
-4.0
-3.7
-3.0
-3.2
-3.5
-3.6
-3.8
-3.5
-3.3
-3.9
-4.3
-3.9
-3.1
-3.5
-3.9
-4.0
-3.5
-3.1
-3.0
-3.5
-3.1
-3.0
-3.1
-3.4
-3.7
-3.7
-3.4
-3.5
-3.6
-3.5
-3.2
-3.3
-3.4
-3.0
-3.1
-3.3
-3.1
-3.1
-3.4
-3.5
-3.4
-2.7
-2.8
-3.3
-3.4
-2.9
-2.7
-3.2
-3.5
-3.2
-3.3
-3.8
-4.2
-4.3
-4.0
-4.0
-3.8
-4.0
-4.5
-4.5
-4.1
-3.7
-3.6
-3.7
-4.1
-4.2
-3.7
-3.6
-4.3
-4.4
-3.7
-2.7
-3.0
-3.7
-3.9
-3.5
-2.6
-2.5
-3.1
-3.6
-3.4
-3.4
-3.5
-3.5
-3.2
-3.2
-3.7
-4.1
-4.0
-3.3
-3.2
-3.3
-3.5
-3.7
-3.7
-3.8
-3.8
-3.7
-3.2
-2.9
-3.1
-3.4
-3.5
-3.1
-2.6
-3.1
-3.4
-3.4
-3.4
-3.3
-2.8
-2.6
-2.8
-2.9
-2.9
-2.8
-2.5
-2.3
-2.5
-2.8
-3.0
-2.9
-2.8
-2.9
-3.2
-3.3
-3.3
-3.5
-3.5
-3.5
-3.7
-3.9
-3.9
-3.9
-4.0
-4.2
-4.0
-3.7
-3.9
-4.2
-4.2
-3.8
-3.8
-4.1
-4.0
-3.8
-3.9
-4.2
-4.6
-4.3
-4.3
-4.6
-4.6
-4.4
-4.3
-3.9
-3.7
-3.9
-3.7
-3.5
-3.6
-3.7
-3.9
-4.2
-4.4
-4.2
-4.1
-3.6
-3.6
-3.8
-3.5
-3.3
-3.6
-3.9
-3.6
-3.5
-3.9
-4.2
-4.0
-3.9
-3.6
-3.6
-3.1
-2.8
-3.1
-3.1
-3.1
-3.1
-2.8
-2.9
-3.4
-3.2
-3.1
-3.3
-3.2
-3.1
-3.4
-3.5
-3.3
-3.0
-3.3
-3.7
-3.5
-3.5
-3.4
-3.4
-3.0
-2.7
-3.2
-3.9
-3.7
-3.0
-3.0
-3.9
-4.1
-3.8
-3.8
-3.7
-3.6
-3.4
-3.9
-4.3
-4.2
-4.0
-3.9
-3.9
-3.9
-3.8
-4.1
-4.4
-4.2
-3.9
-3.5
-3.5
-3.8
-3.7
-3.9
-3.8
-3.7
-3.3
-3.2
-3.4
-3.7
-3.8
-3.0
-3.1
-3.6
-3.5
-3.4
-3.6
-3.9
-3.7
-3.8
-3.9
-3.7
-3.7
-3.5
-3.6
-4.0
-4.1
-3.7
-3.6
-3.6
-3.7
-3.6
-3.3
-3.5
-4.0
-4.3
-3.9
-3.7
-3.6
-3.8
-4.3
-4.0
-3.7
-4.0
-4.6
-4.3
-4.1
-4.3
-4.7
-4.6
-4.0
-3.0
-2.6
-2.9
-3.7
-3.8
-4.0
-3.8
-3.6
-3.7
-4.3
-4.0
-3.4
-3.7
-3.9
-3.5
-3.7
-4.1
-4.0
-4.5
-5.1
-5.0
-4.3
-3.9
-4.1
-4.4
-4.3
-4.4
-4.3
-4.3
-4.0
-4.0
-3.7
-3.7
-4.0
-4.2
-4.2
-3.1
-3.0
-3.7
-4.4
-4.0
-3.8
-4.2
-4.4
-4.0
-3.7
-3.8
-4.3
-4.2
-3.9
-3.7
-3.8
-3.8
-3.8
-4.4
-4.2
-4.1
-4.5
-4.8
-4.8
-4.5
-4.2
-4.3
-4.4
-4.2
-3.6
-3.5
-3.8
-4.3
-4.6
-4.5
-4.0
-4.1
-4.5
-4.6
-4.4
-4.3
-3.8
-3.9
-4.4
-4.6
-4.5
-4.3
-4.3
-4.2
-4.0
-3.9
-4.3
-4.3
-4.1
-3.8
-3.9
-3.9
-4.1
-3.9
-3.8
-4.2
-4.2
-4.5
-4.3
-4.2
-3.9
-4.1
-4.4
-4.4
-4.1
-4.1
-4.3
-4.4
-4.1
-4.0
-3.9
-3.7
-3.5
-3.2
-3.3
-3.6
-3.7
-3.7
-3.7
-3.8
-4.4
-4.4
-4.1
-3.9
-4.1
-4.1
-3.9
-4.1
-4.3
-3.9
-3.9
-4.0
-4.2
-4.4
-4.1
-3.4
-3.4
-3.6
-3.8
-4.0
-4.2
-4.5
-4.4
-4.1
-3.8
-4.3
-5.1
-4.9
-4.3
-4.1
-4.6
-4.9
-4.9
-4.6
-4.5
-4.3
-4.3
-4.3
-4.4
-4.5
-4.3
-4.3
-4.4
-4.5
-4.4
-4.5
-4.3
-4.1
-4.3
-4.4
-4.1
-4.2
-4.4
-4.2
-3.9
-3.8
-3.8
-3.9
-4.3
-4.4
-4.1
-3.7
-3.7
-3.6
-4.0
-4.4
-4.7
-4.2
-3.7
-3.5
-3.5
-3.8
-4.1
-4.0
-3.5
-3.7
-4.3
-4.2
-3.9
-3.7
-3.8
-4.3
-4.6
-4.3
-3.8
-3.9
-4.4
-4.4
-4.3
-4.1
-3.9
-3.8
-3.5
-3.6
-3.5
-3.6
-3.8
-3.9
-3.6
-3.6
-4.1
-4.4
-4.2
-4.1
-4.5
-4.4
-4.2
-4.0
-3.7
-3.6
-3.6
-3.9
-3.6
-3.7
-4.1
-3.6
-3.4
-3.5
-3.7
-3.7
-3.8
-3.6
-3.1
-3.6
-3.9
-3.7
-3.5
-3.4
-3.7
-3.8
-3.8
-3.5
-3.2
-3.4
-3.3
-3.4
-3.5
-3.4
-3.4
-3.1
-3.0
-3.1
-3.3
-3.2
-3.1
-3.3
-3.1
-3.0
-3.5
-3.9
-3.9
-3.7
-3.7
-3.9
-3.7
-3.3
-3.5
-3.9
-4.2
-4.1
-3.9
-3.8
-3.4
-3.2
-3.7
-4.0
-3.9
-3.8
-3.9
-4.1
-3.9
-3.3
-3.6
-4.0
-4.0
-3.2
-3.0
-3.5
-4.0
-4.2
-4.1
-4.0
-3.7
-3.9
-4.0
-3.3
-3.7
-4.0
-4.1
-4.0
-3.7
-3.8
-4.1
-4.2
-3.8
-3.4
-3.7
-3.9
-3.8
-3.6
-3.1
-2.6
-3.2
-3.5
-3.2
-3.0
-3.1
-3.0
-3.1
-3.3
-3.4
-3.4
-3.8
-4.0
-3.5
-3.3
-3.7
-3.9
-4.0
-3.8
-3.5
-3.7
-3.5
-3.5
-3.8
-4.1
-3.9
-3.5
-3.3
-3.6
-3.8
-3.6
-3.5
-3.4
-3.4
-3.2
-2.8
-2.9
-3.0
-3.4
-3.5
-3.4
-3.2
-3.5
-4.2
-3.9
-3.5
-3.6
-3.7
-3.3
-3.0
-3.8
-4.3
-3.9
-3.4
-3.3
-3.3
-3.3
-3.3
-3.4
-3.1
-3.1
-3.2
-3.4
-3.5
-3.6
-3.6
-3.7
-3.8
-3.8
-3.5
-3.5
-4.0
-4.3
-4.2
-3.7
-3.6
-3.7
-3.6
-3.7
-4.0
-4.2
-4.0
-3.4
-3.3
-3.6
-3.5
-3.1
-2.7
-2.6
-3.0
-3.4
-3.1
-2.7
-3.1
-3.4
-3.5
-3.4
-3.6
-3.8
-3.8
-4.0
-3.9
-3.9
-3.7
-3.4
-3.2
-3.5
-3.6
-3.3
-3.4
-4.0
-4.3
-4.0
-3.7
-3.4
-3.6
-4.0
-4.1
-4.1
-4.0
-3.6
-3.4
-3.9
-4.3
-4.0
-4.2
-3.8
-3.5
-3.7
-4.4
-4.2
-3.2
-3.0
-2.8
-2.6
-2.8
-2.7
-2.4
-2.0
-2.0
-2.3
-2.6
-2.5
-2.4
-2.5
-2.7
-2.9
-2.6
-2.7
-2.8
-3.0
-3.1
-3.0
-3.0
-3.3
-3.5
-3.5
-3.5
-3.4
-3.7
-3.9
-3.9
-3.6
-3.8
-4.0
-4.1
-3.4
-3.2
-3.5
-3.5
-3.5
-3.5
-3.5
-3.5
-3.2
-3.6
-3.6
-3.6
-3.7
-3.6
-3.5
-3.4
-2.7
-2.5
-2.9
-2.8
-3.0
-3.5
-3.4
-3.1
-3.0
-3.4
-3.5
-3.0
-2.9
-3.1
-3.6
-4.1
-4.3
-4.6
-4.6
-4.3
-4.1
-4.0
-3.8
-4.0
-3.9
-4.0
-4.2
-3.7
-4.0
-4.5
-4.4
-4.0
-3.6
-3.8
-3.7
-4.1
-4.3
-4.3
-3.9
-3.6
-3.3
-3.4
-3.9
-4.0
-3.3
-2.9
-3.1
-3.0
-2.5
-2.3
-2.4
-2.5
-2.9
-2.9
-2.7
-2.9
-3.1
-3.1
-3.2
-3.4
-3.8
-3.7
-3.7
-4.1
-4.7
-4.7
-4.4
-4.8
-5.0
-5.1
-5.4
-5.3
-5.0
-4.7
-4.6
-4.3
-4.4
-4.0
-3.4
-3.8
-3.9
-3.8
-3.8
-3.8
-3.8
-3.9
-3.8
-3.8
-3.7
-3.8
-3.7
-3.6
-4.0
-4.0
-3.7
-3.7
-3.7
-3.8
-3.5
-3.4
-3.6
-3.8
-3.7
-3.4
-3.0
-3.4
-3.4
-3.0
-2.7
-2.8
-3.5
-3.6
-3.2
-3.1
-3.1
-3.5
-3.5
-3.9
-4.0
-3.4
-3.1
-3.6
-4.2
-4.2
-3.8
-3.5
-3.4
-3.4
-3.4
-3.2
-3.5
-3.7
-3.2
-2.8
-2.7
-3.2
-3.6
-3.6
-3.2
-2.6
-2.7
-3.0
-3.3
-3.4
-3.0
-2.7
-3.0
-3.3
-3.7
-3.9
-3.8
-3.6
-3.5
-3.8
-4.3
-4.3
-3.4
-2.4
-2.5
-3.0
-3.1
-3.3
-3.5
-3.2
-3.0
-3.1
-3.2
-3.9
-3.8
-3.2
-2.6
-3.0
-3.5
-4.2
-4.2
-3.7
-3.1
-3.2
-3.1
-2.7
-2.5
-2.6
-3.4
-3.0
-2.8
-3.0
-3.0
-2.8
-2.5
-2.7
-2.3
-2.1
-2.4
-2.5
-2.8
-2.8
-2.5
-2.4
-2.4
-2.4
-2.5
-2.6
-2.3
-2.4
-2.7
-2.2
-2.0
-2.5
-3.0
-2.5
-2.5
-3.1
-3.3
-3.1
-3.1
-2.7
-2.9
-3.3
-2.9
-2.5
-2.4
-3.0
-3.3
-3.4
-3.1
-2.7
-2.9
-2.7
-2.3
-2.7
-3.0
-2.6
-2.0
-1.6
-1.8
-1.8
-1.9
-1.7
-1.6
-1.8
-2.0
-2.1
-2.3
-2.3
-2.7
-2.8
-2.7
-2.7
-3.2
-3.0
-3.3
-3.5
-3.5
-3.4
-3.2
-3.4
-3.3
-3.0
-2.9
-3.5
-3.8
-3.3
-2.9
-2.7
-2.5
-2.9
-3.0
-2.2
-1.4
-2.0
-2.5
-2.5
-1.9
-1.5
-1.3
-1.6
-1.6
-1.4
-1.5
-1.6
-1.7
-1.2
-0.7
-0.9
-1.9
-2.4
-1.5
-1.3
-1.9
-2.5
-2.5
-2.1
-2.2
-2.0
-2.1
-2.1
-2.0
-1.6
-1.6
-1.6
-1.8
-1.8
-1.9
-1.7
-1.3
-1.3
-1.9
-1.8
-1.6
-1.7
-1.5
-1.5
-1.5
-1.6
-1.9
-2.3
-2.6
-2.3
-2.2
-2.4
-2.5
-1.9
-1.6
-1.8
-2.1
-1.9
-2.0
-2.3
-2.2
-2.1
-2.6
-2.7
-2.5
-2.4
-1.9
-1.9
-2.0
-1.8
-1.7
-1.9
-1.8
-1.2
-1.0
-1.3
-1.3
-1.4
-1.0
-1.0
-1.3
-1.1
-0.2
-0.2
-0.8
-0.8
-0.4
-0.2
-0.6
-0.9
-0.6
-1.0
-1.7
-1.9
-1.4
-1.0
-1.4
-1.5
-1.5
-1.4
-1.3
-1.2
-1.2
-1.1
-0.8
-0.8
-0.8
-0.4
-0.2
-0.5
-0.7
-0.8
-0.9
-0.7
0.1
0.1
-0.3
-0.6
-1.0
-0.8
-0.2
0.0
0.0
-0.1
-0.1
0.0
0.3
0.0
-0.3
-0.4
-0.5
-0.4
-0.3
-0.5
-0.5
-0.4
-0.1
-0.1
-0.3
-0.4
-0.6
-0.8
-0.3
0.0
0.2
0.7
1.2
1.2
0.5
0.6
0.8
0.8
1.0
1.0
0.8
0.6
0.2
0.4
1.0
1.5
0.9
0.2
0.2
0.5
0.8
1.1
0.9
0.8
1.1
1.3
1.3
1.6
1.9
2.0
1.8
1.8
2.0
2.2
2.3
2.2
1.9
1.4
1.3
2.0
3.1
3.0
2.3
2.2
2.7
3.4
3.6
3.0
2.2
2.3
3.0
3.2
2.9
2.2
2.7
2.9
2.8
2.5
2.8
3.1
2.9
2.9
2.9
2.9
3.0
3.4
3.2
2.8
2.9
3.6
4.0
4.3
4.1
3.8
4.1
4.3
4.2
3.9
3.6
3.6
3.6
3.9
3.6
3.4
3.7
4.0
3.6
3.4
3.4
3.3
3.2
2.7
2.9
3.0
2.7
2.9
3.2
3.4
3.5
3.6
4.0
3.9
4.1
4.2
4.0
3.8
3.9
3.9
3.3
3.2
4.0
4.4
4.3
4.0
3.9
4.0
4.4
4.5
4.1
3.9
3.9
4.0
4.0
3.9
4.4
4.2
3.4
3.1
2.7
2.3
2.0
2.1
2.7
3.0
2.7
2.3
2.1
2.5
1.9
1.8
2.1
1.8
1.6
1.6
1.9
2.5
2.9
3.1
3.2
3.3
3.3
3.4
3.2
3.2
3.0
3.0
3.0
2.6
2.6
2.5
2.9
3.1
3.4
3.7
3.3
3.2
3.5
3.1
3.2
3.2
3.0
2.8
2.7
2.7
3.1
3.6
3.6
3.3
3.3
3.3
3.2
3.3
3.2
3.1
2.5
2.5
2.6
2.6
2.4
2.2
2.1
2.4
2.2
1.8
1.8
2.2
2.2
1.9
2.0
2.6
2.7
3.1
3.1
3.0
3.1
3.3
3.3
3.8
4.3
3.8
3.3
3.1
3.3
3.6
3.3
3.6
3.3
2.8
3.0
2.9
2.7
3.1
3.2
3.1
2.7
2.5
2.7
3.0
3.8
3.8
3.3
3.0
2.7
2.8
3.1
3.0
2.6
2.1
2.3
2.9
3.1
3.1
2.8
3.0
3.2
3.3
3.1
3.5
3.4
2.8
2.7
3.5
3.7
3.4
3.2
3.5
3.6
3.4
3.1
2.5
2.5
2.8
3.1
3.3
3.3
3.4
3.2
2.9
3.2
3.5
3.5
3.0
2.8
2.9
3.2
3.4
3.4
3.1
3.0
3.1
3.3
3.2
2.9
2.9
3.0
3.3
3.6
3.2
3.1
3.6
3.1
3.0
2.9
2.9
3.1
3.0
3.0
2.9
3.0
3.2
3.2
2.9
3.0
2.7
2.4
2.3
2.6
2.9
3.0
3.3
3.3
3.5
3.4
3.2
3.8
3.7
3.3
2.8
3.1
3.2
3.1
3.4
3.4
3.2
3.1
3.2
3.1
3.1
3.1
3.1
3.3
2.4
2.0
2.4
2.6
3.0
3.1
2.9
2.6
2.6
2.7
2.6
2.3
2.1
2.0
2.0
2.3
2.6
2.6
2.5
2.5
2.4
2.7
2.5
2.5
2.9
3.0
3.2
3.5
3.2
3.0
3.1
3.2
3.2
3.3
3.1
2.7
3.1
3.4
3.1
2.9
3.0
3.0
3.0
3.0
2.5
3.0
3.4
3.4
3.4
3.2
2.9
2.7
2.9
2.9
2.7
2.5
2.5
2.8
2.9
2.8
2.6
2.0
2.1
2.6
2.8
2.7
2.6
2.6
2.7
3.0
3.2
3.6
3.4
3.0
2.8
3.0
2.8
2.6
2.7
2.8
2.8
2.6
2.2
2.0
2.8
3.4
2.8
2.3
2.2
2.3
2.4
2.4
2.3
2.0
1.9
2.0
1.9
2.1
2.2
2.2
1.7
1.7
2.0
2.1
2.3
2.4
2.7
2.6
2.6
2.6
2.4
2.6
2.6
2.5
2.5
2.5
2.5
2.4
2.3
2.5
2.4
2.2
2.3
2.5
2.4
2.5
2.8
2.7
2.4
2.7
2.8
2.1
1.7
2.2
2.7
2.6
2.0
1.7
2.0
2.1
2.2
1.9
1.8
1.8
1.8
2.0
2.0
2.6
2.9
2.7
2.2
2.3
2.5
2.7
2.8
2.7
2.3
2.5
2.5
2.7
2.6
2.5
2.4
1.8
1.6
1.8
1.9
2.0
1.9
1.5
1.5
1.7
2.5
2.2
1.7
2.0
2.5
2.6
2.6
2.6
2.2
2.3
2.4
2.3
2.3
3.0
2.9
2.3
2.2
2.2
2.4
2.6
2.6
2.3
1.8
1.8
1.9
2.2
2.4
2.5
2.2
2.1
2.0
2.2
2.2
2.5
2.1
1.8
1.5
1.8
1.9
1.9
1.8
2.1
2.2
1.8
1.6
2.3
2.2
1.4
1.6
1.4
1.6
1.8
1.9
1.8
1.9
2.1
1.9
1.6
1.6
2.0
2.0
2.0
1.9
1.6
1.7
1.8
2.0
2.0
1.8
1.8
2.2
2.2
2.0
2.2
2.0
1.7
1.4
1.8
2.1
1.5
1.2
1.6
1.9
1.8
1.8
1.8
1.9
1.3
1.0
1.4
2.0
2.5
2.3
2.0
1.9
1.9
1.9
1.8
1.5
1.9
2.0
1.6
1.2
0.8
0.9
1.3
1.9
1.9
1.2
0.6
0.9
1.8
2.0
1.4
1.2
1.8
2.2
2.0
1.8
2.2
2.7
2.4
2.0
2.1
2.3
2.2
1.9
2.1
2.4
2.7
2.4
2.0
1.9
1.9
2.0
1.8
1.8
2.5
2.3
1.8
1.5
1.3
1.1
1.1
1.3
1.5
1.8
1.5
1.2
1.5
1.4
1.0
1.0
1.3
1.3
1.0
1.3
1.3
1.2
1.2
1.0
0.8
0.8
0.9
1.1
1.0
0.9
0.9
1.1
1.1
0.9
1.0
1.1
1.2
1.7
2.0
2.0
1.9
1.2
0.8
0.6
1.1
1.3
1.2
1.7
1.9
1.2
1.0
1.6
1.4
1.0
0.6
0.5
0.3
0.4
0.5
0.7
0.7
1.0
0.7
0.5
0.7
1.2
1.3
1.1
1.0
1.3
1.5
1.3
1.2
1.0
1.2
1.2
1.4
1.4
0.8
0.4
0.4
0.7
0.9
0.9
0.7
1.3
1.3
0.5
0.0
0.5
1.0
0.8
0.6
0.3
0.4
0.7
1.0
1.0
1.0
1.0
1.1
1.0
0.8
0.5
0.5
0.8
0.8
0.5
0.2
0.3
0.5
0.7
0.5
0.6
0.1
0.5
0.7
0.5
0.3
0.3
0.4
0.4
0.3
0.5
0.5
0.6
0.7
0.3
0.1
0.1
0.2
0.3
0.3
0.2
0.7
0.7
0.6
0.7
0.9
0.7
0.5
0.5
0.5
0.5
0.6
0.3
0.7
1.3
1.1
0.9
1.0
0.5
0.8
1.3
1.1
0.5
0.6
1.2
0.8
0.6
1.2
1.0
1.0
1.2
1.4
1.4
1.3
1.2
1.0
0.8
0.8
1.1
1.3
1.5
1.1
0.8
0.8
0.9
0.6
0.6
0.8
0.9
1.5
1.9
1.7
1.3
1.3
1.3
1.2
1.2
1.0
0.9
0.9
0.7
0.8
0.8
0.9
1.0
0.7
0.6
0.6
0.6
0.5
0.7
1.1
1.1
1.1
0.7
0.4
0.3
0.6
1.1
0.7
0.5
0.4
1.2
1.2
0.7
0.8
0.6
0.6
0.5
0.7
0.5
0.5
0.5
0.3
0.5
1.0
1.3
0.7
0.4
0.8
0.8
0.7
0.6
1.0
1.0
0.8
0.5
0.6
1.0
0.9
0.7
1.0
0.8
0.0
0.0
0.2
0.3
0.4
0.0
0.0
0.3
0.3
0.0
-0.2
-0.4
-0.5
-0.3
0.1
-0.2
-0.5
-0.1
0.0
0.0
0.0
0.2
0.6
0.9
0.7
0.4
0.7
1.1
1.0
0.8
0.6
0.5
0.6
0.5
0.3
0.3
0.2
0.0
-0.1
0.2
0.2
0.3
0.3
-0.2
0.0
0.5
0.3
0.0
0.0
0.3
0.1
0.0
0.4
1.0
1.2
0.8
0.4
0.6
0.5
0.5
0.8
1.0
0.8
0.3
0.2
0.7
1.1
0.8
0.6
0.8
0.5
0.3
0.4
0.5
-0.2
-0.6
0.0
0.2
-0.1
-0.1
0.1
0.5
0.6
0.6
0.7
0.8
0.6
0.5
0.7
0.7
0.4
0.2
0.6
1.1
1.0
0.7
0.2
0.3
0.6
0.9
0.7
0.8
0.2
0.2
0.1
0.1
0.6
1.0
0.9
0.5
0.1
0.0
0.0
0.2
0.1
-0.5
-0.2
-0.2
0.0
0.2
0.4
0.4
0.2
0.0
0.0
0.0
0.3
0.2
0.0
-0.3
-0.3
-0.2
-0.3
-0.5
-0.3
-0.3
-0.6
-0.7
-0.6
-0.1
-0.3
-0.3
-0.1
-0.3
-0.5
0.1
0.5
-0.1
-0.4
-0.1
0.1
0.0
-0.2
0.0
0.1
0.0
-0.3
-0.3
-0.4
-0.4
-0.6
-0.8
-1.1
-0.8
-0.4
-0.1
0.0
-0.1
-0.1
-0.2
0.0
-0.1
0.0
-0.2
-0.5
-0.4
-0.3
-0.5
-0.4
-0.3
-0.1
-0.3
-0.5
-0.4
0.0
-0.2
-0.8
-0.8
-0.5
-0.1
0.0
0.2
0.1
-0.6
-0.6
-0.3
0.2
0.3
0.0
-0.5
-0.5
0.0
0.1
0.1
0.3
0.1
0.0
0.0
0.0
0.0
0.1
0.4
0.5
0.3
0.0
-0.3
-0.2
0.0
0.0
-0.1
0.0
0.0
-0.1
-0.2
0.1
0.4
0.2
0.0
0.2
0.0
0.0
0.0
0.0
0.2
0.1
0.1
0.0
0.0
0.2
0.4
0.2
0.0
0.0
0.1
0.1
-0.1
0.1
0.1
0.0
-0.3
-0.3
0.2
0.2
0.0
0.1
0.5
0.5
0.5
0.0
0.1
0.3
0.1
0.0
-0.2
-0.1
-0.2
-0.1
0.3
0.1
-0.3
-0.3
-0.1
-0.2
-0.6
-0.5
-0.1
0.1
-0.2
-0.2
-0.2
-0.1
0.0
-0.1
-0.2
-0.1
-0.1
0.0
0.1
0.1
0.2
0.3
0.3
0.6
0.4
-0.1
-0.1
0.1
0.5
0.4
0.1
-0.1
0.0
0.5
0.5
0.2
0.2
0.1
-0.1
0.1
0.1
0.3
0.4
0.0
0.0
0.2
0.3
0.3
0.3
0.6
1.1
1.2
1.0
0.8
0.7
0.9
0.7
1.0
1.0
0.6
0.1
-0.1
0.2
0.2
-0.6
-1.3
-1.2
-0.7
-0.1
0.3
0.4
0.8
0.5
0.1
0.0
0.1
0.1
-0.5
-0.6
-0.5
-0.2
-0.4
-0.3
0.0
-0.2
-0.4
-0.4
-0.3
-0.3
-0.3
0.0
0.3
0.4
-0.1
-0.5
-0.6
-0.3
0.2
0.4
0.2
-0.2
0.0
0.0
0.0
-0.2
0.0
-0.2
-0.6
-0.6
-0.6
-0.5
-0.1
-0.2
-0.6
-1.1
-1.1
-0.8
-0.2
0.1
-0.1
-0.4
-0.1
0.0
-0.1
0.0
-0.3
-0.3
-0.4
-0.5
-0.6
-0.9
-0.7
-0.5
-0.5
-1.0
-1.6
-1.6
-1.4
-1.4
-1.7
-1.8
-1.3
-0.8
-0.6
-0.4
-1.0
-1.4
-0.9
-0.4
-0.5
-1.0
-1.8
-2.3
-1.5
-0.8
-1.1
-1.6
-1.4
-1.5
-1.6
-1.5
-1.0
-0.6
-0.9
-1.3
-1.2
-1.1
-0.8
-1.1
-1.4
-1.4
-1.1
-1.0
-1.3
-1.5
-1.8
-1.5
-1.0
-1.1
-1.5
-1.5
-1.2
-0.7
-0.5
-1.0
-1.1
-1.2
-1.2
-1.3
-1.3
-1.3
-1.6
-1.3
-1.2
-1.4
-1.5
-0.9
-0.6
-1.0
-1.5
-1.3
-0.8
-0.5
-0.5
-0.7
-0.6
-0.5
-0.7
-0.9
-1.0
-1.0
-0.9
-1.3
-1.2
-1.3
-1.4
-1.2
-1.5
-1.3
-1.7
-1.9
-2.0
-2.0
-1.8
-1.8
-1.5
-1.3
-1.7
-1.5
-1.0
-0.9
-1.1
-1.2
-1.3
-1.5
-1.2
-0.6
-0.7
-0.7
-1.1
-1.3
-1.2
-1.1
-1.1
-1.7
-1.8
-1.8
-1.8
-1.6
-1.3
-1.3
-1.3
-1.1
-0.7
-0.8
-1.2
-1.3
-1.1
-1.0
-1.2
-1.1
-1.0
-1.3
-1.5
-1.2
-1.0
-1.5
-2.3
-2.4
-1.7
-1.5
-2.0
-2.0
-1.8
-1.8
-1.7
-1.6
-1.6
-1.7
-1.7
-1.7
-1.4
-1.1
-1.0
-1.6
-1.9
-1.7
-1.4
-1.4
-1.9
-1.9
-1.9
-1.7
-1.3
-1.2
-1.9
-1.7
-1.7
-2.1
-2.7
-2.4
-1.9
-2.1
-2.6
-2.9
-2.9
-2.6
-2.4
-2.3
-2.4
-2.4
-2.5
-2.4
-2.5
-2.9
-3.0
-2.9
-2.7
-2.8
-3.0
-2.8
-2.5
-2.5
-2.6
-2.6
-2.7
-3.1
-3.0
-2.6
-2.7
-2.9
-2.5
-2.2
-2.3
-2.5
-2.4
-2.3
-2.5
-2.6
-2.3
-2.2
-1.9
-2.3
-2.6
-2.8
-2.6
-2.3
-2.4
-2.6
-2.5
-2.4
-2.0
-2.3
-2.6
-2.4
-2.3
-2.6
-2.7
-2.8
-2.6
-2.7
-2.2
-1.9
-2.3
-2.5
-2.2
-1.8
-2.3
-2.5
-2.6
-2.6
-2.2
-2.0
-2.2
-2.0
-1.8
-2.0
-2.2
-2.0
-2.1
-2.3
-2.4
-2.2
-2.0
-2.0
-2.3
-2.5
-2.0
-2.2
-2.4
-2.3
-2.4
-2.0
-1.6
-1.3
-1.6
-1.7
-1.4
-1.6
-1.6
-1.8
-1.8
-1.9
-1.8
-1.7
-1.7
-1.9
-2.0
-1.9
-1.7
-1.7
-2.0
-2.1
-2.1
-2.2
-2.4
-2.8
-3.2
-3.1
-3.0
-2.8
-2.5
-2.5
-2.9
-3.2
-2.9
-2.8
-3.0
-3.0
-2.6
-2.2
-1.6
-1.6
-2.0
-2.3
-1.8
-1.5
-1.7
-2.2
-2.7
-2.5
-2.2
-2.0
-1.9
-2.0
-2.1
-2.4
-2.5
-2.8
-2.5
-2.6
-3.0
-3.0
-2.8
-3.4
-3.8
-3.0
-2.3
-2.7
-3.2
-2.8
-2.6
-2.9
-3.1
-2.7
-2.6
-2.9
-2.8
-3.0
-2.9
-2.8
-2.7
-3.1
-2.8
-2.0
-2.9
-3.1
-2.9
-2.9
-2.9
-2.5
-2.5
-2.9
-3.1
-3.1
-3.2
-3.1
-2.8
-2.9
-2.7
-3.0
-3.0
-2.7
-2.9
-3.0
-2.9
-2.5
-2.7
-3.0
-3.1
-3.0
-3.1
-3.4
-3.4
-3.4
-3.5
-3.4
-3.3
-3.5
-3.7
-3.7
-3.7
-3.8
-3.8
-4.1
-4.4
-4.1
-3.7
-3.7
-4.0
-3.7
-3.4
-3.4
-3.1
-2.4
-2.8
-3.7
-3.7
-2.8
-2.4
-2.5
-2.8
-3.4
-3.7
-3.7
-3.2
-3.0
-3.1
-3.7
-4.2
-3.9
-3.5
-3.6
-4.2
-4.6
-4.5
-4.0
-4.8
-5.8
-5.8
-5.3
-4.5
-4.1
-4.2
-3.7
-3.5
-3.7
-3.5
-3.0
-1.6
-1.4
-1.8
-1.5
-1.6
-1.5
-1.3
-0.8
-0.6
-0.3
0.1
0.5
0.8
2.1
3.4
3.4
2.8
2.6
3.4
4.2
4.3
4.6
5.2
5.3
5.4
5.8
6.2
6.6
7.1
7.3
7.5
8.2
9.1
9.3
9.2
9.6
10.0
10.2
10.0
9.9
10.5
10.9
11.1
11.6
12.2
12.2
11.8
12.0
12.4
12.5
13.0
13.3
13.4
13.5
14.2
15.1
15.3
15.3
15.4
16.1
17.3
17.5
16.6
17.1
17.2
17.3
17.5
17.8
17.8
17.3
17.4
17.9
18.5
18.7
18.6
19.1
20.0
20.5
20.0
19.7
19.9
20.6
21.0
20.8
20.8
20.6
21.1
22.1
22.6
22.5
22.2
22.8
23.8
23.5
23.2
23.0
22.8
22.8
23.3
23.6
23.6
23.5
23.5
22.8
23.3
24.1
24.7
24.8
24.4
24.1
23.9
24.3
24.8
24.7
24.9
24.8
24.7
24.6
24.7
25.5
26.0
26.2
26.2
25.3
25.8
26.8
27.2
27.2
27.0
26.4
26.0
26.6
28.4
28.7
28.1
28.0
28.6
29.6
30.0
30.0
29.7
29.3
29.8
30.3
30.6
30.3
29.9
30.5
31.1
29.8
29.4
30.0
31.4
32.5
32.8
33.0
33.1
33.7
33.7
33.5
34.1
34.5
33.7
33.3
33.6
33.7
34.3
35.4
36.3
36.2
35.8
35.4
35.6
36.8
37.5
37.2
36.4
36.2
36.5
37.5
38.2
38.3
38.0
37.5
37.4
38.1
38.9
38.4
37.6
37.6
37.7
37.4
37.9
39.1
40.0
39.5
38.1
38.4
39.8
40.5
40.4
40.5
40.4
39.6
40.1
40.1
40.4
40.1
40.6
40.9
40.4
40.0
40.0
41.4
42.0
41.2
41.3
40.7
40.1
40.4
41.0
39.9
39.8
41.4
42.4
42.0
41.5
41.4
42.2
42.2
41.7
41.1
40.8
40.5
41.1
41.6
42.0
41.9
41.3
40.1
40.1
40.9
41.0
40.7
40.6
41.0
41.5
42.4
42.7
42.3
41.8
41.5
41.1
40.3
40.8
41.5
41.6
41.5
41.6
42.2
41.3
40.7
40.0
40.3
41.0
41.2
41.2
40.6
40.8
42.0
42.1
41.0
40.5
40.8
40.1
39.3
38.7
39.1
40.0
40.8
41.3
40.4
39.5
39.4
38.7
38.7
38.6
38.6
37.9
37.6
38.9
40.3
40.8
41.0
41.2
40.8
40.2
39.3
39.8
40.3
40.3
39.5
39.4
40.3
39.8
38.0
36.7
38.5
39.7
39.2
38.7
38.3
37.9
37.8
38.1
38.2
38.0
37.7
37.9
38.2
38.2
37.1
36.9
37.6
36.9
35.5
34.4
34.4
35.0
35.7
36.4
36.1
35.0
34.3
33.4
33.4
34.6
35.2
35.1
34.7
34.9
35.0
34.5
34.2
35.0
35.8
35.6
34.8
35.1
35.8
36.2
36.3
36.2
36.2
36.5
36.5
36.1
34.9
34.5
34.5
35.3
36.3
36.0
34.8
34.4
35.0
35.6
36.0
35.6
35.7
34.7
35.4
36.1
36.3
36.7
35.2
33.3
33.7
35.3
35.7
35.2
35.0
35.8
37.4
38.2
38.3
38.1
37.1
35.6
34.3
34.4
35.5
37.5
37.7
36.1
35.3
36.2
36.9
37.9
39.3
39.0
38.8
38.5
38.0
36.4
34.9
35.1
36.0
35.8
35.3
35.3
35.6
34.1
33.7
34.7
35.0
35.9
36.0
35.7
35.0
34.4
34.1
34.3
34.5
33.1
30.3
29.0
30.2
28.2
26.2
26.8
26.6
22.0
21.3
25.5
28.0
25.7
23.4
24.3
24.6
22.0
21.1
22.9
24.2
20.8
16.7
13.8
15.4
18.8
20.8
20.5
19.7
19.3
18.6
19.4
21.2
20.7
16.6
11.6
11.5
15.0
16.4
16.3
17.6
18.1
17.7
18.9
18.9
18.0
16.8
16.1
17.3
17.5
18.8
20.4
20.3
16.9
14.4
17.8
21.8
23.4
23.3
22.9
20.9
18.7
20.0
23.5
26.1
25.7
24.1
23.7
25.9
29.4
29.6
28.2
29.2
29.5
28.0
27.4
29.4
32.4
34.0
33.3
32.1
31.8
32.3
32.4
33.8
35.8
36.6
36.1
35.6
36.8
38.4
38.7
39.0
40.4
40.6
40.4
40.8
41.1
41.5
43.3
44.4
42.2
42.4
44.9
45.4
45.3
46.4
47.4
47.2
47.2
48.8
50.3
49.9
48.8
48.7
49.5
49.7
50.2
52.0
53.1
53.2
52.5
52.6
53.2
54.4
54.9
55.0
55.2
56.4
56.9
57.0
57.0
57.0
56.4
56.8
57.5
56.6
55.7
57.3
59.8
60.2
59.0
58.3
59.1
60.9
60.6
59.9
59.5
59.5
60.5
61.3
62.5
63.8
63.9
63.4
63.0
63.1
63.9
64.7
65.1
64.6
63.5
63.4
64.4
65.1
64.8
64.7
65.0
64.3
63.4
64.8
66.4
67.2
66.9
66.2
65.8
66.7
67.4
67.1
67.3
67.2
66.6
66.6
67.3
68.4
68.9
68.1
66.6
66.8
68.3
69.4
69.7
69.5
69.1
69.3
70.1
70.7
70.7
70.2
70.0
70.0
69.6
69.3
69.6
70.7
71.3
70.6
70.9
71.9
72.3
72.4
72.9
73.7
73.7
72.8
72.8
72.5
72.6
72.9
74.1
73.5
72.3
72.4
72.7
73.1
73.9
74.8
74.4
74.1
74.5
75.0
75.4
75.2
75.0
75.7
76.4
76.0
75.7
76.3
76.6
76.5
76.0
76.0
75.1
75.3
76.9
78.1
78.1
76.7
76.4
76.7
77.0
77.6
77.9
76.9
77.0
78.6
79.7
79.5
78.6
79.6
79.8
79.1
78.2
78.4
79.0
78.6
77.5
77.8
79.7
80.4
79.9
79.0
78.5
79.3
79.8
80.0
80.2
80.6
80.6
80.1
80.0
80.7
81.6
81.4
80.0
79.0
79.4
80.6
81.4
80.4
79.7
79.6
80.3
81.2
81.1
79.2
78.6
80.3
82.3
82.3
81.9
81.6
81.3
81.8
81.4
81.0
80.7
81.3
81.5
81.7
81.9
82.1
81.7
81.2
81.9
82.5
82.4
81.0
81.0
82.2
83.6
84.3
83.8
82.9
81.8
81.4
82.3
83.7
83.8
83.0
82.5
82.7
83.3
83.4
82.9
82.4
81.5
80.8
82.6
84.4
84.5
84.2
84.0
83.7
83.8
83.1
82.7
82.5
82.7
82.2
82.5
84.2
84.7
84.2
84.1
84.6
84.8
84.6
84.0
83.9
83.8
83.6
84.0
84.4
84.5
83.5
83.6
84.5
85.0
85.5
85.6
85.8
86.4
86.3
86.3
86.4
86.8
87.0
87.6
88.9
90.0
89.5
89.3
90.5
92.3
93.0
91.1
89.9
91.5
94.7
97.2
97.0
96.2
96.9
97.2
98.2
98.0
95.9
94.3
94.7
95.5
94.8
94.0
92.5
90.6
91.6
93.0
92.7
92.4
92.4
91.9
90.4
89.9
90.0
89.1
88.8
88.6
88.3
88.2
88.3
88.4
88.2
88.6
88.3
87.0
85.0
84.9
85.2
86.5
87.2
86.8
86.3
84.9
84.5
85.2
86.2
86.7
86.2
86.1
86.2
86.4
85.4
83.5
84.1
85.9
86.2
85.3
84.7
84.8
85.2
85.7
85.7
85.3
84.5
84.7
85.0
85.1
84.8
85.0
85.3
84.0
83.1
83.3
84.6
85.3
84.8
84.5
83.7
83.7
84.6
85.4
85.5
84.0
82.8
82.9
84.0
84.3
83.4
83.0
83.3
83.8
83.9
83.8
83.3
82.9
83.7
84.2
83.7
83.0
82.9
83.2
83.1
83.2
83.9
84.2
84.3
83.8
83.5
83.6
83.5
82.2
82.4
84.2
84.8
83.6
83.2
83.9
84.5
84.7
84.1
83.1
82.8
82.6
82.4
82.7
83.4
84.4
84.8
84.4
83.6
83.3
83.4
83.4
82.5
82.0
82.3
83.6
84.1
83.1
82.2
82.2
82.2
81.7
80.9
81.8
83.6
84.1
82.8
82.1
83.2
84.3
84.2
83.0
82.6
82.4
82.7
83.1
82.8
82.0
82.0
82.7
83.1
82.3
81.9
82.2
81.9
81.9
82.1
82.4
81.9
81.6
81.9
82.0
81.7
81.4
82.3
82.5
81.6
80.5
80.2
80.7
81.1
80.9
80.7
81.1
81.4
80.3
79.4
80.0
80.3
79.9
79.6
80.0
80.2
80.3
81.1
81.5
80.8
79.5
79.3
79.6
79.9
79.8
79.6
79.4
79.4
79.2
79.1
78.8
79.3
79.8
80.2
78.4
77.2
78.4
79.7
80.0
79.3
78.1
77.6
78.4
79.9
79.8
79.0
78.8
78.2
78.2
78.3
78.2
78.3
78.6
78.4
78.5
78.5
78.8
78.8
78.2
77.6
77.5
78.2
78.0
77.4
76.9
77.8
78.8
78.5
77.3
76.5
77.0
77.9
78.2
77.3
76.5
76.3
76.7
77.2
77.9
77.1
76.9
77.3
77.1
76.8
76.5
76.2
76.0
76.3
76.5
76.5
76.5
76.1
76.1
75.4
75.2
75.3
75.6
75.1
75.0
75.3
75.0
74.9
75.3
75.2
74.7
75.3
76.4
76.0
75.4
74.8
75.2
75.9
76.1
75.5
74.5
73.7
74.0
75.0
75.2
74.7
74.5
74.6
74.6
74.6
73.8
73.3
73.4
73.3
73.2
73.3
73.0
72.1
71.8
72.7
72.8
73.5
74.2
74.0
73.2
72.4
72.1
72.7
73.4
73.5
73.0
72.5
72.8
72.9
72.9
72.6
72.2
71.9
71.1
70.8
71.1
71.2
71.0
71.1
71.1
70.6
70.1
70.2
70.9
71.3
71.1
71.2
72.0
71.6
70.4
70.1
70.8
70.7
70.0
69.8
69.5
69.4
70.3
70.8
69.9
69.1
69.6
69.5
69.4
69.9
70.2
69.7
69.0
68.9
68.9
68.7
68.7
67.9
66.7
67.2
69.0
69.6
68.8
68.1
67.9
68.7
68.7
68.5
68.0
67.7
67.5
66.8
67.0
67.2
66.7
66.1
66.6
67.8
68.2
67.6
66.9
67.1
67.2
67.6
67.8
67.1
65.6
65.1
65.8
67.1
67.4
66.8
66.3
66.3
66.2
65.6
65.6
65.5
65.0
65.0
65.2
64.4
64.5
65.5
66.2
65.7
65.3
65.3
64.9
65.0
65.0
64.7
64.5
64.5
64.3
64.3
64.0
63.6
63.8
64.4
64.7
64.2
63.8
64.5
64.3
63.9
63.5
63.3
63.0
62.8
62.4
62.1
62.1
62.2
62.0
62.2
62.7
62.9
62.6
63.1
63.3
62.6
62.0
62.3
62.6
62.7
62.5
61.9
61.4
60.9
60.5
60.6
60.8
61.1
61.0
60.5
60.5
59.8
58.9
59.8
61.7
62.2
61.0
60.7
60.0
60.0
61.3
62.4
61.0
59.6
59.6
59.5
59.5
60.2
60.4
60.2
59.4
59.1
58.5
57.3
57.2
57.4
57.2
56.9
56.7
57.3
58.7
59.4
59.1
58.2
57.5
57.1
57.7
58.0
57.8
57.4
57.4
57.0
57.3
57.4
57.3
57.1
57.2
56.5
55.3
54.7
55.3
56.5
57.1
57.3
56.9
56.2
55.4
54.8
55.0
56.0
56.1
55.1
54.2
53.7
53.3
54.7
55.9
55.4
54.7
54.3
53.8
53.5
53.8
54.5
54.5
54.5
53.9
53.8
54.3
54.5
53.7
53.7
53.9
53.1
52.4
51.8
51.9
52.2
52.6
52.8
52.8
53.0
52.9
52.6
52.9
53.9
54.0
53.6
53.0
52.4
52.5
53.4
53.6
53.0
52.4
52.1
52.1
51.4
51.3
52.3
53.1
52.7
52.3
52.5
52.2
51.7
51.9
52.6
52.5
51.4
50.6
50.4
50.8
51.0
51.0
51.2
50.5
49.9
50.2
50.7
50.7
50.8
50.2
50.0
50.2
50.2
50.1
50.0
50.2
50.4
51.3
51.4
50.5
49.4
48.7
48.7
49.6
50.4
50.6
50.3
50.2
49.8
48.7
48.4
48.6
49.3
49.4
48.5
48.2
48.9
49.2
48.7
48.4
48.2
48.1
47.8
48.1
48.3
48.5
48.7
48.4
48.0
47.5
46.8
47.1
48.0
48.0
47.4
47.0
47.6
47.8
47.3
46.8
46.5
46.0
45.4
46.1
47.5
48.4
48.0
46.5
46.0
46.5
47.1
47.0
46.4
46.5
46.9
46.5
45.6
45.8
46.9
47.2
46.5
45.8
45.6
45.5
46.2
46.0
45.1
45.3
46.1
46.2
45.7
45.2
45.1
44.6
44.3
44.9
45.0
45.3
45.4
44.5
44.3
45.1
45.6
45.4
44.8
44.5
44.3
44.3
44.4
44.7
45.3
45.3
44.8
44.2
43.9
43.9
43.7
43.8
44.2
45.0
44.3
44.0
44.1
43.5
43.4
43.8
43.9
43.5
43.2
42.5
42.0
42.2
42.6
42.7
42.5
42.2
42.2
42.6
41.9
41.5
41.8
42.0
41.2
40.8
40.9
40.7
39.9
39.9
40.7
40.8
40.6
40.7
40.3
39.5
39.5
39.8
40.0
39.8
39.0
39.0
39.4
39.6
39.2
39.1
39.6
39.5
39.1
39.4
39.4
39.0
38.7
37.9
37.6
38.3
38.3
37.9
37.8
38.5
39.1
38.6
38.1
37.8
37.7
37.9
38.1
37.7
37.2
37.5
37.8
38.0
37.5
37.8
37.8
37.0
36.4
36.6
37.2
37.5
36.9
36.2
36.1
36.2
36.5
37.2
37.5
37.7
37.7
37.2
36.6
36.9
37.2
36.9
35.8
35.7
35.9
36.3
37.0
37.4
36.4
35.7
36.4
36.6
35.9
35.0
35.2
35.9
36.1
35.6
34.7
34.9
35.5
35.8
35.6
35.5
35.4
35.4
35.1
34.8
33.9
33.4
34.0
34.7
34.6
34.2
34.0
34.2
34.4
34.4
34.3
34.2
34.6
34.3
33.6
33.6
33.8
33.7
33.5
33.5
33.2
32.4
32.5
32.9
32.3
32.2
33.0
33.6
33.2
32.9
32.7
32.6
32.4
32.6
32.5
31.8
30.7
30.8
32.3
33.2
33.3
33.0
32.7
32.3
32.1
31.8
31.3
31.1
30.6
30.2
30.3
30.7
30.8
30.5
30.6
30.9
30.6
30.3
30.3
30.3
30.3
30.1
29.9
29.6
29.7
29.6
29.6
30.0
30.1
29.7
29.4
29.1
28.7
28.8
29.0
28.6
28.8
29.3
29.0
28.3
27.9
28.1
28.3
28.9
29.0
28.4
27.7
27.2
27.7
29.0
28.6
28.1
28.2
28.3
27.8
27.9
28.5
28.7
27.9
26.9
27.2
27.6
28.2
28.1
27.9
28.0
27.6
27.0
27.4
28.1
27.6
26.4
25.8
26.5
27.3
27.9
27.0
26.2
25.5
25.6
25.8
26.1
26.4
26.7
26.4
25.8
26.1
26.6
26.7
26.2
25.6
25.4
25.8
26.3
26.2
25.7
25.3
25.5
26.0
25.8
24.8
23.8
24.5
25.5
25.6
24.8
24.5
24.9
24.9
24.7
25.0
24.9
24.5
24.6
24.6
24.8
25.0
24.3
23.3
23.4
24.5
25.0
25.4
25.4
25.4
25.1
24.7
24.3
23.7
23.7
24.0
24.0
23.8
23.7
24.1
24.9
24.2
23.2
22.4
22.2
22.3
22.6
23.1
23.1
22.1
21.9
22.2
22.6
22.5
21.9
21.3
21.0
21.0
21.3
21.8
22.5
22.3
21.2
21.2
21.7
22.3
22.7
22.2
21.3
21.5
21.7
21.6
21.5
21.7
21.6
21.8
21.8
21.1
20.7
20.5
20.8
21.0
21.5
21.1
20.5
20.6
21.3
20.9
20.5
20.1
20.2
19.9
19.3
19.2
19.6
19.9
19.8
19.9
20.2
20.2
20.0
20.0
19.9
19.2
19.3
20.2
20.6
20.0
19.6
19.6
19.1
19.1
19.2
19.1
18.2
17.7
18.6
19.6
19.7
19.2
19.0
19.2
19.1
18.9
18.0
17.3
17.3
18.1
18.5
18.7
18.5
17.7
17.5
18.1
18.6
18.4
17.4
