-1.2
-1.7
-0.5
-1.8
-2.2
0.1
-0.3
-0.1
-0.4
-1.5
-1.2
-2.1
-1.1
-0.9
0.0
-1.9
-1.8
-1.2
-1.0
-0.2
-0.9
-0.7
-0.5
-1.3
-1.5
-1.4
-2.4
-1.1
-0.6
-0.4
-0.6
-1.2
-1.0
-1.0
-0.5
-0.7
-1.0
-0.6
-0.8
-1.0
-0.9
-0.9
-1.2
-1.8
-2.2
-2.0
-1.5
-2.2
-1.8
-1.6
-0.8
-1.2
-0.9
-1.6
-1.5
-2.1
-1.7
-2.0
-1.7
-1.7
-2.0
-1.8
-0.5
-1.7
-1.1
-1.4
-0.4
-1.0
-1.0
-0.7
0.0
-0.1
-0.7
-0.7
-1.2
-1.4
-1.5
-1.3
-1.4
-2.2
-1.7
-0.8
-0.6
-1.4
-1.5
-1.8
-1.9
-0.6
-0.8
-0.1
-0.3
0.1
0.2
0.3
0.0
-0.7
-1.0
-1.1
-1.3
-1.0
-1.6
-0.5
-0.1
0.9
-0.2
0.6
0.2
-0.7
-0.7
0.0
-0.3
-1.1
-0.8
-0.5
0.0
0.0
-0.9
-0.7
-1.0
-1.3
-1.0
-0.7
-0.7
-0.9
-1.7
-1.5
-1.0
-0.7
-1.3
-1.6
-1.6
-1.2
-1.5
-1.8
-1.2
-1.7
-1.0
-1.4
-1.1
-0.7
-0.6
0.0
-0.1
-1.0
-0.5
-1.2
-0.3
-0.5
-1.1
-0.8
-0.2
-0.3
0.7
0.0
-0.4
-0.4
-1.0
-0.7
-0.9
-2.0
-0.7
-0.7
0.0
-0.2
0.1
-1.8
-0.6
-1.9
-0.9
-0.3
-1.4
-0.9
-1.3
-0.9
-1.2
-2.3
-2.3
-2.0
-1.1
-1.1
-1.8
-0.4
-0.3
-1.5
-1.0
-1.9
-1.3
-2.1
-0.8
-1.2
-0.6
-0.9
-1.0
-0.6
-1.0
-1.4
-1.5
-1.9
-1.7
-2.1
-2.3
-1.9
-1.7
-2.6
-1.0
-0.6
-0.4
-0.8
-1.8
-0.1
-1.8
-1.4
-2.1
-1.8
-1.5
-0.8
-0.7
-0.4
-1.1
-0.6
-1.4
-1.5
-2.2
-2.2
-1.2
-0.8
-0.5
-0.1
-1.3
-1.5
-0.8
-0.7
-1.0
-1.6
-1.9
-1.2
-0.4
-0.1
-0.3
-0.3
-0.4
-0.2
-1.0
-0.9
-0.3
-0.1
0.2
0.3
-0.3
0.2
0.6
0.7
0.8
0.4
-0.9
0.6
0.6
1.2
1.0
0.5
0.3
0.4
-0.1
0.3
-0.2
1.5
0.7
1.4
0.0
-0.9
-1.4
-1.6
-0.8
-1.3
-0.4
0.3
-0.4
-1.2
-1.6
-1.8
-2.1
-2.1
-2.3
0.0
-0.9
0.0
-1.5
-1.6
-2.8
-2.2
-1.7
-1.1
-0.5
-1.7
-1.7
-2.0
-2.0
-2.2
-1.4
-1.7
-1.6
-1.8
-1.9
-0.9
0.0
0.6
0.0
-1.1
-2.5
-2.0
-1.7
-2.3
-1.5
-1.5
0.0
-0.8
-0.1
0.0
-0.1
-1.1
-1.2
-0.9
-1.2
-2.5
-2.0
-1.6
-1.1
-1.0
-0.7
-1.4
-1.7
-2.2
-2.5
-1.8
-1.7
-1.2
-1.1
-1.8
-1.6
-1.3
-0.8
-1.2
-1.3
-2.0
-1.5
-1.5
-1.1
-0.5
-1.3
-1.7
-1.5
-1.4
-1.5
-1.7
-2.0
-1.1
-1.3
-1.4
-2.0
-1.4
-1.4
-1.9
-2.1
-1.5
-1.9
-1.3
-2.0
-1.7
-1.4
-0.6
-0.9
0.5
0.5
-0.6
-1.4
-2.0
-2.5
-2.9
-2.1
-1.2
-0.7
-0.9
-0.5
-1.6
-1.1
-1.1
-1.1
-1.4
-1.7
-2.0
-0.9
-1.1
-0.6
-0.8
-1.0
-0.8
-1.0
-1.4
-1.2
-1.0
-0.1
-0.2
0.5
-0.4
-1.2
-2.3
-2.9
-2.2
-1.4
-1.5
-1.8
-1.8
-1.9
-1.7
-1.1
-1.3
-0.8
-1.0
-1.1
-0.6
-1.3
-1.0
-0.8
-0.7
-1.1
-0.5
0.0
0.1
-1.3
-0.7
-0.9
-0.5
-0.4
-1.3
-0.5
-1.2
-1.0
-0.8
-1.0
-1.0
-1.6
-1.3
-1.7
-1.4
-1.5
-0.9
-1.8
-1.2
-1.5
-1.1
-1.2
-1.1
-2.0
-1.6
-1.6
-1.8
-2.0
-2.4
-2.5
-1.5
-1.2
-1.0
-1.4
-1.6
-0.9
-1.2
-1.4
-1.0
-1.9
-1.6
-1.7
-1.5
-0.9
-0.1
0.6
0.3
0.0
-1.0
-0.5
-1.6
-1.1
-1.5
-1.1
-0.6
-0.3
-0.2
-0.3
-0.7
-0.8
-1.1
-1.6
-2.0
-1.3
-1.6
-0.7
-0.6
-0.5
-1.0
-1.3
-1.7
-1.3
-1.0
-1.7
-1.6
-1.0
-1.1
-0.3
-0.6
-0.7
-1.2
-0.9
-0.8
-1.0
-1.2
-2.2
-1.3
-1.0
-1.0
-1.8
-1.6
-1.7
-1.0
-0.7
-1.0
-1.3
-1.5
-0.5
-0.6
-0.5
0.0
-0.2
-0.1
0.0
-0.9
-0.8
-0.7
-0.6
-0.8
-0.7
-1.0
-0.3
0.0
-0.5
-1.0
-0.7
-0.8
-0.4
-0.4
0.0
-0.2
0.2
-0.6
-0.4
-0.8
-1.6
-1.0
-0.9
-0.9
-0.3
0.5
0.3
-0.6
-0.1
-0.5
-0.6
0.1
-0.8
-0.5
-0.3
0.5
0.2
0.0
-0.8
-1.6
-0.5
-1.1
-0.5
-0.4
-1.3
-0.6
-0.9
-0.5
-1.0
-1.0
-1.8
-1.0
-0.7
-1.1
-1.3
-1.8
-2.5
-2.2
-0.6
-1.8
-1.1
-1.5
-1.7
-1.5
-1.2
-1.1
-0.5
-1.2
-1.4
-0.8
-0.8
-1.1
-1.2
0.6
-0.7
-1.0
-1.8
-1.0
-0.3
0.1
-0.5
-0.5
0.0
0.4
0.6
0.0
-0.2
-1.1
-0.5
-0.3
-0.5
0.0
0.2
0.4
-0.3
-0.4
-0.1
0.2
0.1
0.2
0.5
0.5
0.1
0.0
0.3
0.0
-0.4
-0.1
0.5
1.3
1.8
2.0
2.0
1.4
0.6
0.4
1.1
-0.1
0.5
-0.1
0.3
1.1
1.9
0.7
-0.1
-0.1
-0.3
-0.3
0.5
0.8
0.8
-0.4
-0.8
0.6
0.0
0.0
-0.3
-1.1
-1.5
-1.3
-1.1
-0.7
-0.8
-0.8
-0.6
0.0
-0.4
-0.4
-0.6
-1.6
-1.1
-1.8
-0.8
-0.8
0.3
-0.3
-0.7
-1.6
-1.1
-0.8
-0.4
-0.3
0.3
-0.4
0.5
-0.2
-1.2
-0.5
-0.8
-0.8
-1.2
-1.7
-1.0
-0.3
-0.2
-0.9
-0.8
-0.9
-1.0
-1.8
-1.3
-1.5
-0.5
0.1
-0.9
-1.2
-1.8
-1.3
-1.1
-0.8
-0.3
-1.1
0.0
-0.1
-0.5
-0.4
-0.9
-0.8
0.0
-0.5
-0.9
-0.5
-0.6
-0.8
0.4
-0.3
-0.4
-0.1
-0.4
-0.2
-0.2
0.0
0.0
-0.1
-1.0
-1.2
-1.0
-1.2
-0.2
-0.1
-0.4
-0.3
0.0
-0.1
0.0
-0.3
-0.8
-0.4
-1.1
-0.4
0.0
-0.3
-0.9
-0.8
0.1
0.0
0.0
0.0
-0.3
0.0
-0.3
-1.2
-1.3
-1.0
-0.3
0.4
-0.3
0.4
-0.7
-0.6
-1.1
-0.4
-0.1
-0.7
-1.7
-1.3
-1.3
-0.5
0.0
0.0
0.2
-0.3
-0.7
-0.5
-0.1
-0.1
-0.5
-1.0
-0.3
-1.0
-0.6
-0.7
-0.4
-0.4
0.1
-0.7
-0.2
0.6
0.0
0.6
0.1
-0.7
-0.3
-0.2
-0.9
-0.8
-0.3
-0.8
0.3
-0.2
-0.5
-1.1
-1.9
-1.5
-0.5
-0.8
-0.3
-1.0
-0.5
-0.7
-0.2
0.1
0.0
0.0
-0.7
-0.8
-0.3
-0.4
-0.2
-0.6
-0.5
-1.3
-0.5
-0.3
0.2
-0.2
-0.5
-0.5
0.4
-0.3
-0.2
-0.6
-0.4
-0.2
-0.5
-0.5
-1.1
-1.3
-0.2
0.1
-0.3
-0.6
-0.7
-0.9
-1.0
-0.9
-0.4
-0.1
-1.4
-0.6
-0.6
-0.9
-0.5
-0.6
-1.1
-1.1
-1.0
-0.2
0.0
-1.0
-1.0
-1.5
-1.3
-1.0
-0.3
-0.5
-1.2
-1.5
-1.3
-1.5
-1.2
-0.8
-0.8
-0.7
-1.2
-0.8
-0.9
-0.7
-0.9
-1.7
-1.7
-2.0
-1.5
-1.2
-1.3
-0.5
-0.3
-0.3
-0.5
-0.5
-0.5
-0.7
-0.7
-0.8
-1.5
-1.5
-0.7
-0.5
-0.7
0.1
0.4
0.5
-0.1
-0.9
0.0
-0.7
-0.4
0.0
0.7
0.8
0.5
-0.6
-0.2
-0.3
-1.0
-0.6
-1.3
-0.2
-0.6
0.0
-0.1
0.0
-0.3
-0.1
-0.5
0.2
0.8
0.3
0.9
0.3
-0.3
0.0
-0.9
0.5
1.1
1.8
2.1
2.2
2.3
2.1
1.4
0.8
0.9
0.5
1.3
1.2
0.8
1.2
1.5
0.6
1.0
1.6
1.2
1.5
0.8
1.4
0.8
1.1
0.1
1.0
0.1
0.1
-0.4
-1.1
-0.7
-0.5
0.5
0.5
0.9
0.4
0.4
-0.6
0.7
0.0
0.6
-0.3
-0.8
-0.7
-0.4
0.0
-0.5
-0.5
-0.6
0.1
-0.2
-0.5
-1.1
-0.6
0.0
1.8
0.6
0.9
0.5
0.7
1.0
0.2
0.3
0.2
-0.1
0.2
-0.3
0.3
-0.3
0.1
-0.2
-0.5
-0.2
0.3
1.1
1.2
0.7
0.6
0.6
0.2
-0.1
0.1
-0.5
0.3
0.0
-0.1
0.3
1.1
0.8
1.5
1.0
1.0
1.3
1.4
-0.1
-0.7
-1.1
-0.7
0.0
0.2
-0.1
-0.3
-0.3
0.1
0.0
1.0
0.3
-0.6
-0.5
-1.7
-0.1
-0.1
-0.3
-0.1
-1.3
-1.1
-0.9
-1.0
-0.6
0.3
-0.6
1.0
-0.1
0.0
0.0
-1.1
-0.6
-0.7
-0.1
-0.4
0.0
-0.1
0.1
0.1
0.0
0.1
0.0
-0.4
-0.1
-0.4
0.3
1.0
1.7
1.2
1.3
0.8
0.8
0.0
-0.6
-0.1
-0.1
-0.1
0.4
1.3
1.2
1.2
0.1
0.5
-0.2
0.1
-1.0
-0.3
-0.4
-0.2
-0.3
-0.9
-0.5
-0.3
0.0
-0.3
-0.7
-0.3
-0.8
-1.6
-1.1
-1.0
-1.0
-1.4
-1.2
-0.4
-1.2
-0.6
-0.4
0.2
0.0
0.0
-0.1
-0.1
-0.1
-0.9
-0.6
0.0
-0.5
1.1
0.7
2.0
2.0
1.4
1.8
1.0
0.9
1.0
0.6
0.7
0.6
1.0
0.0
0.4
-0.2
0.0
0.2
-0.1
0.0
0.6
2.0
2.7
2.9
2.0
0.6
-0.2
-1.3
-1.4
-1.6
-1.0
-0.9
-0.8
-0.7
-0.4
0.0
0.5
0.8
0.4
0.5
-0.1
0.3
-0.4
-0.7
-0.3
-1.8
-1.6
-3.4
-3.9
-3.0
-2.3
-1.6
-1.4
-1.0
-0.9
-0.6
-0.6
0.1
-0.5
-0.5
-1.7
-1.5
-1.3
-1.0
-0.6
-0.4
-1.1
-1.3
-1.4
-2.0
-1.5
-2.1
-1.1
-1.5
-1.2
-1.5
-1.1
-1.0
-0.4
-0.5
-0.1
-0.4
0.3
0.9
1.0
1.1
0.0
0.1
0.3
0.8
0.0
1.1
0.2
0.4
0.5
-0.2
0.3
0.3
0.3
0.5
0.2
0.0
-1.6
-1.2
0.0
1.0
0.6
0.5
0.3
1.0
0.1
-0.9
-0.1
-1.3
-1.3
-1.4
-1.2
-0.4
0.8
0.5
0.9
0.3
1.2
0.9
0.5
0.1
0.2
-0.8
-1.5
-1.5
-1.1
-0.7
0.5
0.4
0.6
-0.2
-1.1
-0.8
-1.5
-1.4
0.1
0.3
1.7
1.2
0.9
1.1
-0.2
-0.5
-0.4
-0.3
0.3
-0.6
-1.0
0.4
0.7
0.9
0.2
-0.1
0.0
-0.3
0.5
-0.5
0.1
0.5
0.1
1.3
0.0
-0.3
-0.3
-0.2
0.0
0.1
-0.7
-0.5
0.0
-1.0
-0.2
-0.3
0.3
0.0
-0.9
-2.0
0.5
0.0
0.2
0.0
0.1
0.2
-0.5
0.0
0.2
0.7
0.0
0.2
-0.4
-0.3
-1.1
-0.8
-0.8
-1.1
0.0
-0.3
-0.5
-0.8
-0.5
-1.6
-0.4
-0.1
-0.1
-0.6
-0.7
-0.8
0.2
-1.0
-1.2
-0.7
-1.5
-1.7
-2.0
-1.0
0.0
0.2
0.2
-0.7
-0.8
-0.7
-0.7
-0.9
-0.8
-1.6
-0.7
-0.9
-0.9
-1.6
-1.0
-0.9
-0.4
-0.2
-0.2
-0.3
-0.4
-0.6
0.0
0.0
0.1
0.0
-0.4
-0.2
-1.4
-0.8
-0.4
-0.4
-0.5
-0.8
-0.5
0.0
-0.4
0.0
-0.9
-1.0
-1.3
-1.2
-0.9
-0.8
-0.6
-1.4
-0.8
-2.1
-1.6
-0.4
-0.2
-0.1
-0.1
-0.7
-0.1
0.6
-0.3
-0.2
0.0
-0.7
-1.5
-1.0
-0.7
0.2
0.0
0.3
-0.3
-0.1
-0.4
0.0
-0.2
-0.1
0.0
-0.3
0.0
0.1
0.1
0.1
-1.0
0.0
0.0
-0.6
0.2
0.2
-0.9
0.0
-0.8
0.0
-0.2
-0.5
-0.2
0.4
0.0
-0.6
-0.4
-0.7
-0.3
-0.7
-0.1
0.0
0.0
0.0
-0.7
-1.2
-1.1
-1.2
-0.8
-0.1
-0.5
-0.7
-0.5
0.0
0.0
0.0
0.2
-0.3
-1.2
0.0
-0.3
0.6
-0.1
0.8
0.9
0.5
-0.5
-0.6
-0.2
0.0
-0.3
-0.8
-0.2
0.1
1.0
0.6
0.0
0.6
0.4
-0.1
-0.5
0.4
0.6
0.0
0.0
-0.1
0.5
0.2
1.5
1.0
1.6
0.2
-0.7
0.6
1.1
1.6
1.5
1.4
0.3
0.8
1.4
0.6
1.3
0.8
1.1
0.5
-0.3
0.7
0.8
1.6
0.5
0.9
1.3
0.8
1.5
0.5
1.1
1.6
1.5
0.7
0.6
-0.5
-0.5
0.0
0.5
0.5
1.1
0.3
0.8
0.0
0.3
0.4
0.7
0.3
0.0
0.7
-0.8
0.0
-0.8
0.0
0.2
0.3
1.2
0.9
0.3
-0.6
-0.7
-0.9
-1.1
-0.6
-0.3
0.5
0.8
1.5
1.7
0.8
0.3
0.6
1.2
0.6
0.5
-0.3
0.0
0.1
0.3
0.4
0.2
-0.2
-0.8
-0.3
-0.1
0.2
1.1
1.5
0.5
-0.2
-0.3
-0.4
0.8
0.8
1.0
0.9
1.6
0.9
0.7
1.2
1.9
1.4
1.5
1.3
1.3
0.8
1.0
0.6
0.9
0.7
0.4
0.4
0.6
0.2
0.5
0.2
0.3
0.6
0.1
-0.6
0.0
-0.3
-0.6
0.3
1.2
-0.1
-0.6
-0.5
-0.3
0.6
-0.8
0.0
-0.6
-0.8
-0.1
0.0
-0.1
-1.4
-2.1
-1.6
-1.9
-1.0
-0.6
-0.3
-0.2
0.0
-0.5
0.3
0.0
-0.4
-1.1
-1.7
-1.1
-1.0
-0.6
-0.3
-1.1
-0.7
0.1
0.8
-0.4
0.0
-1.1
-1.1
-0.3
0.0
0.4
0.3
0.1
-0.1
-1.2
-0.8
0.1
1.0
0.7
0.1
0.6
1.4
0.0
0.0
-0.5
-0.5
-1.1
-0.5
-0.3
0.7
0.3
-0.7
-0.5
-0.7
-1.3
-0.9
-0.2
0.0
0.1
-0.4
-0.1
0.7
0.0
-0.4
-0.5
0.2
0.1
1.2
1.1
0.6
-0.2
-0.8
-0.7
-1.0
0.5
0.1
-0.1
-0.2
-0.5
-0.1
-1.2
-1.4
-1.2
0.4
1.2
1.3
0.2
0.6
1.1
2.1
1.1
0.1
0.5
0.2
0.5
0.0
0.7
0.8
0.7
0.5
-0.1
-0.8
-0.5
0.0
-0.5
-0.1
-0.7
-0.6
-0.2
0.1
-0.8
-0.6
-1.3
-1.7
-1.5
-1.5
-1.9
-2.1
-1.2
-1.2
-1.1
-1.0
-1.9
-0.5
0.0
-0.6
-0.9
-1.1
-1.0
-0.6
-0.6
-0.8
0.0
-0.4
0.2
0.1
0.1
-0.1
0.5
-0.2
0.7
0.3
0.5
-0.1
-0.2
-0.7
0.3
-0.2
0.0
0.0
-0.1
-0.6
-0.6
-0.8
-0.6
-0.4
-1.0
0.5
-0.3
0.6
0.2
-0.1
0.4
0.0
0.4
0.2
-0.8
-0.7
-0.4
0.0
0.3
1.3
1.2
1.0
1.2
0.4
0.0
-0.2
-0.3
0.1
-0.1
-0.1
0.3
-0.1
0.5
0.3
-0.4
0.0
0.3
1.0
0.8
1.1
0.8
1.1
0.0
0.3
0.4
1.1
0.5
0.8
0.5
0.6
0.0
-0.1
-0.3
0.0
0.1
0.6
0.9
1.0
-0.5
0.2
-0.8
0.1
0.0
-0.5
0.1
0.0
0.1
0.0
0.0
0.0
0.0
0.0
0.6
0.9
0.8
0.3
0.6
0.8
0.5
-0.2
0.3
1.7
1.9
1.6
1.8
1.3
1.1
1.6
1.6
3.0
2.6
2.4
1.5
1.7
1.5
1.4
0.8
1.4
0.7
0.6
0.9
0.5
0.0
-0.4
0.1
1.0
1.7
2.0
1.9
1.5
0.5
0.2
-0.3
-0.8
0.1
0.3
0.2
-0.6
-0.6
0.0
-0.5
-0.3
-0.3
0.4
0.6
0.0
-0.4
-0.4
0.0
0.8
0.8
1.1
-0.3
-0.4
-1.1
-1.0
0.0
-0.7
-0.3
-1.0
-0.9
-0.7
0.1
0.6
-0.2
-0.5
-0.7
-0.5
0.2
0.3
0.4
0.7
0.1
0.0
-0.2
-0.4
-0.3
0.0
0.1
-0.4
0.8
0.0
0.1
0.2
0.8
1.2
1.0
0.0
0.3
-0.4
-0.3
-0.9
-0.1
0.3
0.3
0.6
1.1
0.1
0.2
0.6
1.6
1.1
-0.2
-0.2
-0.1
0.5
0.0
-0.4
0.7
-0.2
0.2
0.4
0.5
2.0
1.2
0.7
0.6
-0.3
-0.1
0.1
-0.2
-0.4
0.1
0.3
1.0
0.5
0.0
0.8
0.6
0.8
0.3
1.1
1.1
0.9
1.5
1.1
1.9
1.0
0.5
1.0
0.6
1.2
0.6
1.3
0.6
0.9
1.0
0.3
1.3
0.9
1.6
1.2
1.0
-0.1
0.6
0.2
1.8
1.6
0.6
1.0
0.2
0.0
0.7
0.0
-0.1
0.5
0.1
1.3
1.7
3.2
3.2
2.5
0.6
0.2
0.0
-0.6
0.0
0.1
0.0
0.8
0.6
0.5
0.7
1.2
0.7
0.2
-0.2
0.3
-0.1
0.0
0.6
1.2
1.5
1.4
0.4
0.7
0.3
-0.7
-0.8
-1.4
-1.4
0.0
0.1
0.5
-0.4
0.1
-0.4
0.2
0.6
0.0
0.3
-0.2
-0.1
0.6
0.8
0.5
0.1
0.0
0.0
0.5
0.9
0.1
0.1
0.5
0.5
1.4
0.9
0.3
0.5
0.1
1.0
0.9
1.2
0.1
0.0
-0.1
0.4
-0.2
0.6
0.0
0.0
0.4
0.6
0.5
0.1
0.1
-0.8
-0.7
-1.1
-0.8
-0.9
-0.8
-0.1
-0.9
-1.1
-1.8
-1.1
-1.2
-1.3
-1.7
-1.1
-0.5
0.2
-0.1
-0.5
0.3
-0.3
-0.5
-1.0
-0.1
0.5
-0.6
-0.4
0.0
0.7
1.1
0.9
0.3
0.2
-0.7
-0.3
-1.0
-0.4
0.7
0.6
1.7
-0.4
0.5
-0.4
0.0
0.3
0.0
0.3
0.6
0.3
0.3
1.1
0.3
-0.7
-0.7
-0.3
0.1
1.1
1.0
0.6
0.7
0.4
0.3
0.6
-0.2
0.0
1.4
0.7
0.6
0.0
0.7
1.4
0.7
0.8
0.7
0.6
0.0
0.0
0.1
0.5
0.0
0.0
0.8
-0.4
0.6
0.3
0.5
0.2
-0.7
-0.6
0.6
-0.2
0.4
0.4
-0.4
-1.0
-0.9
0.0
0.7
0.6
-0.1
0.7
-0.2
0.1
0.1
0.0
0.3
0.0
0.5
0.3
0.7
0.8
0.6
0.4
-0.8
-0.5
-0.4
-1.2
-0.1
0.4
0.8
1.3
0.9
0.5
0.7
0.8
0.1
-0.3
-1.1
-1.7
-0.4
-0.3
0.3
0.0
-0.2
-0.2
-0.9
-0.7
-0.7
-0.8
-0.2
-0.6
-0.7
-1.2
0.0
0.2
0.7
-0.1
0.3
0.2
0.2
-0.4
-0.7
-0.9
-1.3
-1.1
-0.3
-1.1
0.0
-0.5
0.3
0.5
-0.5
-0.1
-1.5
-0.6
0.3
0.5
0.9
-0.6
-0.1
-0.4
-0.3
-0.6
-0.8
-1.2
-1.0
-0.5
0.3
-0.6
0.3
-0.4
0.8
1.1
0.3
0.0
-0.3
-0.5
0.0
0.3
0.2
0.7
1.5
1.5
1.8
0.9
0.7
1.5
0.2
0.6
1.0
1.7
1.1
2.0
1.2
1.0
0.6
0.3
0.3
1.5
1.4
1.9
1.1
0.0
0.2
-0.1
-0.3
0.6
0.0
0.1
0.0
-0.1
-0.5
-0.8
-2.0
-0.7
-0.5
0.4
0.8
-0.5
-0.6
-0.7
-1.4
-2.0
-2.1
-1.1
-0.5
-0.4
-0.3
-0.7
0.2
-1.2
-0.7
-1.2
-1.1
-0.4
-0.7
-0.5
-0.7
0.3
0.7
0.0
0.9
-0.6
0.1
-0.1
-0.1
0.6
0.1
0.7
0.2
0.5
-0.6
-0.5
-0.2
0.5
1.3
0.0
-0.4
-1.0
-1.0
-0.4
-0.5
-0.7
-0.2
-0.4
-0.5
-0.1
-0.9
-0.4
-0.3
-0.9
-0.6
-0.2
-0.5
-0.4
-0.9
0.0
-0.5
-0.8
-0.4
-1.2
-0.3
-0.8
0.3
-0.5
0.1
-1.1
-1.0
-1.3
-2.0
-0.9
-1.0
-0.5
0.1
0.0
-1.1
-0.3
0.0
0.2
-0.3
-1.2
-0.6
-1.0
-1.4
-0.9
-0.5
0.1
-0.4
-1.1
-1.5
-1.0
-1.0
-0.7
-0.4
-0.8
-1.1
-1.0
-0.4
-0.8
-0.3
-0.8
-1.1
-0.3
-0.3
-0.7
-1.2
-2.3
-0.8
-1.6
-1.6
-0.6
-0.5
0.1
-1.2
-0.6
-0.8
0.4
-1.0
0.3
0.0
-0.9
-0.6
-1.3
-1.9
-1.8
-2.3
-0.6
-0.2
0.2
0.5
0.1
0.3
-0.3
-0.5
-1.0
-1.5
-0.9
-0.1
0.0
-1.1
-0.2
-0.2
-0.3
-0.1
-0.8
-0.9
0.9
0.0
0.0
-0.4
-0.4
0.0
-0.2
1.0
1.5
1.4
1.5
0.0
0.4
-0.8
-0.8
-1.2
-1.3
0.0
1.0
1.5
1.7
1.3
0.4
0.3
-0.4
-1.3
-1.4
-0.5
-0.1
0.8
0.8
0.5
0.2
-0.1
-1.2
-1.1
-2.1
-2.4
-1.3
0.1
0.3
1.2
1.2
1.9
0.0
0.2
-0.4
0.3
1.1
1.1
2.0
1.7
1.1
1.0
0.8
1.0
1.5
0.5
1.2
0.1
0.5
1.1
1.7
1.8
2.0
2.0
0.4
2.6
2.1
0.5
0.2
0.2
0.7
0.2
0.0
0.3
0.9
-0.2
1.0
1.6
1.6
0.7
0.4
-0.1
0.2
-0.9
-0.8
-0.6
-0.2
0.5
1.7
0.6
0.3
0.3
-1.1
-0.7
-0.4
-1.3
-0.5
-0.5
0.0
-0.2
-0.5
-1.1
-0.8
-1.3
-0.6
-1.8
-1.9
-2.3
-1.4
-0.1
-0.6
0.2
-0.7
0.0
-0.5
-1.1
-1.4
-1.4
-0.9
-1.5
-2.0
-2.5
-2.2
-2.1
-1.3
-1.5
-0.9
-1.1
-0.9
-0.4
-0.3
-0.7
-1.4
-2.0
-2.4
-2.8
-1.6
-0.6
0.2
0.6
0.5
0.5
0.4
0.0
-0.5
-0.5
-0.8
-1.0
-1.4
-1.6
-2.2
-2.7
-2.9
-2.5
-1.3
-0.3
0.3
0.4
1.6
0.6
1.4
1.0
1.8
1.5
0.8
0.9
0.1
-0.5
-2.0
-3.2
-3.8
-3.9
-3.0
-1.5
-1.0
0.6
1.0
0.9
0.2
0.0
0.1
1.5
1.7
1.8
1.2
0.6
0.1
-0.3
0.0
0.3
0.1
-0.8
-1.3
-2.6
-2.7
-2.6
-2.6
-1.0
-0.3
0.2
0.2
-1.4
-0.7
-1.0
-0.3
-0.8
-0.6
0.0
0.4
-0.2
0.9
1.2
0.2
0.0
-1.4
-1.8
-1.5
-1.2
-0.9
0.0
0.0
0.6
0.2
0.0
-0.1
-1.0
-1.0
-0.7
0.6
1.2
1.3
0.0
-0.1
-1.2
-1.5
-1.2
-1.9
-0.9
0.0
1.6
1.6
1.9
1.7
1.7
0.9
1.3
0.6
-0.3
-0.3
-0.7
-0.2
-0.2
0.3
1.0
1.3
0.5
0.5
0.0
-0.6
-1.2
-1.3
-0.6
-0.3
-1.4
-0.5
-0.1
-0.4
0.0
-0.5
-0.4
-0.7
-1.0
-1.7
-1.8
-1.5
-1.1
-1.0
-0.9
-0.7
-0.6
0.0
-0.8
-1.8
-0.6
-0.1
0.4
0.2
-0.2
-0.2
0.6
-0.6
-0.6
-1.1
-1.0
-1.3
-1.6
-0.6
-1.9
-1.4
-0.6
0.2
0.5
1.4
1.6
1.1
1.1
1.3
0.9
1.5
0.2
-0.4
-1.5
-1.9
-2.2
-1.6
-1.1
-1.2
-0.6
-0.9
-1.5
-1.2
-1.0
-0.2
0.8
1.0
2.1
1.4
1.4
1.3
1.7
1.3
1.3
0.2
0.6
0.2
-1.1
-1.6
-1.9
-2.0
-1.5
-0.3
-0.2
-0.6
-0.4
-0.4
-0.3
0.0
-0.7
0.0
1.0
0.8
1.1
1.0
1.2
1.1
2.0
1.6
0.8
1.0
0.1
-0.3
0.3
1.2
1.6
1.7
1.4
0.5
1.3
1.4
0.0
0.5
-0.8
-1.3
-1.1
-2.0
-2.1
0.1
-0.3
-0.1
1.0
0.7
0.6
0.4
-1.3
0.3
1.2
0.5
0.6
0.0
-0.5
0.4
0.3
-1.2
-1.5
-2.1
-1.2
0.3
-1.0
-0.4
-0.7
0.2
0.6
0.7
0.3
0.0
0.4
0.9
0.2
0.6
-0.2
-0.8
0.6
0.1
1.1
-0.1
-0.3
-0.4
-0.9
-0.9
-0.8
-0.5
0.0
-0.5
-1.2
-1.1
-0.4
-1.4
-2.4
-1.5
-1.0
0.2
0.0
0.0
1.1
0.9
1.3
0.5
-0.2
-0.7
-1.0
1.1
0.5
0.9
1.1
1.5
0.3
-0.7
-1.3
-1.8
-1.1
-1.9
-1.0
0.0
0.6
0.3
-1.2
-0.2
-0.5
-0.5
-0.4
0.3
0.1
0.7
0.4
0.0
0.1
0.0
-0.2
-0.4
-0.2
-0.7
-0.8
-1.0
-0.2
-0.3
0.0
0.0
-0.1
0.0
1.3
0.8
1.2
0.3
0.0
-1.0
-0.8
-1.8
-2.3
-1.1
-1.4
-0.7
0.0
-0.1
0.0
-0.4
-0.8
0.0
0.5
0.2
-0.2
0.0
0.1
0.0
-0.6
0.0
0.0
0.0
-0.6
-0.6
-1.0
-1.6
-1.5
-1.8
-0.6
-1.4
-1.2
-0.3
-1.0
-0.8
-1.2
-0.1
0.8
0.4
0.3
1.3
0.3
0.3
-0.8
-1.2
-2.3
-2.2
-2.2
-1.5
-1.2
-0.3
-0.6
-0.1
-0.8
-0.4
-0.3
-0.4
-0.6
-0.8
-0.7
-0.3
-0.8
-0.4
-0.7
0.2
0.1
-0.7
0.7
-0.2
0.3
-0.3
-1.2
-0.8
-0.8
-0.8
-0.5
-0.3
-0.8
0.0
-0.2
0.0
0.0
0.0
0.0
-0.9
1.0
0.3
1.5
0.0
-0.9
-1.2
-1.0
-1.7
-1.3
0.1
0.7
0.9
0.0
0.7
0.3
0.1
-0.5
-0.6
-0.6
-0.7
-0.2
0.0
-0.8
-0.7
-0.6
0.0
1.1
1.6
1.8
1.8
1.7
2.0
1.7
1.5
2.0
1.5
0.4
-0.1
-0.4
-0.3
1.1
1.9
3.5
3.0
2.9
1.8
1.8
1.5
2.4
1.9
1.3
0.3
0.7
0.9
0.3
0.4
0.6
-0.1
0.3
0.6
1.8
2.0
1.7
1.5
1.1
0.7
-0.3
0.7
0.6
0.1
0.2
0.0
-0.3
0.2
0.3
0.6
0.5
0.6
1.0
0.2
0.0
0.4
0.3
-0.1
-0.3
0.1
0.3
1.1
0.2
-0.1
0.7
0.0
0.9
0.0
0.8
0.8
0.2
-0.2
-0.2
-0.1
-0.6
0.2
0.0
1.2
0.9
-0.4
0.0
0.2
0.6
0.6
-0.1
1.1
0.8
0.8
0.0
-0.5
0.3
-1.0
-0.5
-0.1
0.6
0.9
-0.1
-0.2
0.4
0.0
1.1
0.1
0.0
0.0
-0.5
0.0
-0.4
-0.2
-0.5
-0.4
0.5
0.4
1.4
1.8
0.8
0.1
-0.2
-0.3
-0.3
0.1
0.0
0.0
0.0
-0.1
-0.3
-0.2
-0.1
0.1
0.2
0.5
1.1
0.6
0.0
-0.2
0.0
1.1
0.8
1.1
1.5
0.3
-0.1
-0.6
-0.6
0.0
0.0
0.3
0.7
0.0
0.4
0.2
-0.3
-0.1
-0.3
0.2
0.3
0.6
0.3
0.0
0.1
0.6
0.7
-1.6
-1.0
-0.1
0.5
1.3
-0.4
-0.4
-0.7
-1.7
-1.1
-0.3
-1.0
-0.9
-1.3
-0.3
-0.4
0.8
0.2
1.3
0.6
0.8
-0.2
0.4
0.5
0.9
0.3
-0.2
0.0
0.0
-0.1
-0.3
-0.5
-0.5
-0.3
-0.4
-0.5
-0.6
0.1
0.9
1.4
1.1
0.7
-0.3
0.3
0.2
1.1
1.1
0.8
-0.6
-0.8
-0.6
-0.8
-0.2
0.0
0.2
0.6
0.4
0.5
-0.4
-0.5
-0.1
0.2
0.3
0.7
0.8
1.1
0.5
-0.2
0.3
-0.3
0.3
0.0
0.1
0.5
0.5
0.1
-0.1
-0.2
-0.1
0.0
0.8
1.1
1.3
1.3
1.2
0.2
-0.1
-0.2
0.9
0.5
0.5
0.3
0.5
0.9
0.4
-0.3
-0.5
-0.5
-0.4
-0.1
-0.1
0.6
0.8
0.9
1.4
1.7
0.5
0.0
-1.0
-1.9
-1.0
-0.4
0.8
1.3
0.4
-0.5
-0.4
1.0
0.0
1.7
0.6
0.7
1.7
1.0
0.3
0.5
-0.1
-0.1
-0.4
-0.6
-0.8
0.2
-0.1
0.4
1.3
1.1
0.8
0.3
-0.1
0.3
0.0
-0.2
0.5
1.3
1.8
0.9
0.8
1.3
1.6
1.3
0.8
0.4
0.2
0.3
0.8
0.9
0.7
-0.2
0.6
0.7
0.7
0.5
0.2
-0.4
-0.9
0.9
1.1
2.2
1.5
1.4
1.7
1.8
1.5
1.3
0.9
1.2
1.5
2.4
1.8
2.2
1.3
1.3
0.8
1.8
1.4
1.2
1.5
1.3
1.5
0.8
1.0
0.3
0.8
0.5
1.3
1.6
1.5
0.4
1.0
0.3
0.5
0.5
0.3
1.5
0.8
0.4
-0.7
-0.9
0.0
0.2
-0.4
-0.5
-0.9
0.2
0.6
0.4
0.1
0.0
-0.6
-0.2
0.1
-0.5
-0.6
-0.2
0.1
0.5
0.9
0.2
0.0
0.2
-0.2
0.0
-0.5
-1.1
-0.4
-0.1
0.5
-0.1
-0.5
-0.3
0.2
1.5
0.6
0.3
-0.4
-0.3
-0.5
-0.2
-0.3
-1.3
0.0
-0.5
0.0
-0.1
-0.8
-1.0
-0.1
-0.3
-0.3
0.0
-0.4
-0.3
-0.4
0.7
0.5
0.6
-0.1
0.0
0.1
-1.1
-0.8
-1.1
-0.2
-0.1
0.5
1.0
0.6
0.0
-1.0
-1.0
0.2
-0.2
0.1
0.5
-0.1
0.9
0.0
0.0
0.0
-0.4
-0.3
-0.6
-0.6
-1.3
-0.5
-0.1
-0.3
0.3
0.3
-0.5
-0.3
-0.6
-0.7
-0.8
-1.8
-1.2
-1.0
-0.4
-1.0
-0.6
-0.8
-0.2
-0.6
-0.5
-0.2
0.0
0.1
0.2
0.1
0.0
0.4
0.3
0.5
0.0
-0.1
-0.2
0.2
-0.2
0.4
0.0
0.1
-0.1
-0.4
-0.4
0.6
0.7
0.7
0.5
-0.1
0.0
0.8
0.0
-0.1
-0.4
-0.6
-0.1
0.0
-0.5
0.0
0.4
0.6
0.0
-1.0
-0.3
0.1
0.9
0.3
-0.5
-0.9
-0.4
-0.1
0.0
-0.1
-0.1
-0.3
-0.4
-0.7
0.1
-0.5
-0.4
0.3
0.0
0.8
0.4
0.0
0.2
0.0
-0.4
-0.8
-0.4
-0.8
-1.8
0.0
-0.9
0.8
0.1
0.0
0.0
-0.3
0.1
-0.3
0.2
0.5
-0.3
0.3
-0.5
0.3
1.2
1.1
1.0
0.2
0.0
-0.5
0.4
0.2
0.5
0.1
0.6
1.8
1.1
1.2
1.0
1.0
0.2
0.5
0.7
1.0
0.5
-0.2
-0.8
-0.5
0.0
1.1
1.3
1.1
0.7
0.5
0.4
0.3
0.5
0.3
1.1
0.8
0.9
0.3
0.1
0.4
0.0
0.3
0.2
0.3
1.3
0.0
-0.2
0.0
0.7
-0.2
-0.1
-0.5
-0.8
-1.3
-1.3
-1.0
-0.5
-1.0
-1.9
-2.0
-2.1
-1.7
-1.2
-0.6
-1.0
-1.1
-1.7
-1.0
-1.1
-0.5
-1.0
-1.3
-0.5
-1.2
-0.5
-0.3
-0.2
0.1
-0.4
-0.5
-0.7
-1.6
-0.4
-0.5
-0.4
-0.4
-1.1
-1.0
-0.4
-1.0
-0.9
-1.3
-1.0
-0.2
-0.4
-0.4
-1.0
-0.8
0.0
0.3
0.5
-0.3
-1.3
-1.2
-0.6
-0.3
-1.2
-0.9
-1.4
-1.2
-0.9
-1.0
-0.9
-1.4
-0.8
-1.9
-1.2
-1.3
-1.4
-1.5
-1.7
-1.5
-1.0
-1.3
-1.2
-1.8
-1.2
-0.7
-0.7
-0.6
-1.9
-1.6
-1.5
-1.1
-0.4
-0.5
0.0
-0.3
-0.3
0.3
-1.5
-1.0
-1.3
-1.3
-0.7
-0.9
-0.8
-1.0
-1.1
-1.2
-0.6
-1.3
-0.9
-0.4
-0.8
-1.0
0.7
0.0
0.0
-0.4
-0.8
-0.6
-1.1
-1.2
-0.9
-1.2
-0.5
-0.8
-1.0
-0.8
-0.6
-0.6
0.2
-0.8
-0.3
-0.5
-0.4
0.3
0.5
-0.4
-1.6
-1.5
-0.7
-0.4
-0.7
-0.4
-0.4
-0.6
-0.5
-1.0
-1.2
-1.6
-1.9
-1.6
-0.4
-1.0
-0.8
-1.2
-1.0
-1.7
-2.2
-2.1
-0.6
-2.5
-2.0
-2.0
-2.1
-1.7
-2.9
-3.4
-1.5
-1.7
-0.8
-0.8
-0.7
-0.2
-0.5
-0.2
-1.2
-1.3
-0.6
-1.2
-1.0
-0.7
-0.3
-0.3
-0.6
-0.1
0.4
-0.9
-0.6
-1.1
-0.7
-0.8
-1.5
-0.8
-1.1
-1.1
-1.0
0.3
0.2
-0.3
-0.1
-1.0
-0.1
-1.0
-1.5
-1.5
-1.5
-0.7
-0.9
-0.6
-1.6
-0.6
-0.3
-0.6
-0.3
-0.3
-0.6
-0.4
-1.4
-0.8
-0.5
-1.5
-2.4
-1.5
-1.5
-1.1
-1.2
-0.9
-1.2
-1.2
-1.7
-1.0
-1.2
-1.4
-1.6
-0.9
-0.3
-0.4
-0.4
-1.0
-1.5
-1.1
-1.8
-1.3
-0.9
-1.0
-0.4
0.0
-0.1
0.0
-0.3
0.1
0.5
-0.8
0.0
-0.6
-0.4
-0.8
-0.5
0.0
0.7
0.0
-0.5
-1.1
-1.5
-1.7
-1.6
-0.6
-1.0
-0.1
-0.6
-0.4
-0.4
-1.0
-1.2
-0.3
-1.0
-1.5
-1.2
-0.5
0.1
-0.1
-0.6
-0.7
-0.4
-1.2
-1.2
-0.7
-1.3
-1.4
-0.3
-0.1
0.5
-0.5
-0.5
-0.3
-1.3
-0.6
-1.7
-1.0
-1.7
-0.9
-1.3
-1.0
-1.6
-1.1
0.0
0.0
0.2
-1.0
-1.3
-0.8
-1.1
-0.5
-1.0
-0.7
-0.3
-0.1
-0.5
0.5
-0.1
-0.1
0.3
0.5
0.1
0.9
-0.3
0.3
1.4
1.2
1.1
0.4
0.0
0.0
0.0
0.3
0.0
0.5
0.5
0.9
-0.6
-0.8
-0.8
0.5
0.3
-0.3
-0.5
-1.3
-1.5
-1.4
0.0
0.8
0.4
0.0
-0.5
0.2
-0.2
0.1
0.5
0.0
-0.6
-0.4
-0.5
0.0
-0.5
-0.6
-1.7
-0.4
-1.3
-0.8
-1.0
-0.6
-0.1
-1.2
-2.1
-1.5
-0.9
-1.1
-0.9
-1.1
-0.7
-0.8
-0.5
-0.8
-0.8
-1.5
-1.5
-1.1
-0.3
-0.4
0.0
0.1
0.1
-0.5
-1.7
-2.1
-1.8
-1.3
-0.8
-1.0
-1.0
-0.3
-0.1
0.4
-0.1
-1.7
-1.2
-1.6
-1.4
-1.0
-1.8
-1.3
-1.4
-2.1
-0.7
-0.5
-0.7
-0.7
-1.2
-1.2
-2.0
-1.8
-0.6
-0.1
-0.7
-1.1
-1.8
-1.1
-1.1
-0.4
-0.7
-1.4
-2.0
-1.6
-0.8
-1.1
-1.4
-1.1
-1.5
-0.9
-1.5
-1.2
-0.4
-1.2
-1.6
-0.9
-1.2
-0.3
-1.5
-0.9
-0.6
-0.6
0.0
-0.7
-0.6
-0.3
-1.9
-1.1
-0.8
-1.2
-1.1
-0.8
-0.8
-1.1
-0.5
-1.3
-0.3
0.1
-0.8
-0.5
-1.2
-1.0
-1.1
-1.2
-1.3
-1.5
-1.8
-1.7
-1.4
-0.8
-1.2
-0.8
-0.9
-1.8
-1.1
-1.8
-1.3
-1.4
-1.2
-0.3
-0.9
-1.6
-1.4
-1.8
-1.3
-1.3
-0.6
-1.0
-1.5
-1.5
-1.5
-0.8
-1.7
-1.6
-0.7
-0.3
-0.2
-0.1
-1.0
-0.2
0.4
0.0
1.0
-0.4
0.0
0.0
0.4
-0.7
-1.1
-0.9
-0.5
-0.2
-1.7
-2.2
-1.5
-1.0
-0.5
-0.1
0.0
0.2
-0.2
-0.9
-1.3
-0.3
-2.0
-1.2
-0.6
0.5
0.3
-0.1
-1.2
-0.9
-0.7
-1.5
-0.6
0.3
0.5
0.3
1.2
1.2
0.8
0.3
0.0
-0.3
-0.3
-1.2
-1.3
-1.5
-0.7
-0.2
0.1
0.6
0.6
1.1
1.3
0.2
0.0
-0.1
-1.0
0.1
0.5
1.0
1.0
0.2
0.4
0.5
0.1
0.4
-0.7
-1.0
-1.6
-0.3
0.0
0.7
0.3
-0.5
0.1
-0.2
-0.2
-0.7
0.1
-0.2
0.1
-0.7
0.2
0.9
1.3
0.9
-0.6
-0.5
-0.8
-0.5
-0.1
0.1
1.0
1.5
1.3
1.6
1.9
1.1
0.1
0.6
0.8
0.5
0.6
0.4
1.2
1.1
0.7
0.6
0.3
-0.3
0.7
0.8
1.3
1.9
2.2
1.9
2.7
0.9
1.3
0.8
0.0
0.0
0.6
-0.2
1.1
0.1
1.1
1.1
1.5
2.6
1.9
1.3
-0.2
-1.0
-0.7
-1.1
0.0
0.3
2.0
1.2
1.7
0.1
0.0
-0.7
-0.2
0.2
-0.1
0.0
1.2
0.9
0.7
0.2
0.0
0.1
0.3
0.4
-0.3
0.3
0.2
0.8
1.0
-0.2
-1.0
-0.2
0.0
0.8
1.0
0.9
0.7
2.0
1.3
0.7
0.5
0.0
1.1
0.8
1.0
2.0
2.1
1.6
1.6
0.6
1.6
0.9
0.9
1.8
1.3
1.9
1.7
1.1
1.9
0.6
0.8
1.7
0.4
1.1
0.5
0.9
1.0
0.9
0.1
-0.4
0.0
-0.8
-0.2
-0.4
0.0
0.9
0.2
0.6
0.1
-0.3
-0.7
-1.5
-1.8
-1.8
-1.0
-0.8
-1.2
-1.0
-0.6
-1.9
-0.9
-0.8
0.0
0.6
0.0
-0.1
-1.2
-2.2
-2.0
-1.2
-1.9
-2.2
-2.2
-1.2
-0.6
0.1
0.4
0.5
0.0
0.8
1.4
1.7
0.4
0.2
0.9
0.5
-0.2
0.1
0.0
0.9
0.5
1.2
0.4
1.2
0.1
1.3
0.8
0.5
1.0
0.4
0.6
0.9
0.4
1.1
1.0
1.2
0.9
0.8
0.0
1.5
1.2
1.0
0.0
-0.6
0.3
1.2
0.2
0.7
1.2
1.9
2.9
1.9
1.1
1.1
1.1
1.2
0.9
1.4
1.8
0.8
2.0
1.6
1.4
1.5
1.1
1.4
1.2
0.2
0.6
0.5
1.0
1.3
1.0
1.1
2.2
2.8
2.0
1.8
0.8
0.9
0.2
-1.5
-1.1
-0.4
0.1
1.1
1.5
1.7
1.8
1.2
0.5
0.1
0.9
0.0
-0.5
-0.4
0.0
0.9
1.0
1.3
2.0
2.0
1.5
1.7
2.4
0.9
1.2
0.2
0.6
-0.1
1.0
1.5
1.3
0.4
0.9
0.8
0.3
0.2
0.7
0.8
1.0
1.5
1.9
1.0
0.4
1.0
1.2
1.1
1.5
1.0
1.4
0.0
0.8
1.5
1.7
0.5
0.7
-0.2
0.3
0.6
1.1
2.0
2.6
2.0
1.7
1.2
1.0
1.2
0.8
0.3
0.7
0.5
0.8
0.5
-0.3
0.8
0.6
1.1
1.1
1.1
1.5
2.0
1.4
0.9
1.0
0.5
1.1
1.4
1.4
2.0
1.3
0.8
0.7
0.5
0.3
1.2
1.4
1.1
1.1
1.0
1.5
0.8
1.3
0.5
2.0
0.7
1.5
2.1
2.3
1.5
1.0
1.2
1.0
0.9
0.6
1.2
1.2
0.0
0.4
0.6
1.2
1.7
0.9
1.8
1.1
0.2
0.4
-0.3
0.3
0.6
1.0
1.4
0.6
0.5
0.6
0.0
0.3
-0.2
-0.1
-0.3
-0.2
-1.0
0.6
0.4
1.3
0.7
0.6
0.5
0.6
0.0
1.5
1.2
1.1
0.7
0.2
0.0
0.8
1.2
1.6
1.5
0.8
1.4
1.7
0.9
0.4
1.5
1.7
2.1
2.1
2.1
2.3
2.5
1.5
2.2
1.8
2.4
2.7
1.7
1.1
1.1
1.4
2.1
2.6
3.2
2.9
2.6
2.9
2.4
2.6
1.7
2.6
3.0
2.7
2.1
2.3
2.7
3.2
3.4
3.5
4.0
3.4
3.2
3.8
2.8
1.9
2.3
1.6
2.8
3.6
2.6
2.9
2.7
2.5
2.1
2.4
2.0
2.4
2.9
1.5
1.7
1.9
1.4
1.7
2.0
1.6
1.5
1.3
0.5
1.4
0.7
2.2
2.2
2.0
0.8
0.7
1.3
2.1
2.4
1.7
1.4
2.4
2.9
3.9
2.9
1.8
2.1
1.5
1.2
1.1
2.0
1.8
1.6
2.0
1.2
1.5
1.6
2.2
2.0
2.4
1.9
2.1
2.2
1.3
0.5
1.7
0.7
1.0
1.7
1.0
0.6
0.7
0.5
0.2
0.6
0.0
0.3
1.0
1.3
1.9
1.6
1.0
0.3
0.5
-0.2
-0.1
0.3
1.0
1.1
1.0
1.6
1.9
1.3
0.7
0.0
1.9
1.6
2.4
0.7
1.1
1.2
1.1
1.5
1.1
1.5
1.9
1.6
2.0
1.7
1.8
1.6
1.2
1.3
1.7
1.7
1.2
1.5
1.9
2.3
1.7
1.2
1.4
1.9
1.3
1.5
1.8
1.5
2.2
1.3
1.9
1.6
1.0
0.4
0.0
-0.1
0.3
0.0
-0.6
0.0
1.0
1.3
0.7
0.1
2.0
1.7
1.4
-0.3
0.6
1.4
1.5
0.9
0.5
1.2
0.8
0.4
0.0
0.6
0.3
0.4
0.3
0.9
1.9
2.3
2.1
2.0
2.3
1.8
1.8
0.6
1.6
1.7
1.0
0.8
0.4
1.2
1.3
1.9
1.7
2.4
1.7
2.8
2.1
1.2
0.1
0.3
0.8
1.5
2.1
2.1
2.0
0.8
1.5
0.9
0.1
0.5
0.7
1.3
0.9
1.3
2.2
2.7
2.0
1.9
1.9
0.7
0.4
0.0
1.0
1.2
1.0
2.2
0.6
1.4
1.2
1.2
2.2
1.5
1.2
1.8
0.6
-0.3
1.1
0.3
1.3
0.7
0.8
1.1
1.4
1.1
1.0
0.8
0.4
0.4
0.0
-0.8
0.4
-0.3
1.2
1.1
1.0
1.2
0.7
-0.8
0.1
-0.1
-0.3
0.4
-0.8
-0.9
-0.2
0.2
0.5
0.5
1.0
1.4
2.0
0.9
0.7
0.3
-0.4
-0.1
0.3
0.0
1.0
0.6
1.8
0.6
0.8
-0.3
1.3
0.8
-0.3
0.0
0.2
1.3
0.5
0.1
-0.4
-1.1
0.2
-0.4
0.4
0.6
-0.1
0.5
0.0
-0.6
-0.3
0.6
0.5
0.6
-0.7
0.0
-1.3
-0.3
-0.1
0.6
0.4
-0.2
-0.4
0.2
-0.8
-0.3
0.2
0.3
0.3
-0.1
0.0
0.0
-0.4
0.0
-0.4
0.5
0.2
0.3
0.3
0.3
0.5
0.0
0.0
-0.3
0.6
0.2
-0.1
0.1
0.0
0.0
-0.3
0.8
0.2
0.0
-1.1
-0.3
-0.4
0.1
0.0
0.0
-0.2
-0.4
-0.9
-1.3
0.0
-0.4
0.2
-0.2
-0.6
-0.9
0.0
-0.4
0.4
-0.5
-0.6
-0.5
0.4
0.2
-0.3
-0.5
-1.0
-0.8
-0.6
-0.3
0.3
-0.6
-0.4
-1.0
-0.3
-1.0
-0.3
-0.8
0.0
0.1
0.0
-0.7
-0.7
-0.1
-0.4
-0.6
-1.1
-0.1
0.4
-0.5
-0.6
-0.6
-0.1
-0.2
0.0
0.1
0.3
0.4
0.1
0.5
0.6
0.6
0.3
0.5
1.0
0.6
0.0
0.1
0.9
0.4
0.9
0.8
0.4
0.6
0.0
0.4
0.5
0.4
0.0
-0.7
0.5
0.6
1.2
0.8
0.8
0.1
-0.3
-0.9
0.0
0.2
0.1
-0.5
-0.5
-0.1
-1.0
-0.6
-1.1
0.7
0.9
0.0
-1.1
-1.2
-1.1
-1.3
-0.2
-0.6
-0.6
-0.5
-1.3
-1.3
-1.0
-0.7
-0.4
-0.8
-0.5
0.3
0.3
0.1
-0.4
-1.3
-1.4
-1.7
-0.1
-0.1
-0.7
-1.2
-0.5
-0.2
-0.6
-0.8
-0.2
-0.2
-0.8
-1.1
-1.3
-0.3
-0.2
-1.0
-0.8
-1.1
-0.4
-0.5
-1.3
-1.1
-0.8
-0.8
-1.1
-0.6
-0.6
-0.7
-1.2
-1.1
-1.4
-0.7
-0.8
-0.9
-0.4
-0.6
-0.6
-1.3
-0.9
-0.9
-1.2
-1.2
-1.9
-1.0
-0.7
-0.7
-0.9
-1.2
-1.3
-1.2
-0.7
-1.2
-0.5
-1.1
-0.5
-0.3
-0.1
-0.7
-2.2
-1.3
-1.5
0.0
-0.2
-0.2
0.1
-0.7
-0.7
-0.6
-0.2
-0.2
-0.7
-0.1
-0.3
0.0
0.0
-0.6
-0.4
-1.7
-1.7
-1.2
-1.1
-1.0
-1.3
-1.3
-1.4
-0.7
-1.1
-1.5
-1.3
-2.2
-1.6
-2.0
-1.3
-0.8
-1.0
-1.8
-1.9
-1.8
-0.9
-1.5
-0.8
-2.6
-2.2
-1.3
-0.2
-0.2
-0.8
-1.6
-0.7
-0.7
-1.2
-1.0
-1.1
-0.9
-1.7
-2.3
-1.2
-1.3
-1.7
-2.7
-2.3
-2.6
-1.4
-0.6
0.0
0.5
-0.6
-1.0
-0.8
-1.6
-1.9
-1.9
-0.9
-0.4
-0.6
0.0
0.0
-1.1
-1.8
-2.1
-1.8
-2.0
-1.4
-0.7
-0.1
-0.7
-0.8
-0.8
-0.4
-1.8
-1.6
-1.6
-1.9
-2.4
-2.5
-2.2
-2.3
-1.7
-1.4
-0.7
-0.3
0.0
0.8
0.3
-1.7
-1.3
-1.8
-0.5
-1.2
-1.0
-1.0
-0.3
-0.5
-0.9
-0.9
-1.8
-1.8
-2.6
-2.3
-1.8
-1.1
-0.7
0.0
-0.3
-1.0
-2.0
-2.0
-2.2
-2.0
-1.5
-1.0
-1.5
-1.0
-1.3
-0.8
-0.8
-1.2
0.0
0.7
0.7
0.8
0.5
0.8
0.0
-0.8
0.2
0.0
0.3
-0.1
-1.2
-0.7
-1.2
-1.0
0.3
-1.1
0.0
0.3
1.5
0.6
0.6
0.6
-0.5
-1.3
-3.0
-2.5
-1.7
-1.4
-1.2
-1.5
-1.1
-1.6
-1.7
-0.8
-0.3
-0.6
-0.8
-1.3
-1.5
-2.5
-2.1
-2.8
-1.8
-1.7
-1.7
-1.0
-0.4
-0.5
-0.1
-0.8
-1.3
-2.3
-2.1
-3.0
-3.0
-2.7
-2.8
-1.1
-1.0
-2.4
-2.0
-2.9
-2.9
-2.4
-2.1
-1.6
-1.2
-1.9
-1.8
-1.2
-1.4
-1.5
-2.1
-2.0
-2.2
-1.5
-1.4
-1.1
-0.2
-0.4
-0.4
0.0
-1.1
-1.2
-2.2
-3.0
-2.7
-2.3
-1.5
-0.8
-0.4
0.0
-0.7
-0.5
-0.4
-1.9
-2.2
-2.5
-3.7
-2.0
-3.4
-2.3
-2.6
-1.9
0.0
0.0
-0.7
-2.4
-2.5
-2.5
-3.1
-2.9
-2.8
-2.1
-2.3
-1.1
-1.2
-0.8
-1.3
-1.1
-1.3
-1.8
-2.1
-3.2
-3.9
-3.0
-2.0
-2.3
-2.0
-1.3
-1.1
-1.2
-1.9
-2.5
-2.1
-2.0
-1.9
-1.5
-2.3
-3.9
-2.8
-2.3
-2.0
-2.2
-2.0
-1.8
-0.9
-1.9
-1.7
-0.8
-1.2
-1.4
-1.5
-1.4
-2.3
-2.8
-2.3
-2.2
-2.0
-2.1
-1.7
-2.2
-1.5
-1.8
-0.2
-1.7
-2.0
-3.1
-3.3
-2.5
-2.3
-1.7
-1.0
-1.3
-0.8
-1.0
-1.8
-2.2
-1.9
-2.1
-2.8
-3.3
-3.0
-2.3
-1.7
-2.4
-1.5
-2.0
-2.4
-1.2
-1.8
-2.0
-2.3
-3.0
-2.2
-2.3
-1.4
-2.3
-1.5
-2.0
-1.6
-0.8
-1.9
-0.2
-0.6
-1.4
-2.3
-1.9
-1.2
0.0
-0.4
-0.1
-0.6
-1.6
-0.8
-0.3
-0.6
-1.3
-0.9
-0.8
0.0
0.7
0.3
1.1
0.3
1.0
0.6
1.0
-0.5
0.0
-0.3
-0.4
-0.6
-1.1
-0.7
0.4
0.0
0.6
-0.3
-1.3
-1.3
-1.9
-1.6
-1.8
-2.1
-1.9
-2.5
-1.7
-3.2
-2.5
-2.9
-2.6
-1.8
-2.4
-2.0
-2.6
-2.0
-2.3
-0.8
0.0
-0.7
-1.2
-2.6
-2.0
-0.8
-1.4
-0.9
-1.1
-0.4
-0.3
-1.0
-1.6
-1.7
-2.3
-3.5
-2.9
-2.6
-3.0
-3.8
-4.0
-4.6
-4.2
-4.0
-3.1
-1.7
-1.2
-1.1
0.3
-0.5
-0.7
-0.9
-0.4
1.2
0.0
0.2
-1.1
-1.8
-2.3
-3.4
-4.1
-3.9
-3.9
-3.2
-3.6
-2.2
-0.8
0.2
0.4
0.7
-0.3
-1.0
-2.0
-1.3
-1.1
-0.6
-0.9
0.2
0.0
-0.4
-1.1
-1.6
-1.8
-2.5
-3.8
-2.3
-1.8
-1.2
-0.5
-0.9
-0.7
0.1
0.0
-1.0
-1.7
-2.8
-2.0
-2.5
-1.3
-1.3
-0.9
0.5
-0.5
-1.1
-2.9
-2.8
-2.5
-2.0
-1.9
-1.3
-1.6
-1.0
-1.6
-1.5
-1.0
-1.0
-0.6
0.0
0.0
-0.2
0.1
-0.6
-0.9
-0.6
-0.9
-1.5
-1.3
-1.4
-1.4
-1.9
-2.2
-1.8
-2.6
-2.8
-3.0
-3.0
-3.0
-2.9
-2.3
-2.0
-3.4
-3.6
-3.5
-4.0
-3.3
-3.4
-2.5
-2.1
-2.3
-1.9
-1.7
-2.3
-2.7
-2.4
-3.2
-3.5
-3.2
-4.7
-3.4
-3.4
-3.0
-3.4
-3.1
-3.1
-2.6
-3.5
-3.9
-2.9
-2.9
-2.2
-2.5
-2.1
-2.0
-2.2
-2.4
-2.6
-3.2
-3.2
-3.7
-2.6
-2.1
-1.9
-1.6
-2.4
-2.2
-3.5
-2.9
-3.0
-2.3
-1.3
-1.9
-2.1
-2.7
-2.4
-2.2
-2.0
-2.8
-3.2
-3.5
-2.1
-2.4
-1.8
-2.4
-1.3
-1.6
-1.8
-2.7
-2.1
-2.7
-2.9
-3.4
-2.5
-2.4
-1.8
-1.7
-1.9
-2.8
-3.4
-3.0
-2.5
-3.1
-2.2
-2.1
-2.1
-2.6
-2.5
-2.5
-3.2
-3.3
-2.3
-3.0
-2.0
-2.9
-2.6
-3.0
-3.2
-2.8
-3.0
-1.7
-3.2
-2.5
-2.6
-2.7
-2.2
-1.9
-3.0
-2.6
-2.4
-2.3
-1.9
-1.5
-1.3
-1.9
-1.7
-2.5
-2.1
-1.9
-1.9
-2.4
-2.7
-2.4
-1.6
-0.8
-0.9
-1.4
-1.5
-2.8
-2.2
-2.0
-2.4
-2.7
-2.6
-2.5
-2.8
-2.1
-2.4
-1.3
-1.4
-2.0
-2.9
-2.4
-3.4
-2.9
-2.5
-2.8
-2.2
-2.2
-2.5
-2.3
-1.5
-1.4
-2.3
-2.6
-1.5
-2.1
-1.5
-1.6
-1.0
-1.1
-2.2
-2.0
-2.4
-2.7
-3.1
-1.4
-1.1
-1.8
-1.5
-3.7
-3.3
-3.7
-3.3
-2.4
-3.2
-4.0
-3.6
-3.0
-2.4
-2.7
-3.1
-2.7
-3.8
-3.0
-3.8
-3.6
-4.5
-4.1
-3.5
-2.1
-3.0
-3.4
-3.0
-3.3
-3.0
-3.5
-3.3
-3.7
-4.0
-4.3
-3.6
-3.0
-2.8
-2.9
-2.9
-2.5
-2.4
-2.6
-3.1
-2.7
-2.5
-2.9
-3.6
-3.8
-3.3
-1.3
-1.7
-1.1
-1.8
-1.6
-2.0
-2.6
-1.6
-1.8
-0.8
-1.2
-0.5
-1.6
-1.8
-2.0
-2.7
-2.4
-2.8
-1.6
-1.6
-1.7
-0.8
-1.1
-1.3
-1.3
-1.4
-2.1
-2.7
-3.5
-3.4
-2.4
-3.0
-1.7
-2.0
-1.8
-1.4
-2.5
-2.3
-2.1
-3.1
-3.0
-4.3
-4.4
-3.2
-3.6
-3.4
-1.8
-0.8
-1.0
-1.5
-2.6
-2.9
-3.4
-3.8
-3.4
-3.7
-3.2
-2.8
-1.8
-2.3
-3.0
-2.7
-3.6
-3.9
-4.6
-2.7
-2.5
-1.5
-1.6
-1.3
-1.9
-2.8
-4.3
-4.3
-5.4
-4.2
-2.9
-2.3
-2.4
-1.6
-1.7
-1.1
-2.4
-2.7
-2.8
-2.8
-3.3
-2.9
-2.0
-2.0
-2.0
-1.9
-2.6
-1.5
-2.5
-2.2
-2.7
-2.1
-1.6
-2.0
-1.8
-2.2
-2.6
-2.7
-3.3
-2.9
-2.3
-2.3
-2.6
-1.1
-1.6
-2.0
-3.2
-2.5
-2.4
-1.9
-2.0
-1.4
0.1
-2.2
-1.8
-2.9
-1.2
-3.5
-1.1
-2.3
-1.5
-3.0
-3.7
-1.0
-2.5
-1.1
-1.6
-3.2
-1.2
-3.8
-1.7
-3.6
-3.5
-2.0
-3.4
-3.3
-3.7
-3.5
-2.3
-3.7
-3.5
-3.0
-3.3
-3.0
-2.5
-2.2
-1.4
-1.9
-3.2
-2.9
-4.4
-2.9
-3.4
-2.1
-2.4
-2.9
-2.3
-2.9
-2.6
-3.6
-3.6
-3.4
-3.8
-3.7
-4.3
-3.6
-4.9
-3.5
-4.3
-5.0
-3.8
-3.2
-2.2
-3.4
-4.0
-3.4
-3.9
-2.4
-3.2
-3.3
-3.1
-4.3
-4.2
-4.5
-4.6
-5.0
-4.3
-4.6
-4.8
-4.6
-4.8
-2.9
-3.5
-4.5
-1.8
-4.1
-3.9
-4.8
-4.8
-3.5
-4.4
-3.6
-3.2
-4.0
-3.4
-4.6
-4.0
-4.8
-3.6
-3.8
-4.2
-4.1
-4.6
-4.3
-5.3
-5.6
-5.3
-5.9
-4.9
-4.1
-5.7
-5.1
-5.3
-6.0
-5.7
-5.4
-6.4
-6.5
-7.0
-5.7
-6.1
-5.7
-5.0
-4.0
-4.3
-5.6
-6.5
-5.8
-5.1
-5.1
-4.5
-4.7
-4.2
-4.8
-5.4
-5.4
-5.7
-5.5
-4.6
-5.8
-5.7
-5.1
-4.9
-3.5
-4.2
-4.2
-3.9
-3.7
-3.4
-4.1
-4.6
-4.5
-5.0
-4.0
-5.0
-4.5
-4.6
-4.6
-4.6
-4.9
-5.4
-4.9
-4.3
-4.6
-3.6
-4.2
-3.8
-4.1
-3.8
-3.6
-2.6
-2.7
-1.7
-2.1
-1.3
-2.7
-2.0
-2.3
-2.9
-3.2
-2.9
-2.5
-2.7
-4.1
-4.0
-4.2
-3.3
-4.8
-3.1
-3.4
-2.9
-3.3
-4.1
-3.9
-3.5
-4.1
-5.0
-6.0
-5.6
-5.4
-4.2
-4.0
-4.8
-3.7
-3.5
-4.1
-3.1
-4.0
-4.2
-4.7
-4.6
-4.2
-3.2
-2.7
-3.6
-4.0
-4.8
-5.0
-4.2
-5.6
-3.7
-5.0
-4.0
-4.5
-4.1
-4.8
-4.1
-4.7
-5.2
-5.8
-7.6
-8.1
-9.2
-11.0
-12.6
-14.6
-16.7
-18.3
-18.8
-19.4
-19.3
-19.6
-20.6
-20.8
-22.6
-23.3
-24.0
-25.1
-25.1
-25.7
-26.5
-27.1
-27.3
-28.0
-29.4
-30.2
-31.6
-31.3
-32.0
-33.4
-33.9
-35.4
-36.3
-37.4
-38.6
-39.5
-40.7
-41.5
-41.9
-42.7
-42.9
-42.2
-44.5
-44.1
-45.3
-45.9
-47.3
-49.1
-50.2
-50.5
-50.6
-52.1
-50.7
-53.5
-52.5
-53.9
-55.0
-56.0
-57.3
-58.6
-58.8
-59.5
-59.5
-60.1
-59.5
-61.0
-61.6
-63.4
-64.2
-64.0
-64.8
-65.6
-66.3
-65.9
-66.4
-66.4
-66.6
-68.3
-69.5
-68.6
-68.1
-66.1
-65.9
-65.7
-65.9
-66.1
-66.3
-65.5
-65.7
-66.4
-66.3
-66.3
-66.0
-65.7
-65.4
-65.0
-65.1
-65.0
-65.4
-65.0
-65.3
-64.6
-64.6
-64.0
-64.0
-63.4
-63.7
-63.1
-62.3
-62.2
-62.0
-62.3
-62.2
-62.0
-61.6
-61.7
-61.8
-60.9
-61.3
-59.5
-60.5
-59.3
-60.5
-59.4
-59.6
-59.0
-58.7
-59.2
-59.0
-59.7
-59.4
-59.0
-56.2
-58.5
-57.1
-58.1
-57.6
-58.2
-57.5
-58.5
-59.0
-59.5
-59.6
-57.1
-59.3
-58.8
-59.9
-58.5
-59.9
-58.4
-57.7
-58.1
-58.0
-58.2
-57.7
-57.5
-57.1
-56.1
-55.6
-55.2
-55.0
-52.9
-52.0
-52.7
-52.5
-53.4
-54.3
-53.6
-52.5
-51.0
-49.2
-49.0
-48.8
-48.7
-47.7
-48.3
-47.4
-48.9
-48.8
-50.0
-51.1
-49.1
-48.2
-47.3
-47.1
-47.0
-46.7
-46.0
-46.4
-45.9
-46.7
-45.7
-46.3
-46.8
-45.7
-45.9
-45.8
-45.7
-45.7
-45.8
-44.6
-43.8
-44.2
-42.9
-43.6
-42.7
-41.3
-41.4
-41.9
-42.6
-42.4
-42.5
-43.0
-43.6
-43.9
-43.0
-42.9
-41.9
-41.7
-40.7
-40.0
-39.2
-38.9
-38.9
-38.3
-39.9
-40.1
-40.7
-41.3
-41.9
-40.5
-42.3
-41.4
-41.5
-42.6
-40.9
-40.7
-40.4
-40.4
-40.3
-40.4
-40.0
-39.9
-39.3
-39.3
-38.8
-37.5
-38.5
-36.6
-36.8
-38.3
-37.3
-35.9
-37.6
-37.2
-38.1
-36.7
-35.3
-35.5
-36.3
-35.6
-36.2
-34.9
-34.2
-35.2
-35.2
-36.0
-34.3
-34.1
-34.6
-33.5
-34.0
-33.2
-35.0
-34.3
-33.7
-33.0
-33.0
-33.2
-33.4
-32.4
-32.6
-31.6
-32.1
-32.6
-33.2
-33.9
-32.8
-33.0
-32.2
-32.1
-32.1
-32.5
-32.5
-32.7
-33.1
-33.5
-33.8
-34.3
-34.7
-35.0
-33.9
-35.3
-34.9
-35.0
-34.9
-35.7
-35.1
-36.7
-36.8
-37.0
-37.2
-37.3
-36.9
-37.0
-37.3
-37.9
-38.7
-39.1
-39.3
-40.0
-40.1
-39.6
-39.9
-40.0
-40.9
-42.0
-40.1
-40.6
-40.0
-41.3
-41.7
-41.0
-41.2
-42.7
-42.7
-42.5
-43.5
-43.5
-44.4
-44.4
-44.6
-45.6
-44.9
-45.0
-45.8
-45.9
-46.2
-46.7
-47.5
-48.7
-48.7
-47.9
-48.3
-47.5
-48.7
-49.9
-49.3
-50.0
-48.9
-50.0
-51.1
-50.2
-49.2
-49.8
-48.3
-49.2
-50.0
-50.1
-48.2
-49.6
-51.1
-49.7
-49.8
-50.0
-50.1
-50.7
-48.9
-49.6
-51.9
-50.3
-49.4
-50.4
-50.3
-48.0
-48.6
-50.0
-52.7
-50.4
-50.7
-49.3
-50.5
-50.0
-51.8
-54.0
-51.2
-50.8
-51.2
-52.2
-52.3
-53.4
-52.5
-53.0
-50.2
-51.7
-51.0
-53.2
-53.9
-54.3
-54.9
-53.8
-53.9
-53.8
-54.5
-52.5
-54.7
-54.7
-55.5
-55.2
-55.2
-55.4
-55.7
-54.7
-55.4
-55.8
-55.5
-55.6
-55.3
-55.6
-56.5
-58.7
-58.8
-57.1
-57.0
-57.9
-58.3
-59.0
-58.7
-59.1
-60.0
-58.8
-59.1
-60.2
-61.2
-61.7
-61.2
-62.2
-61.8
-62.9
-63.4
-64.6
-65.1
-63.9
-63.8
-63.7
-64.9
-64.8
-64.5
-64.1
-63.6
-62.5
-63.7
-63.2
-64.2
-62.8
-62.9
-61.9
-62.0
-61.9
-62.2
-61.8
-62.5
-62.2
-62.3
-61.0
-61.4
-62.2
-61.3
-63.0
-59.5
-65.6
-62.5
-63.7
-62.9
-63.0
-62.8
-63.2
-63.0
-62.6
-62.8
-62.7
-63.5
-64.0
-64.3
-63.1
-63.3
-63.5
-63.4
-63.8
-63.4
-62.6
-61.9
-61.7
-62.6
-63.8
-63.8
-63.7
-62.7
-63.1
-63.3
-64.1
-65.1
-65.6
-65.5
-65.8
-68.7
-71.8
-72.2
-72.4
-72.3
-72.2
-72.1
-73.7
-73.3
-74.2
-74.1
-74.5
-75.9
-75.1
-74.8
-73.8
-75.3
-74.2
-74.4
-74.4
-75.3
-75.2
-73.9
-74.3
-73.7
-73.8
-72.9
-73.9
-73.8
-74.1
-73.8
-74.8
-74.3
-74.5
-72.6
-75.5
-75.0
-74.2
-73.3
-74.3
-74.8
-74.6
-76.7
-74.7
-75.7
-75.0
-74.0
-74.0
-75.0
-73.9
-73.6
-76.6
-75.4
-74.1
-74.8
-73.6
-75.2
-74.0
-73.5
-71.3
-74.3
-72.7
-74.3
-73.7
-73.8
-73.5
-75.1
-75.0
-74.0
-73.5
-73.6
-73.0
-72.4
-72.3
-72.6
-72.4
-73.5
-72.1
-71.5
-74.9
-73.7
-74.8
-73.9
-74.6
-74.5
-73.8
-73.0
-73.5
-76.8
-73.3
-74.4
-73.0
-73.5
-73.9
-74.8
-75.2
-73.3
-74.0
-75.3
-72.7
-72.9
-72.8
-72.9
-74.0
-72.0
-71.8
-74.5
-75.3
-74.8
-73.0
-73.8
-72.5
-71.9
-71.5
-72.0
-69.5
-72.0
-70.7
-74.1
-72.4
-73.1
-71.1
-72.6
-73.0
-72.3
-72.2
-70.8
-70.4
-72.6
-71.9
-72.7
-73.3
-72.9
-71.1
-71.3
-70.6
-71.1
-70.9
-71.1
-70.5
-71.9
-71.9
-71.9
-71.2
-72.0
-71.5
-71.5
-70.2
-73.7
-69.2
-71.8
-69.7
-71.0
-72.5
-71.5
-72.5
-73.8
-74.8
-72.4
-71.4
-70.3
-70.9
-71.7
-71.5
-70.1
-71.5
-71.7
-73.5
-72.2
-71.4
-71.5
-71.0
-72.4
-71.9
-73.2
-72.1
-71.9
-72.6
-72.8
-73.9
-73.0
-71.5
-72.4
-72.1
-69.7
-70.6
-70.8
-72.8
-73.8
-73.3
-74.3
-77.9
-74.0
-72.7
-71.6
-71.9
-71.3
-71.1
-71.0
-74.0
-74.4
-74.1
-75.6
-74.5
-74.4
-74.6
-74.6
-75.7
-75.2
-74.8
-75.8
-75.4
-76.5
-74.7
-75.7
-78.2
-74.7
-76.1
-74.9
-76.5
-77.6
-76.4
-77.5
-78.9
-77.3
-77.8
-77.3
-78.2
-77.8
-78.0
-77.8
-78.7
-79.1
-79.1
-78.6
-78.4
-79.7
-78.0
-79.8
-80.3
-80.6
-80.5
-79.5
-80.0
-80.3
-80.0
-81.3
-80.7
-79.9
-81.2
-79.5
-81.0
-79.8
-80.4
-81.7
-81.8
-82.0
-82.5
-81.6
-81.5
-81.3
-82.4
-82.2
-82.2
-82.2
-82.9
-84.3
-83.2
-83.8
-82.0
-83.4
-84.1
-83.6
-84.5
-84.7
-85.5
-86.1
-84.7
-84.9
-84.2
-85.5
-86.4
-86.3
-85.3
-84.4
-84.5
-83.8
-83.8
-84.2
-84.5
-85.1
-84.9
-85.0
-84.8
-85.5
-86.1
-85.4
-85.2
-84.9
-84.4
-86.5
-84.8
-85.8
-85.0
-85.6
-84.7
-85.1
-86.7
-85.8
-85.7
-85.6
-84.7
-85.0
-85.1
-85.3
-84.5
-85.3
-84.8
-86.8
-86.5
-86.4
-84.8
-85.2
-84.1
-85.0
-85.6
-87.0
-86.5
-86.6
-85.6
-84.7
-84.3
-83.9
-83.2
-83.7
-84.2
-84.4
-84.8
-85.0
-84.6
-83.4
-83.4
-82.7
-82.9
-82.8
-83.1
-82.6
-82.1
-82.7
-81.7
-83.2
-82.3
-82.1
-82.2
-81.7
-81.0
-81.3
-80.6
-81.3
-80.5
-81.4
-79.9
-79.5
-79.0
-78.9
-78.2
-77.6
-78.8
-80.5
-80.1
-80.0
-78.6
-79.1
-78.8
-78.6
-78.4
-79.6
-78.1
-78.7
-78.5
-77.9
-77.3
-77.0
-76.5
-76.7
-76.9
-76.2
-76.2
-76.5
-75.2
-75.8
-75.9
-76.0
-75.9
-76.6
-75.8
-76.0
-74.7
-74.1
-73.9
-73.8
-73.2
-73.1
-72.6
-72.3
-73.7
-72.9
-73.1
-72.2
-72.2
-71.4
-70.9
-71.5
-70.9
-72.0
-71.3
-72.8
-71.6
-70.7
-70.2
-69.2
-69.3
-68.5
-69.1
-69.5
-68.6
-69.8
-69.6
-69.7
-69.2
-69.1
-68.5
-69.0
-67.7
-67.0
-67.9
-67.4
-68.6
-68.2
-66.9
-67.0
-66.4
-66.9
-66.5
-66.2
-65.8
-65.4
-65.1
-64.5
-64.4
-62.8
-63.5
-63.0
-62.9
-61.6
-60.9
-61.6
-61.6
-61.3
-60.8
-60.8
-60.7
-60.1
-59.6
-60.3
-60.3
-60.6
-60.6
-60.3
-59.6
-59.2
-59.2
-59.5
-59.1
-59.8
-58.9
-59.1
-58.7
-57.4
-58.0
-57.0
-57.3
-57.0
-57.2
-56.3
-54.9
-56.2
-55.3
-55.8
-57.2
-55.6
-56.0
-54.7
-54.3
-55.0
-54.3
-54.1
-54.4
-54.8
-55.2
-55.9
-55.0
-54.7
-53.7
-53.4
-52.8
-51.6
-51.9
-51.5
-51.4
-52.2
-50.8
-51.6
-51.4
-51.0
-50.7
-51.4
-51.5
-51.1
-50.2
-50.9
-50.7
-51.8
-50.4
-49.8
-49.2
-48.6
-48.1
-48.8
-48.7
-49.7
-49.0
-49.4
-49.3
-49.2
-48.6
-47.4
-46.8
-46.5
-45.9
-47.4
-48.0
-48.4
-47.4
-47.1
-47.0
-46.5
-46.7
-45.9
-46.1
-45.6
-46.2
-45.4
-45.1
-44.9
-45.0
-45.6
-45.6
-45.3
-45.5
-44.7
-44.5
-43.8
-44.0
-42.9
-43.8
-43.4
-43.6
-43.4
-43.6
-44.7
-44.0
-43.2
-43.6
-42.7
-42.8
-42.6
-44.1
-44.4
-43.2
-42.9
-42.2
-43.1
-43.8
-44.4
-43.9
-42.7
-41.5
-41.6
-41.9
-41.6
-42.1
-43.0
-42.5
-41.8
-41.1
-41.0
-40.4
-41.6
-40.8
-40.2
-40.5
-40.5
-40.8
-41.1
-40.5
-40.9
-40.6
-40.4
-40.4
-39.5
-39.3
-39.1
-39.1
-38.7
-37.7
-37.8
-37.2
-36.9
-36.7
-36.4
-36.0
-36.0
-37.0
-37.2
-36.6
-35.5
-35.6
-35.6
-35.9
-37.2
-36.3
-36.7
-36.4
-35.9
-36.3
-35.8
-35.9
-35.8
-35.5
-35.7
-35.6
-35.7
-35.4
-35.1
-35.7
-36.0
-36.2
-35.4
-36.1
-34.7
-36.0
-35.8
-35.9
-35.4
-35.7
-35.3
-34.6
-35.1
-34.9
-35.4
-34.9
-34.4
-35.9
-34.2
-33.5
-34.1
-33.8
-34.2
-33.6
-33.1
-33.4
-33.2
-33.9
-34.9
-34.8
-35.1
-35.0
-33.0
-33.5
-32.6
-33.0
-32.9
-33.6
-33.4
-33.8
-33.7
-33.0
-31.6
-29.7
-31.7
-30.7
-32.7
-32.9
-33.0
-32.8
-32.1
-32.9
-31.9
-33.0
-31.7
-30.0
-30.0
-28.7
-29.7
-30.1
-29.6
-28.8
-29.4
-29.0
-29.5
-29.6
-29.2
-30.0
-29.8
-29.8
-27.4
-29.8
-29.1
-30.0
-28.1
-28.4
-28.2
-28.6
-29.0
-29.2
-28.8
-28.4
-28.2
-28.7
-29.2
-28.9
-29.5
-28.9
-27.9
-27.9
-27.9
-26.7
-26.7
-26.2
-26.7
-27.2
-27.2
-26.8
-25.7
-24.8
-24.5
-25.4
-24.8
-25.1
-25.7
-25.4
-24.5
-24.4
-25.3
-25.0
-25.1
-25.3
-24.0
-23.7
-24.2
-24.0
-24.3
-23.9
-22.7
-23.2
-22.4
-22.3
-22.0
-22.2
-22.3
-22.4
-22.9
-22.6
-21.6
-21.3
-21.1
-21.1
-21.1
-20.9
-21.0
-20.1
-20.0
-19.1
-20.1
-20.0
-19.6
-19.1
-18.2
-17.2
-16.2
-15.4
-16.1
-17.4
-18.6
-17.4
-18.4
-16.8
-17.2
-16.8
-16.5
-17.1
-17.2
-16.9
-17.1
-16.5
-17.1
-16.2
-16.6
-15.8
-16.7
-17.8
-17.7
-17.7
-17.6
-16.6
-16.0
-16.1
-16.4
-17.0
-16.3
-16.1
-15.5
-17.0
-16.9
-17.1
-16.4
-16.0
-15.7
-14.9
-15.7
-16.2
-14.4
-14.4
-13.8
-15.0
-14.4
-13.9
-14.1
-14.1
-14.0
-13.3
-13.3
-14.6
-14.0
-14.3
-13.6
-13.4
-13.0
