0.4
-3.8
0.4
-0.9
-1.4
-3.0
-3.3
-1.5
-1.8
-1.4
-1.9
-4.5
-2.4
-2.5
-0.2
-0.4
-1.1
-0.3
-0.9
-1.5
-2.4
-0.3
-1.5
-3.0
-4.5
-3.1
-3.1
-1.7
0.7
-0.5
-1.4
-2.4
-1.3
-1.3
-1.4
-1.2
-0.5
0.8
-0.4
-0.8
-0.6
-1.7
-3.4
-2.5
-3.2
-1.3
-0.5
-3.6
-1.5
-0.6
1.1
0.1
-1.8
-3.4
-3.5
-3.0
-0.2
-0.3
0.3
-2.5
-2.0
-1.6
-0.6
-4.0
-2.6
-2.6
-0.8
-0.7
-0.6
0.0
0.9
-0.3
-1.5
-0.3
-1.2
0.1
-1.5
-0.9
-1.1
-0.9
0.3
0.2
-0.2
-0.3
-0.6
0.0
-1.3
-1.6
-1.9
-0.3
0.5
0.0
-1.6
-1.2
0.1
0.6
1.3
-0.4
-0.5
0.0
-0.5
-0.7
-2.5
0.5
0.8
0.0
1.0
0.1
0.8
0.4
-0.3
-0.1
-0.3
-1.4
0.0
0.5
0.5
0.6
-0.8
-1.9
-2.0
-0.5
-0.5
-2.2
-3.8
-0.6
0.0
0.0
0.1
0.1
0.0
-0.4
-2.0
-1.4
-0.7
-1.4
-1.1
-1.2
-0.9
0.0
-1.0
-1.6
-1.5
-0.8
-0.2
-2.0
0.1
-0.6
-0.3
-1.3
-1.7
-0.8
0.2
-0.5
-0.2
-0.7
-3.1
-2.7
-2.0
-1.6
-2.0
-2.2
-1.4
-1.7
-1.3
-1.3
0.6
-0.4
-1.2
0.2
-0.8
-1.0
-1.1
-1.5
-1.1
-2.9
-2.9
-1.1
-0.3
-2.3
-0.7
-1.5
-0.4
-0.7
1.2
0.8
-0.4
-1.8
-1.6
-3.2
-0.5
-1.6
-0.3
1.1
-2.0
-0.8
-0.8
-0.6
-1.2
-1.7
-3.8
-1.6
-0.4
-0.7
-0.1
-2.4
-1.1
-1.6
-0.6
-0.5
-0.9
0.3
-1.5
-1.8
-1.6
0.0
0.9
-1.2
-3.7
-1.2
-1.2
0.7
-1.5
-2.8
-1.7
-0.5
-0.4
-1.2
-4.4
-2.6
0.0
2.2
0.9
-0.6
-0.8
0.0
0.8
1.5
1.2
1.3
1.2
1.9
2.4
2.6
3.6
3.5
2.7
3.4
3.2
3.4
3.2
5.5
5.9
5.0
5.3
4.5
5.8
6.9
5.9
7.0
3.5
3.4
3.5
4.2
3.3
1.5
2.7
1.4
1.5
2.5
1.8
1.6
1.3
0.7
0.8
0.4
0.8
-1.0
1.3
1.0
0.3
-0.2
-0.9
0.7
1.1
0.5
-0.5
-1.5
-1.9
-2.6
0.8
-1.0
-1.5
-1.3
-1.6
-0.6
-1.5
-1.6
-1.5
0.0
-2.0
-1.1
0.0
-0.5
0.8
-0.3
-1.0
-0.3
-1.2
-0.8
2.3
-1.3
-0.1
-0.8
-0.2
0.2
-1.6
-1.8
-2.4
-2.1
-2.2
-1.3
-1.1
-1.7
-3.3
-1.3
0.1
0.9
0.9
-2.7
-2.9
-1.0
0.1
-0.1
-2.7
-1.7
-2.0
-1.2
-2.4
-1.9
-2.6
-1.3
-2.2
-1.3
-1.9
-1.8
-1.9
-2.1
-1.7
-2.1
-1.3
-0.4
-1.3
-1.7
-2.2
-2.1
-3.3
-3.8
-3.2
-1.3
-1.2
-3.3
-3.2
-1.8
-0.6
0.9
0.3
-1.1
-1.6
-2.0
-2.5
-1.9
-1.3
-3.1
-1.9
-1.6
-1.4
0.2
0.0
-2.6
-1.8
-1.1
-0.7
-1.6
-1.7
-1.7
-0.7
-2.2
-2.1
-0.6
-0.7
-1.9
-2.0
-1.8
-1.3
-0.9
1.5
1.5
-0.3
-1.2
-3.3
-1.2
-1.0
-0.7
-1.4
-1.6
-2.0
2.0
1.6
1.4
-0.4
-1.8
-3.5
-5.2
-5.1
-4.8
-2.0
-1.3
0.0
1.0
0.4
-1.0
0.1
-3.4
-1.4
-1.5
-0.5
0.3
-1.2
-1.3
0.9
-0.1
-0.2
-1.6
-2.2
-2.5
-1.8
-1.2
-1.7
-0.6
-4.3
-1.8
-1.4
-0.5
0.0
-2.4
-2.2
-2.6
-0.6
0.4
-1.0
-1.3
-0.8
-0.7
-0.9
-2.1
-2.9
-1.3
-1.5
-0.6
-2.7
-0.8
0.4
-1.0
-0.2
-2.4
-1.3
-0.7
-2.7
-2.2
-1.7
-2.3
-2.4
-0.2
1.1
1.2
0.7
-0.9
-0.8
-1.2
-1.6
-1.4
-2.7
-2.0
-0.8
-0.4
-0.9
-2.5
-1.9
-0.6
-0.8
0.0
-2.1
-2.2
-2.8
-0.5
0.0
0.0
-1.1
-1.3
-1.9
-0.6
-1.2
-1.6
-1.4
-1.9
-3.0
0.0
-1.4
-0.5
-1.4
-1.0
0.0
-0.8
-2.7
-2.0
-1.4
-1.9
-1.5
-1.6
-1.2
0.6
0.0
-0.2
-1.5
-2.0
-1.8
-0.6
-1.4
-1.9
0.3
0.5
0.7
-1.6
-2.4
-1.1
-1.6
0.4
-1.9
-4.5
-4.1
-1.3
1.2
2.2
-0.7
-1.5
-1.0
-1.9
0.0
0.8
0.0
-0.5
-1.5
-0.8
-0.5
1.0
0.8
-0.3
0.5
1.8
0.6
0.0
0.9
1.8
1.0
0.2
0.9
0.5
0.0
0.3
-0.3
-0.9
-0.4
-0.3
2.9
0.8
-1.3
-1.5
-1.1
-1.2
-1.7
-0.1
0.3
1.0
0.0
-1.4
-2.0
-0.4
0.0
-1.7
-0.6
-0.8
-0.2
1.7
0.6
0.5
-0.6
-2.1
0.4
3.4
2.5
1.6
0.0
0.8
1.5
0.4
-1.4
1.3
0.1
1.1
0.2
-1.2
-1.5
-1.5
0.3
1.9
1.3
0.2
-1.1
-1.3
0.4
0.0
-0.5
-0.2
-0.5
0.1
1.2
0.6
0.8
1.0
0.5
1.4
0.7
2.8
2.3
2.7
2.0
2.4
3.2
3.8
4.3
4.9
3.7
2.8
5.6
5.1
5.7
0.6
2.6
2.3
2.9
4.0
3.7
3.9
3.0
2.1
1.0
0.3
-0.3
2.1
1.4
2.0
4.0
4.1
2.5
-0.9
0.0
-0.2
1.3
1.4
-1.7
-0.8
-2.9
-1.1
1.2
1.0
1.0
1.1
-2.1
-1.7
-3.4
-0.1
0.5
0.2
0.9
-0.6
0.3
-0.7
-1.6
-1.9
-2.0
-3.5
-0.4
1.0
1.9
0.5
0.0
0.0
1.2
-1.0
-0.9
-1.0
-0.3
1.6
1.0
-1.1
-0.6
0.7
1.8
-0.5
-2.7
-1.9
-3.2
-2.9
-2.1
-0.4
0.6
-0.8
-0.7
-0.3
-2.0
-2.4
-3.9
-2.9
-0.6
-0.5
-0.4
-0.7
-1.0
0.2
-0.1
-0.8
-0.8
0.5
-1.1
-0.2
-0.6
-2.3
-0.4
0.2
0.8
0.1
-1.4
-0.1
1.7
1.7
-1.5
-2.2
-1.7
-1.0
-0.4
-1.4
-0.5
-0.5
-0.7
1.3
0.8
-0.5
-2.1
-0.3
0.0
0.3
-1.2
-2.5
-1.2
-1.3
0.0
1.1
0.9
2.2
0.2
0.6
-0.5
-0.8
-0.2
-1.7
-3.5
-4.1
-2.0
0.2
0.2
-0.3
0.5
-1.7
-1.5
-2.3
-0.2
0.1
-1.8
-0.8
-0.6
-0.4
-1.3
-1.4
-0.5
-0.5
-0.2
-1.6
0.8
1.0
0.0
-1.7
-2.0
-0.7
0.2
0.6
-1.6
-0.9
-3.8
-1.0
-0.8
0.9
0.6
0.2
0.5
-0.1
-0.8
1.2
0.0
0.2
1.5
-0.3
1.6
-0.5
-1.9
-1.6
-1.9
-2.6
-1.1
-2.2
0.2
0.3
1.2
-1.3
-1.3
-1.8
-1.5
-1.7
-0.5
-0.1
0.0
-2.5
-1.2
0.4
-0.7
-2.3
-2.6
-2.1
-1.4
0.9
1.0
1.5
0.2
-2.0
-1.0
-0.5
-0.6
1.1
-0.7
-1.0
-3.1
-1.1
0.0
1.1
0.8
0.8
0.4
1.3
0.2
-0.3
-1.1
-1.0
-0.2
-1.4
0.5
-0.2
0.5
0.8
0.2
-1.6
0.5
1.3
2.0
2.1
-0.8
-2.0
-1.1
-2.5
-1.0
0.0
-2.0
0.5
1.7
0.3
0.6
-1.6
-1.0
-0.8
-0.7
0.0
-1.6
0.2
-2.9
-1.8
-1.6
-2.0
0.9
1.0
0.4
0.6
-1.4
0.2
-1.1
0.0
0.3
-0.9
0.0
-0.9
-1.4
-2.7
-0.2
-0.4
-0.8
-3.5
-0.3
-0.1
1.7
1.8
1.4
-0.2
0.3
-0.4
-0.9
1.0
-1.0
-0.7
-0.5
-0.8
-1.1
-0.3
-0.5
-0.8
-2.2
-0.2
-0.8
1.1
0.6
1.6
1.3
0.9
-0.1
0.1
0.9
0.9
1.1
2.4
3.6
4.9
6.1
8.1
7.7
4.9
6.5
5.7
5.5
6.3
5.5
6.6
7.4
6.3
7.5
6.5
3.3
3.4
3.5
5.7
6.3
5.4
3.0
5.0
3.7
2.5
2.5
2.5
1.9
1.2
-0.3
1.8
1.7
0.7
0.7
4.1
4.1
4.7
0.7
0.3
0.6
0.0
0.0
0.5
-1.3
-1.9
-1.7
-2.5
1.7
2.9
2.9
1.8
0.6
-0.6
0.1
0.4
1.4
0.9
-1.9
-2.5
-0.5
-0.1
0.6
1.2
2.3
3.2
0.0
0.0
0.2
-1.0
-1.7
1.9
2.2
2.1
-0.3
-1.5
-0.4
0.8
-0.8
-0.5
-0.3
-1.5
1.0
1.3
1.3
-0.8
-0.5
-0.2
-0.4
-0.8
-2.2
-2.1
-0.4
1.3
1.9
0.8
-2.2
-4.1
-3.2
-0.3
0.0
0.1
0.3
-1.5
-2.0
-2.6
-0.7
1.3
-0.6
-0.9
-1.8
-2.3
-2.8
-0.6
0.2
1.8
-0.1
-0.3
-0.4
0.3
-1.0
-1.0
-4.9
-2.4
-1.9
-1.6
-2.8
-3.6
-0.4
-0.4
-0.9
-1.5
-0.7
-0.1
-0.7
-1.2
-4.0
0.4
-0.7
-0.3
-1.4
-1.2
0.6
-1.0
-0.4
-0.8
-0.6
-0.9
-1.2
-0.1
-1.4
-1.7
-2.2
-2.0
1.3
2.2
2.6
1.9
0.6
-0.1
0.4
-1.7
-2.1
-2.3
-0.7
1.3
1.5
0.3
0.9
0.1
-0.6
-0.4
0.0
2.7
0.2
-2.4
-2.5
-2.5
-1.5
-0.4
-0.2
-0.7
-0.8
0.1
0.4
1.6
1.5
2.7
3.3
3.9
6.3
5.7
6.9
7.1
6.4
6.0
5.3
5.1
5.7
6.4
7.1
7.4
4.7
8.7
9.8
10.4
7.9
8.7
6.9
7.0
5.0
4.5
3.2
5.3
5.2
5.6
4.7
2.5
3.9
3.5
2.6
2.0
1.7
1.9
0.6
3.3
4.0
4.3
2.8
0.3
1.0
0.4
1.6
1.8
3.1
3.2
1.3
1.5
2.6
2.1
0.7
0.0
1.1
0.2
-1.2
-2.7
-1.2
0.1
0.4
1.1
0.6
0.5
0.6
-0.3
0.8
-0.5
-0.8
-2.4
-2.6
-0.3
-0.1
-1.0
-2.1
0.0
-0.8
-0.5
-1.8
-1.1
-3.4
-3.1
-1.3
-0.1
-0.3
0.9
1.7
2.9
3.3
0.6
2.1
-0.9
-3.3
-3.1
-2.6
-2.1
-1.0
-1.0
1.2
2.4
3.4
0.9
2.3
1.3
-0.4
-0.8
-1.4
0.4
1.3
0.7
0.0
1.7
1.2
1.2
0.7
1.7
0.8
1.6
0.9
2.6
-0.8
1.0
0.0
0.2
0.7
-1.0
-0.5
0.0
-0.8
-1.3
-0.1
-1.3
-1.3
-0.1
-0.6
-0.6
-3.1
-2.9
-0.8
-1.3
-0.8
-0.7
-2.6
0.5
-1.3
0.9
1.0
0.1
0.3
1.1
0.5
0.6
-0.5
-0.9
-1.7
-0.3
-0.4
0.0
-1.4
0.2
-0.3
1.1
-2.1
-0.8
-0.3
1.0
0.8
0.6
0.1
0.5
0.0
-0.2
1.5
-1.2
-2.2
-2.0
-0.8
0.0
-0.1
-1.6
0.0
0.0
-1.3
-0.9
-2.4
1.1
0.9
1.5
-1.0
-0.3
-0.2
0.4
-1.5
-0.8
-1.6
0.6
0.5
0.6
0.4
0.5
2.4
0.3
-0.2
-1.5
-1.1
-0.3
-1.1
-0.7
-0.6
-0.8
-1.3
0.0
0.6
0.3
-0.9
-0.8
-2.4
0.5
-0.1
0.7
-1.3
-1.0
-0.1
-0.3
-1.0
0.1
-1.8
0.1
0.6
-0.8
0.1
-0.4
0.2
0.4
0.7
0.4
-1.3
-0.5
-0.7
-0.1
-0.3
-1.0
-1.5
0.1
-0.7
-0.4
-0.6
0.0
-2.8
0.2
-0.7
-0.7
0.3
0.8
4.1
0.5
-1.0
-1.7
-1.1
0.3
-0.9
-0.7
0.6
0.0
0.0
-1.2
-0.6
1.0
-0.3
-1.0
-0.6
-0.1
0.0
-0.8
-1.3
-0.1
0.1
0.3
-2.0
-0.3
1.3
-0.3
0.3
-1.6
-0.1
1.1
-0.5
-2.8
-1.7
0.0
0.2
-0.3
-0.7
-0.4
-1.0
-0.3
-3.6
-0.6
-0.5
0.4
0.5
0.0
-1.8
-0.6
0.3
-2.4
-1.7
-2.4
-0.3
-0.3
-1.2
-1.0
2.1
-2.1
-1.7
0.2
-1.2
0.4
-0.9
-0.2
-0.5
-1.0
-1.4
-0.5
-0.6
-1.3
0.8
-1.3
-1.0
-1.0
-0.2
0.1
-0.4
-2.5
0.5
-1.1
0.1
1.6
0.9
1.8
-1.3
-1.5
-0.8
0.6
1.0
0.0
1.1
0.4
0.9
1.2
0.0
-1.6
0.2
-0.4
0.9
0.2
0.0
1.9
1.4
2.5
-0.2
2.1
0.6
-0.2
0.0
-1.3
-1.1
1.3
0.3
1.7
-0.6
1.0
0.5
1.3
1.0
0.9
1.8
0.8
0.9
-1.2
2.4
0.5
2.0
-0.1
0.0
1.5
1.9
1.0
1.7
0.0
-1.0
-1.1
-0.2
1.0
0.7
0.0
-0.5
-1.5
-1.1
-1.2
0.1
-0.6
-0.6
-0.5
-0.5
-0.6
-1.7
-2.2
-3.2
0.0
-2.2
-1.0
-1.2
-1.5
-0.8
-0.1
1.1
0.2
0.9
-0.7
-0.7
-1.8
-1.6
-0.2
0.4
0.5
-0.2
-1.1
-0.9
-1.8
-2.1
-2.9
-0.5
-1.2
-1.0
-1.3
-0.1
0.7
-1.0
-0.7
-0.8
-1.1
-2.7
-0.5
0.0
1.6
0.8
-0.5
0.9
1.7
0.5
0.4
-1.3
-0.1
0.3
-1.2
0.0
0.0
0.4
0.6
0.6
1.8
2.3
3.3
3.3
5.3
3.9
4.3
4.9
3.1
5.4
5.6
5.4
6.3
5.5
6.6
7.0
6.7
4.6
2.4
3.8
3.7
2.6
3.7
3.0
3.3
2.9
0.8
4.7
3.1
2.8
3.4
1.4
0.8
0.5
0.7
-0.7
0.2
1.0
1.2
2.0
-1.3
1.3
-0.3
-2.6
-1.8
-0.2
1.9
0.0
-1.8
-0.7
-0.9
1.5
3.5
-0.6
-0.9
-2.7
-3.0
0.3
0.7
-1.6
-1.6
-0.2
0.7
2.2
0.7
-0.6
-4.8
-5.3
-1.9
1.5
1.8
0.0
-1.1
-0.9
-0.3
-0.3
1.5
0.1
-0.3
-1.6
-1.5
-2.1
-0.4
1.2
1.2
1.5
-2.2
-0.3
-2.3
-3.0
-0.6
-1.1
-0.7
0.0
-1.2
-2.4
0.0
-1.8
-0.8
-1.4
-2.7
-1.8
-0.9
-2.5
-2.4
-1.2
-0.1
0.1
0.7
-1.0
-1.3
-1.6
-2.4
-2.3
-0.2
-0.6
1.1
-0.1
-2.9
-1.1
-0.7
-2.0
-2.9
-3.7
-1.4
-1.1
-1.9
-1.8
-2.3
-0.9
-1.3
-0.6
-3.3
-3.4
-0.6
0.3
1.1
0.6
0.0
0.4
-2.3
-2.4
-1.5
0.1
1.8
1.0
0.7
-1.9
-2.3
-3.0
-3.3
-0.2
0.2
0.5
-0.6
-2.6
-1.2
-1.1
-3.6
-2.2
-2.9
-2.7
-2.4
-1.8
-0.3
-2.4
-1.6
-2.0
-1.7
-3.4
-2.9
-0.5
0.1
-1.8
-0.9
-1.0
-0.5
-2.5
-1.5
-1.3
-1.2
-2.2
-2.0
0.3
0.4
-0.5
-1.1
-0.3
0.4
-1.4
-2.0
-1.6
0.7
1.7
0.2
-0.7
-2.6
-2.5
-2.0
0.2
0.6
1.0
-0.5
0.5
0.0
-0.3
-0.7
-2.1
-1.2
-2.2
-0.6
-0.3
-0.6
-0.8
-2.4
-0.6
-0.6
0.0
0.0
-0.4
-0.7
-0.6
-1.9
-2.1
-2.9
-1.5
-2.0
0.1
0.9
-0.1
1.2
-2.7
-0.1
1.1
0.2
-0.2
-0.4
1.4
-0.1
0.8
0.8
1.7
0.8
0.3
-0.3
-0.5
-0.6
-0.4
1.0
0.9
0.0
-0.3
-0.7
0.1
-3.0
0.6
0.9
0.5
0.4
-1.3
-0.5
0.5
-1.8
-1.5
-2.3
0.4
-0.3
1.0
-1.8
0.0
0.9
1.1
-0.4
-0.6
0.8
2.3
2.4
1.1
1.2
2.2
2.6
5.4
5.0
5.1
3.8
2.2
6.5
8.8
7.2
6.6
2.2
2.7
7.0
7.1
9.3
6.9
4.1
2.5
1.2
0.0
5.5
6.3
4.6
0.2
1.7
0.4
4.8
4.0
5.1
3.7
0.0
0.5
1.3
2.5
2.1
1.9
1.7
1.4
-0.3
-2.0
-4.1
0.2
-1.1
2.9
1.0
0.0
-0.3
-0.7
-0.2
-0.1
0.0
0.1
-0.8
-1.0
-0.6
-1.4
-1.4
-2.3
-1.2
-1.0
-1.8
-0.3
-0.3
-0.1
0.0
0.4
-0.5
1.1
0.3
0.6
-2.1
0.5
1.0
0.4
0.5
1.2
0.9
0.7
-2.5
0.8
0.8
-0.6
-0.5
-0.3
-0.2
-0.9
-0.4
-0.6
-2.2
-0.6
-0.7
1.6
0.6
1.4
1.0
0.3
-0.9
-0.2
0.1
-0.2
-2.0
0.3
-0.3
0.5
-1.1
-0.3
1.8
-0.5
0.3
-0.4
-0.6
-0.4
-0.2
0.6
0.7
-2.4
0.7
0.0
0.1
-1.7
-1.7
-1.2
-0.9
0.6
0.4
-0.2
-2.2
-1.4
-0.6
0.0
-0.6
0.0
0.4
0.0
1.3
1.3
1.0
1.9
0.4
-0.2
0.2
-0.2
1.3
0.7
1.2
0.5
0.6
-1.3
0.6
1.0
1.2
-0.9
-0.2
1.4
2.9
2.3
0.4
1.8
1.1
-1.8
-0.4
-2.2
0.7
0.9
1.4
2.9
1.6
2.1
1.7
1.1
1.8
0.1
-0.5
0.3
0.4
-0.1
-1.3
-2.7
-0.6
0.2
0.7
-1.5
-0.1
-0.6
0.0
1.0
0.2
0.8
1.2
0.3
-0.1
-0.4
-0.2
-1.1
-0.1
0.4
-0.5
-2.5
-1.8
-0.7
0.9
1.1
-0.6
-0.4
0.4
1.1
-1.0
0.6
0.2
-1.9
-1.5
-2.3
-2.5
0.1
-0.1
0.1
-0.4
-0.4
-0.3
0.8
2.4
0.2
-0.8
-3.3
-0.3
0.7
1.1
-1.1
-0.1
1.8
1.7
0.5
-0.5
0.0
0.6
0.8
0.0
-1.1
-0.7
0.1
0.1
-0.6
0.5
-1.2
-0.7
0.3
-1.2
-0.4
-2.8
-2.3
-0.2
-1.0
0.0
-1.8
-2.9
-1.7
-1.5
-0.6
-1.0
-1.8
-0.7
-1.5
-2.3
0.0
-1.7
-0.2
-1.2
-0.5
0.0
-1.4
1.4
-1.2
-0.6
-1.7
-0.9
0.3
0.6
-0.5
0.2
0.1
-0.1
0.5
-1.5
-0.3
0.2
1.1
-1.0
-1.5
0.1
1.7
2.2
0.4
0.0
-0.5
-1.1
1.3
-0.2
0.1
0.1
-0.3
0.3
1.0
-0.2
0.3
0.0
-3.1
0.4
-0.5
-0.1
-2.1
-1.0
-0.3
0.2
0.0
0.0
-2.2
-1.0
-1.9
-0.5
0.3
0.8
0.1
1.6
-1.1
-0.7
-1.6
-1.1
0.3
0.0
-2.6
-0.8
-1.9
-1.9
0.0
-3.2
-2.0
-2.4
-3.5
0.0
-1.4
-2.1
-2.1
-1.6
-0.2
-1.0
-2.4
-3.3
-0.2
1.0
0.9
0.0
0.0
0.1
-0.5
-0.8
-1.6
-0.2
-2.2
0.2
0.9
0.0
-0.4
-1.3
-1.9
-1.8
-2.6
1.4
1.9
1.6
-0.4
-1.0
-1.6
-1.9
-1.2
-1.6
-2.4
-1.6
0.3
0.3
-1.2
-3.1
-3.7
-2.7
-0.7
2.0
0.5
-1.4
-1.4
-2.2
-1.7
-0.5
0.0
0.6
-0.8
-2.3
-1.5
-0.2
-2.5
-2.3
-1.7
-1.9
-0.7
-2.9
-1.0
-1.1
-1.3
0.1
-1.1
-0.4
-1.8
-2.3
0.6
-2.0
-0.6
-1.7
-1.9
-1.2
-1.2
-0.7
-1.7
-2.5
0.3
-0.4
0.1
-1.3
-0.2
1.0
0.6
1.0
1.7
1.0
0.1
1.5
2.4
3.4
5.2
2.5
4.1
1.1
4.5
4.6
6.3
4.9
4.3
4.2
3.4
2.9
2.9
1.0
2.8
4.4
2.7
3.8
3.2
2.2
2.2
0.0
0.3
2.2
2.3
3.3
2.2
3.0
1.2
1.1
0.0
0.0
1.4
1.5
0.7
2.0
1.2
1.0
-0.7
0.5
1.0
1.3
0.5
0.0
-1.7
-0.7
0.1
0.4
1.0
0.5
1.4
1.0
0.2
0.3
0.2
-1.7
-0.1
1.9
1.6
1.5
1.8
1.5
2.5
0.0
0.9
1.0
0.1
0.4
0.7
1.6
2.5
1.7
1.7
1.0
0.5
-0.5
-3.9
-1.1
-1.9
-2.1
-0.9
-2.9
-1.0
0.6
-1.3
-1.3
0.3
0.5
-0.1
-1.0
-1.5
0.0
0.7
0.3
-1.2
-1.2
-0.6
-1.6
-0.4
-0.7
-0.8
-1.7
-2.0
-3.0
-1.3
-2.1
-0.8
0.0
-0.4
1.0
0.0
0.0
-3.4
-0.2
-0.8
0.5
0.3
1.0
1.1
-0.2
-0.9
0.7
1.1
0.6
-3.1
-2.4
-1.0
-1.5
-1.4
-1.3
0.7
1.0
0.5
-0.4
-3.1
-1.2
-0.3
-0.8
0.0
-0.8
-1.3
-0.4
-3.4
-2.0
-2.0
-1.3
0.8
1.0
-1.5
-1.2
-3.9
-2.4
-0.9
-0.8
-0.4
-1.0
-3.8
-1.8
0.4
-1.9
-0.4
-1.2
-0.7
-2.5
-1.8
0.0
1.4
0.4
-1.0
-3.0
0.3
-0.5
0.3
0.3
-1.1
-0.3
-1.6
-2.4
-3.1
-1.5
0.4
1.5
0.6
0.2
-1.2
0.8
1.1
-1.4
-1.8
0.0
0.5
-0.1
-2.1
0.0
-0.2
-0.3
-4.9
-0.5
1.6
3.3
2.5
1.8
1.4
1.9
1.4
-1.4
-1.2
-1.9
-0.5
0.9
0.0
-0.3
-0.4
-1.8
-1.1
-2.5
-1.0
-0.4
0.2
0.4
0.6
0.6
0.5
1.1
1.6
1.2
1.3
0.6
2.1
1.7
4.0
3.4
2.5
2.2
1.8
5.2
4.9
6.1
4.9
3.4
3.5
5.3
5.3
6.2
4.7
5.2
4.4
2.7
0.5
0.4
1.5
1.6
3.0
1.9
-1.1
1.5
2.2
2.8
3.0
2.5
1.8
1.5
-1.4
-2.0
-1.6
-1.0
-0.8
3.4
1.8
1.2
0.8
0.8
1.3
-0.7
-0.4
0.2
1.5
0.6
0.9
-0.1
-0.3
-0.4
-0.4
-0.1
-2.1
-3.0
-1.4
-1.0
-0.5
-2.4
-0.3
2.4
1.5
0.7
-2.2
-0.5
-1.6
-2.9
-2.2
-2.2
0.2
0.0
1.2
0.5
-1.2
0.0
-1.0
-3.3
-6.8
-7.2
-5.9
-6.0
-4.2
-1.5
-0.2
1.1
-1.0
-0.1
-2.6
-5.8
-6.3
-6.3
-5.5
-3.6
-2.4
-0.2
-0.1
0.9
3.3
1.8
-1.1
-3.8
-4.6
-4.6
-5.6
-7.8
-5.7
-5.1
-2.7
-2.0
-2.4
-1.7
-0.8
0.6
0.5
-1.4
-0.3
0.0
-0.8
-1.3
-1.3
-1.7
-0.6
0.0
-3.5
-1.2
-2.1
-2.1
-3.0
-4.3
-3.6
-2.5
-1.9
-1.5
-0.7
-0.8
0.9
1.3
2.0
0.3
0.3
-0.3
-0.5
-3.7
-6.2
-6.3
-5.4
-4.0
-1.6
-0.3
0.2
-0.2
-0.1
0.4
-0.8
-2.8
-4.4
-6.7
-4.9
-5.6
-4.0
-1.5
-0.5
0.6
3.0
0.4
2.5
0.6
-0.6
-0.2
-2.1
-3.6
-5.7
-4.3
-2.3
-1.3
0.5
-0.8
1.0
2.0
1.2
-0.7
-3.1
-4.0
-4.8
-4.3
-3.7
-4.1
-1.5
-0.4
0.2
0.5
0.2
-0.8
0.8
-1.0
-0.6
-0.1
-0.8
-2.7
-2.2
-2.8
-4.2
-4.2
-5.4
-3.2
-0.6
1.0
0.9
1.1
0.5
-0.7
0.0
-0.6
-3.0
-3.9
-6.0
-4.5
-4.1
-3.1
-1.4
0.1
-0.7
-0.1
0.3
0.5
-1.0
-2.2
-2.3
-4.8
-5.3
-2.7
-1.4
0.4
1.3
1.2
1.4
1.2
-1.1
-2.2
-1.2
0.6
-0.1
0.2
-2.6
-0.9
-1.2
-1.7
-1.1
-2.8
-1.2
-0.3
1.7
2.3
0.5
-0.2
1.2
0.5
-1.5
-0.9
-1.5
-1.6
0.2
0.5
0.9
3.9
2.3
0.2
-1.1
-1.8
-0.7
-1.1
-1.1
-3.0
-4.5
-1.0
-1.0
1.0
-0.3
0.6
0.9
1.2
-0.6
-1.3
0.0
0.2
0.2
-2.5
-1.3
-2.4
-2.0
-1.5
-1.8
-1.7
-1.7
-3.8
-2.0
0.5
0.9
1.3
-0.5
-0.9
-2.9
-0.8
-3.0
-5.0
-3.6
-3.8
-3.4
-0.9
-1.2
1.4
0.0
-2.3
-2.2
-0.6
-0.2
-1.3
-1.3
0.3
0.7
-0.3
-0.4
-5.5
-5.5
-4.4
-2.4
-1.9
-1.9
-2.9
-1.2
-1.8
-3.2
-0.4
-0.6
0.0
-1.9
-2.0
-1.4
0.6
-0.2
-0.3
-1.2
0.2
-0.5
-2.1
-2.3
-1.0
0.0
-0.1
-1.7
-2.7
-2.6
-2.0
-2.5
-1.3
0.2
0.5
1.3
0.7
-0.3
-1.8
-1.9
0.9
0.0
1.8
0.0
1.0
1.0
0.1
-0.5
-0.2
0.0
-1.0
-2.9
-2.5
-2.7
-2.1
-0.2
-0.3
-0.3
0.0
2.0
1.1
-0.3
0.3
0.3
1.1
0.2
-3.2
-4.3
-3.5
-1.4
-2.0
-1.0
-1.9
-0.7
0.4
-1.6
-2.0
-1.6
-1.2
-0.4
0.3
1.2
-0.5
-1.6
-1.4
-0.6
-0.4
-1.2
-0.8
-1.3
0.0
0.9
0.9
2.1
0.5
0.1
0.2
-1.1
-1.0
1.3
1.6
1.0
-1.3
-0.7
-0.1
-1.5
-1.3
-3.7
-1.0
-1.9
-3.5
-4.1
-3.5
-1.4
0.7
0.8
-1.0
1.3
0.5
2.6
1.6
-0.6
-0.8
-1.1
-0.5
-2.0
-0.8
0.3
-1.3
-2.4
-0.7
-1.6
-2.4
-4.7
-3.5
-2.0
-1.0
-1.2
0.5
-0.1
-0.1
0.2
0.4
-0.3
-2.7
-2.2
-2.0
-1.5
0.5
0.5
0.8
-0.2
0.1
-4.6
-3.3
-0.7
-0.2
-0.8
-1.3
-1.4
-1.5
-2.5
-3.0
1.4
2.2
-0.8
0.6
0.2
1.6
-1.1
-1.8
-1.8
-1.3
-0.5
1.1
1.5
-1.2
-2.9
-1.2
-1.2
0.1
-0.3
0.9
1.5
1.4
-0.3
-0.8
-1.7
-3.9
-0.4
0.9
3.0
-1.2
-0.3
-0.4
1.5
-1.3
-2.5
-0.7
0.2
0.5
0.9
-0.4
0.4
0.0
-0.4
-0.8
-2.9
-3.1
0.0
0.5
0.5
0.5
-1.2
-1.3
-2.5
-2.7
-1.8
-0.8
0.0
-2.7
-2.0
-0.8
1.4
3.1
0.7
-0.4
-0.8
-0.1
1.7
4.1
7.0
6.6
5.5
5.0
5.1
4.0
9.0
9.3
5.6
6.4
4.1
4.6
3.2
4.1
7.3
8.5
8.0
5.3
5.6
3.9
0.8
2.9
3.8
2.9
2.8
3.0
3.4
4.3
3.5
1.7
0.6
3.2
4.2
4.0
3.1
1.8
2.1
2.0
1.1
2.2
1.2
1.7
1.0
0.6
2.2
1.7
1.9
2.0
1.6
1.3
0.0
-1.6
0.0
1.5
1.7
0.6
0.3
-0.8
-1.6
-1.3
-1.7
0.7
0.3
-0.2
0.4
-0.4
0.4
1.7
0.6
0.1
-0.3
0.0
-0.3
1.4
0.7
-0.1
0.0
-1.2
-2.4
-2.2
-2.1
-0.6
1.5
0.0
-1.2
-1.0
0.1
-0.3
-0.6
-2.3
-1.1
0.2
0.4
0.0
1.0
-0.5
0.3
-2.6
-0.7
-2.1
0.0
0.5
0.0
-1.7
-1.0
-0.9
-0.9
0.6
-1.8
0.5
1.8
1.4
1.6
0.2
0.1
1.1
0.8
0.2
-0.9
1.0
-1.5
0.0
-0.2
-0.4
0.0
0.3
-0.6
-2.7
-0.3
1.3
1.6
1.5
-1.5
1.1
0.9
1.0
0.3
-1.0
0.6
0.2
-0.2
-1.5
-2.1
-0.4
-1.6
-2.1
-3.0
-1.0
0.2
2.6
2.2
3.2
2.5
1.8
-1.8
-0.6
-0.1
-0.5
-0.5
-0.8
-2.6
-0.6
-0.5
0.5
2.2
-0.2
-1.6
-3.2
-4.6
-4.1
-2.2
-0.7
-2.5
0.0
-0.4
1.4
1.3
1.6
1.1
-0.4
-2.1
-1.4
-1.4
1.5
2.3
2.2
0.0
-2.5
-4.3
-3.0
-2.3
-1.9
2.2
0.4
1.1
-0.5
-0.6
-2.2
-0.6
-1.3
-2.0
-0.8
-1.5
1.3
0.6
1.3
1.5
0.0
-2.5
0.0
1.7
0.8
1.1
0.0
1.7
1.4
0.9
-1.2
-0.1
-0.4
-1.2
1.3
0.0
0.0
1.1
1.1
-0.9
0.0
-0.5
0.4
0.1
1.0
2.5
3.0
1.2
-0.8
0.5
-0.4
-1.1
-1.4
0.5
0.0
-0.4
-0.5
-0.2
1.6
-0.2
0.1
-0.6
-1.2
0.0
0.0
-0.1
0.4
3.9
3.2
2.9
0.4
0.3
1.7
0.1
-1.8
-1.3
-0.2
-0.2
0.1
0.0
0.1
-0.7
-0.5
-0.7
-1.0
1.9
1.8
1.9
1.8
0.5
1.7
2.7
0.2
-0.2
-2.0
0.0
-0.8
-0.5
-0.7
-1.1
0.1
0.5
-3.5
0.7
-0.3
0.1
1.8
0.6
1.5
1.2
0.0
-0.5
1.2
0.3
0.8
1.3
-0.3
-0.4
-1.7
0.0
0.5
0.6
1.2
1.5
0.8
0.3
0.4
0.3
-0.9
-1.6
-2.2
0.3
0.0
1.2
1.0
0.0
0.0
1.6
1.9
2.4
1.6
2.2
2.2
3.5
3.8
5.7
4.6
6.6
2.5
6.2
5.3
6.2
5.2
3.9
3.3
5.2
3.2
4.9
6.1
4.3
4.5
3.8
3.9
2.5
2.5
0.7
-0.6
0.5
1.6
1.9
2.8
0.1
0.0
0.0
0.0
1.3
-0.8
-1.9
-0.3
0.9
2.9
1.6
1.9
1.3
-0.1
0.9
-1.1
0.5
-0.1
-0.3
0.0
0.1
-0.3
0.1
-1.1
-0.3
-1.1
-1.1
1.3
3.2
1.9
0.7
-1.2
-0.9
-0.6
-0.7
0.0
1.3
0.1
0.8
1.4
1.2
-0.3
1.0
-0.5
0.6
0.6
-1.5
-0.5
0.5
-0.2
0.3
0.6
0.9
0.7
-0.2
0.0
-0.7
-1.7
-0.8
0.0
2.3
-1.1
-1.9
-1.3
-0.2
0.0
-1.1
-1.0
0.5
-0.2
-2.3
-1.1
-1.5
0.4
-0.8
-1.4
-1.5
-0.4
-0.9
-2.0
-0.7
0.4
-1.0
-0.4
-1.3
0.2
1.2
0.0
0.6
-0.8
-0.7
-2.2
-1.9
-0.4
0.2
0.0
1.3
-0.2
-0.6
-0.6
-0.7
0.2
1.5
0.2
0.0
0.0
-1.3
-0.1
-1.0
-1.5
0.2
0.0
1.1
-1.0
-1.7
0.2
0.3
0.8
0.7
1.0
-0.6
-1.8
0.3
0.0
1.1
0.3
1.0
1.1
0.5
-2.7
-0.4
-0.5
-0.4
1.3
-1.8
0.9
0.2
-0.7
-0.7
-3.3
0.0
0.8
0.6
-0.1
0.1
-0.2
0.3
-0.1
-1.5
-2.6
-0.9
-1.0
0.3
0.3
-0.8
0.6
1.4
-2.2
-0.3
-0.9
0.0
-0.2
-1.6
-1.3
-1.9
0.0
-0.8
-1.5
-1.6
-2.6
-1.4
-0.9
-1.7
-2.9
-2.1
-1.3
-1.2
-2.0
-3.2
-4.9
-2.2
-2.9
-3.1
-1.5
-1.8
-1.1
-1.2
-0.7
-1.7
-2.0
-1.4
-0.8
-0.3
-0.6
-1.1
-0.5
-1.7
0.0
1.6
2.2
1.4
3.8
4.6
3.1
2.9
1.4
2.2
4.1
4.5
5.0
5.0
2.2
1.0
0.4
0.0
1.0
0.7
0.8
0.9
0.3
-0.4
-1.2
1.2
3.0
1.7
0.1
0.0
-1.0
0.0
0.1
-0.6
0.5
1.5
0.8
0.5
-0.5
-0.9
0.0
-1.0
-1.8
0.0
0.0
0.6
-1.3
-1.2
-1.0
-1.3
-2.3
-3.6
-2.2
-3.1
-3.7
-3.7
-3.7
-0.1
0.4
0.1
-1.2
-1.9
-1.2
-1.5
-1.9
-1.7
-1.5
-2.2
-2.3
-4.2
-2.2
-1.8
-2.8
-2.1
-3.0
-1.2
-0.6
-0.2
0.5
0.4
-0.9
-3.5
-1.7
-1.4
-0.6
-0.7
-0.8
-0.2
0.3
-1.8
-3.1
-2.0
-2.2
0.0
-1.9
-1.9
-0.9
-0.7
-0.5
-2.2
-1.9
0.5
-0.6
0.3
0.2
0.3
0.6
0.5
-0.1
0.1
-0.5
-0.4
-1.9
-1.7
-0.4
0.1
0.0
-0.1
-0.9
-1.2
-1.9
-0.8
-1.1
0.3
-0.1
0.6
0.3
0.8
1.2
0.0
-0.5
-0.5
-1.0
-1.3
-0.9
0.5
0.8
-0.9
-1.3
-0.5
0.2
0.3
1.0
1.1
-0.3
-0.4
0.0
-1.3
0.0
-1.5
-1.8
-1.3
-0.9
-1.2
0.9
-0.3
-1.0
0.0
-0.3
-0.2
-0.3
-1.7
-1.6
0.1
0.6
-0.7
-1.6
-2.1
-0.6
-5.0
0.0
-0.3
-0.8
-0.6
-1.6
-0.9
-1.7
-3.1
-1.3
0.1
-1.1
-2.4
-2.1
-1.6
-2.4
-1.0
-1.4
-2.5
-2.8
-4.6
-3.5
-2.3
-3.0
-2.6
-1.7
-2.6
-3.1
-4.2
-3.1
-1.1
-2.5
-3.4
-3.8
-2.0
-2.8
-3.0
-2.1
-1.5
0.0
-1.2
-1.4
-1.7
-2.7
-0.2
0.0
-1.1
0.7
1.6
0.1
-1.1
-2.5
-0.4
0.0
0.1
-1.4
0.0
-0.5
-0.2
0.2
-0.1
-0.6
-2.3
0.0
0.3
0.9
0.1
-2.2
-0.5
-0.6
0.1
-0.8
-1.5
0.0
1.1
0.7
1.6
0.4
0.4
0.5
-0.5
-0.6
-0.7
-0.1
-0.6
0.4
-1.4
0.2
-1.2
0.9
0.2
1.0
0.3
0.9
-0.4
-2.0
-1.9
-0.3
-1.8
-0.2
-1.9
-0.3
-2.0
0.2
-1.4
0.6
-1.2
-1.4
-1.0
-2.0
-2.3
-1.5
-1.7
-1.3
-3.9
0.6
-0.7
-2.9
-2.5
-2.8
-0.7
0.5
-1.7
-0.2
-1.7
-2.4
-2.4
-0.3
-0.7
-1.6
-2.3
-1.5
-1.3
-1.5
-1.0
-2.1
-1.8
-3.1
-2.4
-1.7
0.9
-1.8
-2.3
-3.6
-2.4
-1.3
-1.1
-1.6
-4.2
-1.1
-2.1
-1.8
-1.6
-3.0
-0.9
-2.9
-2.8
-3.1
-4.4
-3.2
-3.2
-1.9
-1.3
-3.8
-2.3
-1.1
-4.4
-3.4
-2.4
-0.7
-1.9
-1.9
-1.3
1.5
-1.3
-1.0
-2.2
-1.9
-3.4
-0.6
0.6
1.9
-0.3
-1.7
-2.0
0.0
-0.1
2.0
2.0
2.0
3.2
3.8
1.8
5.2
4.9
6.0
5.8
5.3
5.1
6.4
3.5
5.8
4.6
6.9
4.6
4.6
4.8
3.5
2.9
2.7
2.0
3.7
2.9
0.9
1.7
0.3
2.6
4.4
2.2
2.0
0.9
0.6
1.9
0.5
1.7
1.3
2.6
1.4
1.6
1.3
0.3
1.3
2.0
1.6
2.0
3.4
1.5
1.6
1.7
1.1
0.7
-0.7
0.0
-1.6
0.8
0.3
0.8
-0.3
-1.9
-2.1
-1.0
-1.1
0.3
0.7
0.7
-0.8
-0.6
-1.0
-0.9
-0.3
-0.1
-2.0
-1.2
-1.2
0.4
-0.6
-0.7
-1.3
-2.3
-2.3
-3.7
-1.7
-3.4
-1.5
-3.1
-1.6
0.0
0.4
1.1
-1.3
-2.3
-1.7
-1.3
-1.1
-1.6
-3.1
-1.2
-1.2
-1.2
-1.4
-1.8
-1.1
-0.5
-1.9
-3.8
-2.5
-0.3
-0.1
-0.3
-1.8
-1.8
0.1
-0.3
-2.5
-2.2
-0.7
-2.2
-0.5
-1.8
-1.6
-1.2
-1.8
-2.2
-1.0
-3.5
-2.9
0.4
-0.5
-0.9
-1.5
-1.7
-1.2
-2.4
-2.2
-1.9
-1.0
-3.1
-1.5
-2.2
-3.1
-3.3
-1.4
-0.8
-0.8
-2.4
-2.2
-2.0
-1.6
-3.7
-2.0
-0.6
0.8
-0.7
-0.4
-1.5
-0.8
-1.2
-1.7
-2.9
-3.5
-1.6
0.4
0.2
0.5
-1.1
-0.5
0.6
-0.5
0.1
-1.4
-2.7
-1.8
-0.4
-0.2
0.3
-0.5
-0.7
-1.4
-0.5
-1.3
-0.8
1.3
0.0
0.0
-0.5
0.7
1.1
0.8
0.7
0.6
-0.6
-0.9
-1.4
-0.1
0.9
0.7
-0.3
-0.3
-0.7
0.3
1.7
1.2
1.3
0.5
0.0
0.1
0.6
1.5
0.1
1.0
2.1
0.5
-0.7
-3.2
-0.8
-0.2
0.6
0.0
-1.2
-1.2
0.4
1.5
-0.3
0.1
-1.7
2.4
0.7
0.4
1.3
1.3
0.0
-0.6
-0.8
0.7
-0.5
-0.2
-1.0
-1.6
-0.5
1.3
2.8
0.9
0.0
-1.2
0.2
0.0
0.5
0.8
0.8
-1.0
0.6
1.8
2.0
-1.6
-3.7
-1.7
0.0
0.2
0.0
-1.8
-1.3
-0.1
0.5
1.5
0.4
-2.0
-1.9
1.1
-1.1
-1.2
-3.0
-2.4
-0.3
-0.5
0.0
-0.7
-1.0
-2.1
-0.4
1.2
1.3
0.4
0.4
-0.5
-0.8
-1.4
-1.3
-1.9
-1.1
-0.5
0.0
1.3
2.0
1.5
0.7
1.2
1.4
2.0
0.1
-1.2
1.4
1.5
0.5
-2.0
-1.3
0.9
2.6
2.7
1.3
0.4
2.9
0.9
3.5
0.5
0.9
-0.3
0.3
0.7
-0.4
-0.3
0.6
1.2
2.9
3.1
3.5
0.4
0.3
-1.4
-1.1
-2.5
-0.8
0.4
2.0
1.2
1.3
0.4
-1.2
-1.0
-1.5
1.0
0.2
0.5
0.3
-1.2
-0.5
-0.2
-0.2
-2.4
0.3
0.8
1.8
0.9
-1.4
-1.3
-0.8
0.0
0.0
0.9
1.6
3.5
2.9
2.5
2.4
1.8
2.9
3.5
4.0
3.8
2.1
4.2
5.8
7.5
5.8
7.3
8.6
7.3
5.0
5.9
8.2
9.9
7.9
7.3
5.0
6.2
4.6
3.8
4.0
4.2
3.8
4.9
3.2
3.0
3.4
4.8
5.2
3.1
3.9
3.2
3.0
2.0
1.0
2.1
2.7
2.0
1.4
2.9
0.0
0.6
1.8
2.8
1.8
0.3
0.3
0.5
-0.2
0.0
1.2
1.3
1.0
0.5
-1.2
-0.8
-1.8
0.7
-1.2
-0.1
-0.7
-1.4
-2.9
-1.5
0.5
0.8
0.1
0.0
0.7
0.8
0.8
-0.7
-0.7
0.1
1.0
2.2
1.1
0.5
0.4
1.1
1.1
0.3
-2.0
-0.3
0.9
1.4
0.6
-1.7
-0.4
-1.3
-2.3
-0.5
0.4
0.1
-0.2
0.0
0.7
1.7
-1.1
-1.2
-3.0
-1.1
-0.3
0.3
-0.2
-0.8
0.1
0.3
-0.8
-0.3
-2.3
-2.1
1.0
0.0
-0.5
-1.3
-2.6
-2.2
-1.4
-1.7
-1.0
-3.9
-0.7
-0.7
1.6
2.0
0.1
1.7
-0.1
-0.7
-2.0
-1.9
-2.3
0.2
-0.3
0.3
0.6
0.1
0.1
-0.1
-0.6
-0.3
-1.6
-1.3
0.1
1.0
0.9
0.8
1.1
0.7
-0.5
-0.6
-0.4
0.2
0.9
0.0
0.0
-1.5
-0.2
0.4
0.3
-1.9
-0.3
0.9
1.0
-0.9
-0.3
-0.6
0.7
0.4
-0.4
-2.1
-2.4
0.2
0.9
-0.1
-0.7
-0.3
1.9
-0.6
-0.7
-2.6
-1.0
-0.6
-0.2
-1.4
-1.7
-1.3
-0.5
0.3
-0.8
-0.8
-1.5
-2.1
-1.2
0.3
1.3
0.0
-0.1
-3.5
-0.2
-0.9
-0.6
1.2
1.2
-0.5
-0.5
-2.0
-1.2
-1.9
-4.4
-2.3
-1.7
-0.3
0.0
-0.1
-0.4
0.4
-1.1
-0.8
0.5
0.3
0.9
0.7
-1.0
-2.6
-3.2
-2.2
-2.4
-2.2
-1.0
-0.4
-1.2
-2.4
-2.1
-1.8
-1.4
-2.1
-2.7
-1.3
-2.4
-2.6
-1.7
-2.1
-1.2
-2.8
-3.5
-3.1
-0.8
-0.5
-2.0
-3.0
-1.6
-1.8
-1.3
-0.1
-2.3
-0.3
-1.2
-1.1
-0.6
-0.8
-0.8
-0.2
0.3
-0.1
-3.1
-2.2
-1.8
-2.0
-1.0
-1.8
-2.0
-1.4
-2.7
-0.6
-1.2
-0.8
-1.0
-1.4
-1.6
-2.9
-2.4
-1.8
-1.5
-2.0
-2.5
-1.5
-1.7
-3.2
-2.5
-2.0
0.0
-0.2
-0.6
-2.2
-3.3
-1.6
-2.3
-0.1
0.1
-0.5
-0.4
-0.6
-0.4
-0.5
-0.7
-1.6
-1.7
0.0
0.4
-0.5
-0.6
-1.3
-1.8
-2.2
-0.6
0.5
2.2
1.0
-0.6
-2.7
-2.8
-0.9
1.6
2.6
2.3
2.5
0.5
-1.1
0.0
2.0
5.3
6.1
5.7
5.8
4.7
5.3
3.7
5.9
7.9
8.2
7.6
6.2
5.6
4.5
2.5
5.3
5.5
8.1
7.0
5.5
4.3
2.3
2.3
1.8
2.5
2.8
3.0
2.4
2.3
2.0
3.1
2.6
-0.6
-1.6
-2.2
-1.2
0.0
0.1
0.2
0.1
2.6
3.3
3.6
0.9
0.0
2.1
3.2
2.1
1.6
1.5
0.8
0.0
-0.7
-1.7
1.2
1.8
2.3
0.9
-0.4
-0.1
-1.5
-2.0
-1.6
-2.0
-2.7
-0.3
0.4
2.2
2.4
-2.4
-2.3
-2.6
-2.2
-0.1
-1.0
-0.5
-1.1
-1.0
-1.1
-2.2
-1.1
-2.6
-2.4
-2.9
-3.1
-3.1
-2.3
-2.0
-0.4
-1.0
0.0
-1.7
-1.7
-2.7
-2.1
-2.8
-2.2
-1.3
-2.0
-1.0
-0.4
-0.9
-0.5
-2.9
-0.6
-1.0
-2.8
-1.9
-1.7
0.0
-1.0
-1.1
-0.3
-0.9
-1.9
-3.1
-1.2
0.0
0.9
1.0
0.5
-2.7
-0.3
0.0
0.3
-1.7
0.2
0.8
1.1
-1.4
-2.7
-1.4
-0.6
-0.6
-1.3
-0.2
0.2
0.1
-1.3
-1.3
0.2
-0.8
-2.1
-1.9
-3.6
-0.4
-1.6
-0.9
-0.4
-1.6
-3.1
-2.3
-0.3
0.0
-0.1
-1.8
0.8
-0.4
1.3
0.2
-0.4
-1.5
-1.1
-0.2
0.0
-1.5
-3.0
-0.3
-0.3
0.3
0.5
-0.9
-0.2
-0.7
1.0
1.2
-0.3
-1.6
-1.0
0.0
-0.9
0.1
0.2
0.9
-0.4
-0.9
-0.6
1.1
-1.7
0.0
-0.9
-0.3
-0.2
1.0
0.2
-0.4
-1.5
-2.0
-3.3
-1.7
-0.7
1.3
0.0
-1.3
-1.3
-0.3
-0.7
-0.3
-2.3
-0.6
-0.8
1.3
0.7
-0.4
-2.3
-1.7
-2.4
-0.5
-1.2
-0.8
0.4
0.2
0.6
0.3
-0.8
0.0
-1.0
-1.2
-1.3
-2.5
1.8
0.4
1.3
-1.5
-0.9
0.2
0.3
-0.9
-0.8
-0.1
-1.8
-0.4
-0.4
0.3
-1.3
-1.1
0.0
0.6
0.6
-0.5
0.0
-0.4
-0.6
-1.0
-2.6
-0.8
-2.5
-1.6
-0.5
-0.7
-0.6
0.7
-1.7
-0.3
-1.6
-1.6
-0.5
-1.0
-2.0
0.5
-0.2
-0.2
-3.1
-1.8
-0.6
-0.6
1.3
-0.5
1.4
0.6
0.4
0.2
-1.4
-2.2
-0.3
0.9
0.0
-0.5
-0.6
-0.7
-0.5
-1.6
-1.7
-0.7
-3.0
0.4
-1.1
-0.5
-1.0
-1.6
-1.8
-1.8
-1.5
-2.2
-2.4
-1.9
-3.9
-0.6
-1.3
-0.5
-1.9
-3.6
-0.8
-2.4
-2.0
-1.3
-2.4
-2.2
-1.7
-1.2
-1.7
-0.5
-0.9
-0.3
-0.6
-1.2
-0.3
0.0
-1.4
-0.9
0.4
-0.1
-1.2
-0.2
-0.9
-1.0
-1.7
0.5
-2.5
-0.9
-1.0
0.3
0.1
-1.7
-1.4
-1.7
-1.2
-1.4
-2.4
-0.8
-1.4
-1.7
-1.1
-0.9
-0.4
-0.6
-2.8
-1.9
-1.6
-1.1
-1.8
-1.1
-1.4
-2.7
-1.0
0.3
-2.8
-2.2
-1.5
-3.2
-0.4
-1.8
-0.9
0.3
-0.7
-2.5
-2.6
-2.8
-1.7
-0.1
-2.2
-1.9
-3.5
-0.2
-0.7
-1.5
-0.5
-2.6
-0.6
-0.3
-0.6
-1.6
-0.6
-0.3
0.6
0.8
0.8
1.8
2.9
4.8
4.6
4.9
3.6
4.2
4.8
3.8
3.9
3.7
4.3
2.6
3.4
2.0
1.9
2.2
1.7
2.4
1.0
1.8
1.0
0.0
0.3
0.2
1.2
0.2
1.6
1.2
1.1
-2.0
-0.1
0.7
0.5
-0.4
-1.2
-1.8
-1.2
-1.6
-1.5
-0.6
-1.4
-2.1
-0.7
-0.2
-1.4
-1.0
-2.8
-3.3
-2.5
-2.3
-1.1
-1.1
-1.6
-0.7
0.0
0.4
-0.1
-0.3
0.0
-1.7
-0.8
-3.3
-2.1
-3.0
-0.6
0.2
0.0
-0.4
-0.1
-0.7
-0.9
-2.6
-0.1
-1.2
-1.5
-1.1
0.1
0.8
0.7
0.6
0.6
0.0
-1.0
-2.5
-1.1
-1.0
-0.6
-1.4
-1.6
-2.5
-2.7
-0.8
-1.1
-0.7
-2.3
-2.2
-1.5
-0.3
-0.1
-1.2
-3.0
-3.1
-2.3
-2.0
-1.7
-2.8
-1.7
-2.9
-3.0
-1.6
-3.2
-1.7
-1.2
-0.7
-1.7
-3.4
-5.0
-2.2
-1.0
-0.3
-0.7
-1.9
-3.2
-4.9
-5.4
-1.2
-1.0
-0.1
-1.6
-2.1
-1.5
-2.0
-2.4
-2.1
-1.5
-1.6
-1.3
0.8
-1.9
-1.4
-2.5
-3.1
-1.9
-2.0
-0.2
-0.2
-1.3
-1.9
-3.4
-5.8
-2.2
-2.5
-1.5
-1.2
-2.2
-1.8
-2.0
-2.9
-3.5
-4.3
-2.4
-0.5
-0.3
0.0
-0.8
-2.2
-3.8
-4.0
-3.4
-1.8
-0.1
-0.6
0.1
-0.5
-3.9
-4.4
-5.0
-5.1
-3.1
-3.0
0.1
-1.0
-1.0
-1.6
-1.4
-0.6
-2.8
-3.2
-2.2
-1.5
-2.1
0.3
0.2
-0.3
-2.5
-4.0
-2.7
0.0
-1.6
-0.8
1.1
0.2
-0.6
-1.6
-2.9
-2.5
-2.0
-0.6
-0.8
-1.4
-2.2
-1.9
-1.6
-3.2
-1.9
-0.3
-0.5
-2.0
-2.0
-2.4
-1.6
-2.2
-1.3
-1.9
-0.8
-0.5
0.0
-1.8
-3.2
-2.5
-1.9
-1.6
-1.1
-1.5
-1.7
-0.6
-2.6
-2.0
-2.2
-0.7
0.0
-0.6
-2.2
-2.3
-2.6
-2.8
-3.1
-2.6
0.0
-0.2
-1.0
-2.3
-3.0
-1.8
-1.7
-1.8
-2.5
-2.3
-1.5
-1.0
-0.1
1.9
2.4
3.6
4.1
1.8
4.8
6.5
6.0
5.3
3.5
3.4
1.5
0.8
2.0
3.7
5.5
4.5
3.9
4.9
4.8
2.8
1.7
0.1
1.2
1.7
2.5
1.6
1.9
1.3
0.3
-0.1
-1.5
0.4
0.6
0.0
1.9
1.0
0.2
-0.4
-0.6
0.0
0.7
-1.8
-2.2
-1.3
-0.6
-0.5
-1.7
-1.9
-1.8
-0.8
-1.7
-1.6
-3.3
-1.0
-1.4
-1.0
-1.8
-1.2
-1.3
-0.5
-2.5
-2.5
-2.5
-3.9
-1.4
-1.3
-1.1
-1.8
-1.1
-1.2
-0.4
-0.2
0.0
-0.7
0.6
-1.0
-0.2
-2.0
-2.8
-2.1
-1.8
-1.7
-3.9
-3.3
-3.7
-2.7
-2.0
-2.4
-2.9
-2.7
-3.6
-1.0
-0.5
-0.9
-1.1
-3.6
-3.6
-3.1
-2.8
-2.5
-2.4
-3.2
-2.3
-2.6
-3.7
-2.5
0.2
-1.5
-2.0
-3.7
-4.1
-4.6
-5.0
-5.6
-5.5
-5.7
-7.5
-4.1
-2.6
-1.7
-1.1
-3.8
-2.7
-2.9
-3.9
-3.3
-4.9
-2.7
-3.0
-1.8
-3.0
-3.3
-1.6
-2.5
-4.6
-4.3
-4.8
-4.6
-2.4
-2.9
-1.8
-1.9
-2.3
-2.1
-1.3
-1.6
-0.9
-3.6
-2.0
-1.6
-1.2
-1.9
-2.3
-1.0
-0.6
-1.5
-2.8
-2.5
-1.9
-2.0
-2.4
-0.9
-1.2
0.3
-0.7
-1.3
-3.2
-2.4
-3.3
-2.6
-1.0
-2.4
-2.8
-1.5
-1.1
-0.6
-0.1
-2.4
-4.2
-2.3
-2.1
-1.7
-3.0
-4.2
-3.2
-0.4
-2.9
-2.5
-2.0
-3.3
-2.3
-3.3
-4.5
-3.4
-4.6
-4.6
0.1
-2.0
-0.9
-0.9
0.2
0.1
-2.3
-0.6
-1.9
-0.6
-2.4
-3.0
-2.7
-1.7
-1.7
0.2
-0.5
-1.0
-0.1
2.4
3.4
4.5
5.0
5.3
5.0
7.5
8.1
9.1
8.3
7.7
8.4
7.1
4.1
4.0
5.4
7.3
7.7
7.9
7.6
7.5
6.4
5.1
5.2
5.1
5.2
4.1
3.5
3.3
3.3
3.2
0.0
1.6
3.6
2.6
2.7
2.4
2.9
3.1
-1.1
-1.8
-3.4
-0.6
-1.1
1.1
2.5
2.4
3.5
2.7
1.5
0.0
-0.6
2.3
2.6
2.0
2.1
0.1
1.0
-0.4
-2.9
-3.0
-2.7
-2.6
-3.5
-2.0
0.6
0.0
0.0
-0.6
-1.2
-1.7
-1.7
-2.3
0.0
-0.2
-1.0
-0.9
0.2
-0.9
-1.5
-0.1
-1.0
-0.1
0.0
-0.3
-2.7
-3.5
-3.4
-2.7
-2.8
-2.5
-2.4
-4.4
-2.2
-0.6
0.9
0.9
-1.7
-0.8
-1.4
0.4
0.5
2.0
-0.3
0.4
1.6
3.4
1.6
0.5
-0.2
0.7
0.3
-0.6
-0.9
-1.9
-0.7
-0.8
-0.1
0.1
1.3
-0.1
0.0
-2.7
-3.1
-1.7
-1.6
0.0
0.6
0.0
-0.1
-0.5
-0.5
-2.0
-1.2
-2.9
-1.9
-0.4
-1.4
-2.1
-2.1
-0.5
-1.1
-1.6
-1.0
0.0
0.9
1.8
0.5
1.4
1.8
-1.1
-1.1
-2.7
0.0
0.6
0.8
-0.7
-2.3
-1.4
0.0
-4.3
-2.7
-2.2
-0.5
-0.6
-2.8
-3.0
-0.9
-1.0
-1.8
-1.3
-2.1
-2.8
-1.8
-1.8
-2.2
-3.0
-3.3
-2.4
-2.4
-3.9
-2.9
-2.4
-3.5
-2.4
-0.3
-2.3
-2.0
-3.5
-1.5
-0.2
-3.5
-1.8
-1.8
-1.8
-3.3
-3.4
-1.3
-4.3
-3.4
-2.8
-3.7
-2.2
-4.3
-2.3
-2.5
-4.2
-3.1
-3.0
-2.1
-2.2
-2.9
-3.7
-1.8
-1.5
-3.0
-4.0
-3.0
-2.2
-1.8
-1.5
-1.2
-2.4
-0.7
-1.7
-1.5
-2.0
-0.9
-2.2
-1.5
-2.6
-2.0
-2.4
-1.9
-2.4
-1.4
-0.1
-2.5
-0.9
-1.6
-1.3
-2.2
-0.5
0.1
-0.4
-0.5
0.6
0.2
0.6
-1.8
-2.9
-1.2
-0.4
-2.0
-0.9
-1.6
-0.6
-1.6
-2.9
-3.8
-6.8
-2.9
-3.3
-0.8
-1.1
-1.2
-1.0
-0.8
-1.0
-4.1
-2.1
-3.6
-3.0
-3.2
-2.9
-2.2
-2.5
-3.0
-2.9
-2.2
-3.7
-3.9
-2.6
-2.1
-4.3
-3.2
-1.7
-1.0
-2.6
-2.4
-3.3
-3.5
-3.4
-3.6
-1.7
-1.6
-5.1
-2.0
-3.0
-1.9
-3.7
-4.3
-3.0
-2.9
-3.7
-2.9
-1.9
-1.8
0.6
0.0
-1.1
-0.6
0.0
1.2
0.5
0.9
-0.2
0.2
0.9
-1.6
0.1
1.0
0.2
-0.3
-1.3
-0.6
-0.4
0.3
-3.6
-1.6
-0.5
-1.7
-0.1
-0.7
-1.8
-2.5
-5.0
-3.8
-3.2
-1.8
-2.9
-2.1
-1.3
-2.5
-2.9
-3.7
-3.7
-2.4
-2.0
-2.2
-3.7
-3.4
-3.3
-3.3
-3.5
-6.1
-4.8
-5.3
-3.6
-3.7
-2.6
-3.8
-3.2
-4.6
-3.5
-4.8
-1.6
-2.0
-1.1
-2.9
-0.6
-1.2
-1.6
-3.3
-3.5
-2.0
-3.0
-2.6
-1.5
-0.9
-0.8
-2.6
-3.6
-3.2
-1.4
0.0
1.3
0.0
0.5
2.9
1.6
0.8
-0.3
-1.1
-0.1
0.2
-1.5
-0.5
2.3
0.8
2.2
1.2
-2.6
-0.2
2.0
0.8
3.0
2.2
-0.9
-0.2
-3.1
-1.2
-2.2
-4.0
-3.8
-2.4
0.0
-0.4
-1.7
-1.8
-2.3
-3.9
-4.5
-4.4
-4.5
-2.7
-2.3
-2.5
-2.7
-2.9
-2.9
-5.2
-0.6
-3.6
-3.4
-5.0
-5.8
-4.4
-4.0
-3.7
-2.4
-1.8
-3.7
-4.6
-1.9
-2.2
-1.7
-2.9
-4.2
-3.8
-5.1
-3.9
-4.6
-4.2
-4.2
-4.4
-3.9
-5.2
-5.3
-5.1
-3.5
-8.1
-5.5
-4.5
-3.8
-4.6
-5.5
-5.0
-2.7
-3.7
-2.6
-4.1
-3.1
-4.8
-3.5
-4.3
-4.4
-4.3
-3.6
-3.0
-2.5
-5.5
-6.2
-5.5
-4.9
-4.7
-4.9
-4.8
-3.4
-2.9
-3.1
-3.7
-4.5
-4.8
-4.7
-3.9
-2.5
-1.1
-3.1
-5.0
-5.3
-4.3
-5.3
-3.3
-8.5
-8.9
-7.2
-7.2
-2.6
-9.1
-4.3
-2.4
-5.9
-5.4
-6.1
-7.5
-3.4
-7.2
-5.2
-6.8
-5.8
-7.9
-3.7
-6.9
-6.5
-6.9
-6.5
-7.1
-6.5
-6.8
-6.5
-5.6
-5.9
-6.0
-5.2
-8.7
-6.0
-6.2
-4.1
-5.6
-6.5
-6.2
-6.0
-6.7
-7.8
-7.0
-8.0
-6.9
-7.0
-7.7
-4.7
-6.9
-4.1
-5.8
-10.3
-7.7
-9.6
-6.0
-5.5
-5.0
-5.3
-10.4
-4.3
-4.4
-5.2
-4.6
-6.4
-4.7
-3.0
-4.3
-3.6
-5.0
-5.9
-6.6
-6.0
-9.6
-7.0
-5.9
-5.5
-5.8
-5.0
-9.6
-5.0
-5.6
-4.1
-5.1
-6.2
-5.8
-5.0
-5.1
-6.8
-6.1
-7.3
-4.9
-5.7
-5.8
-4.8
-6.4
-4.9
-4.0
-4.1
-5.3
-6.5
-5.5
-4.7
-7.3
-6.5
-7.0
-8.4
-8.3
-7.2
-6.9
-6.6
-6.8
-3.4
-2.7
-4.2
-6.7
-6.5
-7.0
-7.1
-6.2
-5.0
-6.5
-5.8
-4.6
-4.8
-3.5
-6.0
-5.7
-4.9
-4.9
-7.3
-4.4
-3.5
-4.3
-3.1
-4.1
-3.5
-3.4
-4.6
-5.0
-7.6
-3.3
-7.1
-5.2
-2.9
-5.0
-2.3
-3.4
-3.7
-3.7
-3.6
-5.7
-2.4
-3.6
-3.1
-3.5
-1.9
-2.0
-3.9
-5.5
-5.1
-2.3
0.3
-1.2
-2.2
-1.3
-1.6
-3.0
-2.1
-1.6
-1.7
-1.6
-3.0
-1.3
-0.6
-1.7
-2.9
-1.5
-3.7
-1.5
-6.0
-2.5
-3.7
-2.4
-1.4
-2.3
-0.6
-2.7
-2.4
-4.2
-3.1
-3.5
-4.1
-3.0
-3.4
-5.5
-1.6
-1.6
-1.5
-1.9
-0.3
-0.7
-1.3
-2.7
-2.7
-0.8
-1.5
-4.4
-2.1
-2.2
-1.2
-1.4
-2.4
-1.4
-4.5
-2.1
-2.5
-0.3
-3.4
-2.4
-1.5
-2.8
-2.9
-4.8
-4.5
-5.9
-10.0
-11.9
-11.9
-14.3
-17.9
-15.9
-16.9
-18.8
-18.0
-17.9
-14.3
-14.2
-21.6
-24.2
-17.6
-19.3
-18.8
-23.6
-23.6
-19.5
-21.2
-26.1
-27.2
-26.8
-26.5
-27.6
-30.5
-31.4
-32.1
-33.0
-34.1
-33.8
-34.4
-36.2
-37.0
-37.2
-38.0
-36.6
-38.4
-42.6
-41.6
-41.3
-40.5
-40.9
-46.2
-42.6
-42.3
-43.2
-47.8
-45.0
-51.2
-46.5
-52.6
-50.6
-53.3
-51.8
-53.4
-55.1
-54.0
-56.7
-56.8
-57.4
-57.1
-60.3
-59.5
-59.3
-59.0
-58.7
-62.4
-62.4
-63.2
-61.7
-62.0
-61.0
-61.3
-63.3
-64.3
-61.7
-60.4
-59.7
-61.2
-62.0
-63.5
-64.0
-63.7
-59.2
-57.9
-61.1
-61.3
-63.1
-61.0
-64.1
-60.2
-59.6
-59.3
-60.7
-63.4
-61.1
-63.4
-60.1
-58.1
-59.6
-58.8
-61.0
-59.8
-59.0
-59.1
-59.8
-57.2
-56.2
-58.5
-57.7
-58.4
-59.7
-55.9
-59.4
-55.1
-56.1
-55.3
-56.6
-55.2
-56.3
-55.7
-56.4
-56.4
-56.1
-57.5
-56.9
-54.7
-54.4
-54.6
-57.5
-52.4
-53.1
-52.2
-56.1
-57.1
-54.9
-55.2
-53.9
-52.5
-55.2
-61.9
-57.4
-56.9
-52.8
-52.1
-53.5
-54.8
-54.1
-54.7
-54.5
-53.8
-54.4
-52.6
-54.3
-52.4
-51.3
-49.7
-50.3
-51.8
-50.3
-48.4
-49.8
-50.3
-49.8
-51.4
-48.3
-39.2
-48.2
-46.3
-45.1
-44.9
-41.1
-45.2
-41.7
-46.1
-45.7
-47.9
-41.6
-44.3
-44.2
-44.1
-42.5
-48.3
-47.7
-42.8
-45.0
-41.7
-41.5
-40.3
-41.6
-40.4
-40.3
-41.8
-44.5
-42.3
-40.5
-45.3
-41.8
-45.6
-39.1
-37.8
-36.5
-39.6
-40.2
-42.4
-41.0
-39.4
-40.0
-40.5
-39.7
-37.8
-39.8
-42.3
-37.0
-39.1
-37.2
-37.8
-40.5
-39.1
-36.7
-39.2
-39.9
-38.1
-39.4
-37.9
-38.4
-40.0
-37.7
-41.7
-41.2
-38.9
-38.2
-36.8
-38.6
-37.4
-37.9
-38.8
-38.2
-36.9
-36.1
-35.5
-35.3
-34.5
-33.8
-33.4
-35.2
-36.2
-36.7
-36.7
-35.8
-34.4
-33.0
-32.7
-32.5
-33.7
-31.8
-33.4
-31.7
-32.9
-32.2
-32.2
-33.5
-31.8
-31.9
-31.6
-30.8
-32.0
-31.5
-32.3
-30.3
-30.1
-29.1
-29.7
-29.9
-29.1
-29.1
-29.9
-29.0
-29.5
-34.2
-29.8
-31.5
-28.4
-29.6
-32.0
-30.6
-28.7
-30.2
-30.3
-30.5
-31.2
-31.4
-30.3
-30.2
-32.2
-34.2
-31.1
-32.7
-31.5
-32.4
-32.2
-32.6
-31.9
-34.1
-35.4
-34.9
-36.2
-36.0
-35.0
-35.5
-35.2
-35.6
-38.0
-37.3
-36.4
-37.7
-37.8
-38.1
-38.4
-38.3
-39.0
-40.6
-38.4
-39.4
-38.4
-39.7
-39.5
-40.5
-36.1
-40.4
-39.7
-41.0
-41.4
-42.7
-43.8
-43.5
-43.7
-41.5
-45.0
-45.3
-43.4
-44.3
-44.4
-44.9
-47.3
-47.7
-46.6
-45.1
-46.0
-45.1
-47.7
-54.6
-47.1
-48.9
-42.5
-51.7
-48.4
-48.1
-43.5
-46.1
-48.8
-45.6
-48.7
-47.2
-46.7
-45.9
-50.2
-46.4
-47.4
-48.0
-47.3
-49.5
-46.5
-46.2
-46.7
-46.3
-44.8
-47.7
-50.3
-46.7
-46.4
-46.2
-47.7
-45.1
-49.8
-44.6
-44.7
-48.4
-52.0
-52.9
-48.8
-47.2
-48.3
-48.7
-48.9
-49.2
-50.3
-47.3
-44.2
-49.2
-48.4
-51.4
-51.9
-48.2
-49.8
-48.1
-49.3
-49.0
-48.6
-47.7
-51.7
-50.5
-51.7
-51.4
-51.6
-51.9
-52.6
-50.7
-50.8
-52.8
-52.0
-53.2
-51.5
-53.4
-53.2
-56.2
-54.7
-53.9
-52.5
-54.7
-56.1
-55.5
-53.8
-54.7
-56.3
-56.2
-55.8
-56.5
-57.8
-58.4
-58.2
-58.5
-58.2
-61.5
-61.2
-61.1
-60.8
-59.6
-61.4
-60.9
-61.1
-60.8
-60.9
-59.4
-61.5
-61.0
-61.7
-60.7
-61.2
-62.1
-61.2
-60.7
-61.0
-61.6
-60.8
-60.5
-60.2
-60.2
-59.7
-59.3
-59.1
-59.5
-60.4
-61.1
-61.7
-62.0
-60.8
-61.8
-61.5
-61.1
-60.8
-61.2
-61.7
-61.9
-60.9
-61.8
-61.3
-62.3
-61.1
-60.5
-61.9
-59.8
-60.2
-60.8
-60.7
-60.1
-59.7
-61.3
-62.8
-61.9
-60.8
-61.0
-60.9
-61.3
-62.4
-62.8
-63.0
-63.9
-65.6
-66.3
-68.1
-69.3
-70.5
-71.2
-70.3
-71.0
-71.6
-71.9
-73.8
-73.6
-73.0
-72.5
-71.5
-73.2
-72.5
-72.1
-72.5
-72.1
-72.2
-73.4
-73.7
-72.5
-71.5
-71.8
-72.7
-73.1
-72.0
-72.2
-72.1
-71.9
-71.8
-72.8
-72.5
-72.9
-72.8
-74.0
-73.5
-72.8
-71.9
-71.1
-72.6
-73.4
-73.1
-72.6
-70.6
-70.6
-71.0
-71.3
-72.8
-72.0
-71.9
-71.8
-72.5
-72.0
-72.5
-71.6
-70.4
-70.8
-71.2
-71.4
-71.9
-71.7
-72.5
-72.3
-71.4
-70.8
-70.6
-70.8
-71.8
-72.3
-73.0
-72.2
-72.4
-72.9
-72.1
-73.0
-71.6
-72.0
-71.4
-71.7
-71.9
-72.4
-72.5
-73.7
-74.0
-73.7
-72.8
-71.6
-70.5
-72.0
-72.3
-73.0
-72.9
-73.3
-73.5
-73.3
-73.1
-72.8
-73.0
-72.5
-72.3
-72.7
-72.1
-72.0
-71.9
-72.0
-72.8
-73.7
-72.9
-71.9
-71.1
-70.9
-71.1
-70.6
-71.2
-70.7
-71.5
-71.0
-71.2
-71.6
-71.2
-70.5
-70.9
-70.3
-71.0
-72.1
-72.0
-71.9
-71.6
-71.9
-72.3
-72.0
-70.9
-70.4
-70.4
-71.1
-70.5
-71.0
-70.9
-70.2
-70.4
-70.7
-70.6
-70.6
-70.7
-70.8
-69.8
-68.7
-68.8
-69.7
-70.6
-70.3
-70.4
-69.9
-70.0
-70.8
-70.4
-70.7
-70.8
-70.3
-69.9
-71.3
-71.5
-72.9
-71.7
-72.2
-72.3
-72.1
-71.9
-71.2
-71.0
-71.0
-71.7
-71.0
-71.3
-72.1
-72.5
-72.3
-72.6
-72.5
-73.0
-72.4
-72.9
-72.6
-72.8
-72.9
-73.3
-74.1
-73.9
-72.7
-73.2
-72.9
-73.6
-72.7
-73.7
-73.7
-74.9
-74.5
-74.2
-73.3
-73.8
-74.0
-74.4
-74.4
-74.6
-75.1
-75.2
-76.1
-76.0
-76.1
-76.8
-77.2
-77.5
-75.9
-76.0
-76.1
-76.5
-77.6
-77.7
-77.4
-77.7
-76.3
-76.4
-76.7
-78.1
-78.8
-78.1
-78.0
-78.9
-78.6
-79.2
-78.9
-78.9
-79.7
-78.2
-78.4
-79.1
-78.8
-80.2
-79.5
-80.0
-80.7
-81.0
-81.5
-81.3
-80.7
-80.5
-80.6
-81.4
-80.9
-80.5
-79.9
-80.8
-81.5
-81.7
-81.6
-82.1
-82.5
-82.8
-82.9
-82.8
-83.2
-82.6
-82.4
-83.2
-83.4
-84.8
-84.0
-84.0
-84.1
-84.8
-85.8
-85.6
-85.8
-85.9
-85.3
-85.9
-85.5
-86.0
-85.8
-85.9
-85.5
-85.0
-83.1
-82.5
-81.9
-81.7
-81.2
-80.5
-80.8
-80.7
-80.7
-81.3
-81.5
-81.9
-81.3
-80.2
-79.5
-79.3
-79.3
-80.8
-81.0
-80.8
-79.9
-79.5
-79.4
-80.1
-80.8
-81.5
-82.7
-81.6
-81.1
-81.3
-82.3
-83.2
-83.0
-82.0
-81.0
-81.5
-82.3
-83.9
-84.6
-84.5
-84.9
-83.9
-84.5
-84.8
-84.8
-84.5
-85.4
-85.2
-85.7
-85.0
-83.4
-83.1
-82.7
-83.1
-83.6
-84.3
-85.4
-85.6
-85.9
-85.2
-83.6
-83.3
-83.3
-84.3
-84.1
-84.0
-84.0
-84.2
-82.7
-82.6
-82.4
-82.6
-84.9
-83.5
-83.3
-81.9
-81.0
-81.9
-82.1
-81.5
-81.8
-81.7
-81.2
-83.1
-83.5
-84.0
-82.9
-81.7
-81.8
-81.6
-81.2
-81.3
-81.5
-82.7
-81.7
-81.5
-81.2
-81.1
-80.8
-80.5
-80.3
-80.2
-80.1
-79.9
-79.3
-79.8
-80.1
-80.9
-80.6
-81.7
-80.1
-79.8
-79.0
-78.1
-77.6
-77.5
-76.7
-77.6
-78.5
-77.7
-77.1
-76.3
-76.3
-75.8
-76.1
-77.1
-74.9
-74.4
-73.5
-74.4
-75.0
-75.5
-75.0
-76.7
-75.3
-74.1
-74.4
-75.1
-73.6
-73.0
-72.5
-73.1
-72.6
-73.9
-72.6
-72.8
-72.3
-73.2
-73.5
-73.8
-72.5
-73.1
-73.8
-73.4
-71.6
-71.7
-70.3
-70.9
-70.5
-70.1
-69.7
-68.8
-67.5
-66.5
-66.7
-65.6
-64.5
-63.2
-62.2
-61.7
-61.1
-60.7
-60.6
-60.6
-60.5
-61.1
-61.1
-60.7
-59.9
-59.4
-59.7
-61.2
-61.8
-62.1
-61.0
-61.0
-60.5
-60.5
-60.8
-61.5
-62.2
-62.3
-61.4
-61.6
-60.6
-59.7
-60.7
-60.0
-60.6
-60.1
-60.2
-60.1
-59.9
-59.4
-59.0
-59.7
-59.2
-59.4
-58.4
-57.9
-57.9
-58.3
-58.4
-57.6
-57.5
-57.3
-58.1
-58.3
-57.8
-57.4
-56.7
-56.8
-57.3
-56.7
-57.0
-56.9
-56.8
-56.8
-54.8
-55.1
-55.0
-55.4
-55.8
-55.7
-55.4
-54.9
-54.1
-55.3
-55.5
-56.4
-57.6
-55.7
-54.7
-53.8
-52.0
-52.5
-51.5
-51.9
-53.2
-54.0
-54.3
-54.5
-54.5
-52.9
-53.2
-52.7
-52.7
-53.7
-53.9
-54.0
-52.9
-52.5
-52.4
-51.6
-51.7
-52.6
-51.5
-51.2
-51.2
-50.5
-50.4
-50.0
-50.2
-51.1
-50.8
-49.5
-49.8
-50.7
-51.5
-51.4
-48.2
-46.3
-47.6
-50.3
-51.2
-49.3
-46.6
-47.5
-50.2
-52.7
-52.4
-50.3
-48.2
-47.5
-51.0
-53.5
-54.8
-52.5
-49.0
-47.0
-48.2
-51.3
-54.2
-52.6
-48.8
-44.9
-44.3
-45.9
-47.3
-49.0
-48.7
-47.4
-45.0
-45.5
-46.1
-48.3
-48.1
-47.4
-47.1
-46.0
-46.0
-47.4
-47.4
-47.2
-45.7
-45.5
-45.5
-45.5
-45.3
-44.4
-43.7
-42.5
-42.0
-42.0
-41.3
-40.8
-40.1
-39.6
-38.6
-37.1
-37.2
-35.9
-36.2
-36.1
-37.7
-38.2
-36.8
-37.3
-36.8
-38.4
-38.5
-38.7
-39.3
-38.7
-37.9
-37.7
-37.4
-38.0
-39.7
-40.6
-39.3
-37.9
-37.4
-39.5
-41.3
-41.3
-40.7
-39.8
-39.7
-40.0
-40.9
-40.3
-39.2
-38.4
-38.3
-39.3
-39.3
-39.6
-40.0
-39.7
-40.1
-39.2
-40.1
-39.2
-39.1
-39.1
-40.0
-40.3
-39.9
-38.2
-39.0
-38.5
-39.0
-37.8
-37.2
-37.0
-38.9
-38.8
-38.9
-37.9
-38.8
-38.0
-37.9
-37.5
-37.4
-36.9
-35.7
-38.4
-36.5
-37.9
-38.5
-38.4
-37.7
-36.9
-37.5
-37.4
-37.7
-36.5
-34.7
-33.9
-33.3
-34.9
-36.5
-36.3
-35.0
-34.6
-34.9
-34.4
-35.1
-35.2
-34.8
-34.7
-34.2
-32.8
-34.1
-34.0
-35.6
-35.2
-35.8
-35.0
-35.0
-34.7
-34.4
-33.2
-34.0
-34.6
-33.7
-32.6
-32.5
-35.0
-36.3
-35.1
-33.4
-32.9
-31.9
-32.7
-33.1
-32.5
-31.4
-30.7
-32.1
-33.0
-32.6
-31.5
-31.0
-30.5
-31.1
-32.7
-32.7
-31.7
-31.1
-30.1
-29.8
-29.6
-30.3
-31.7
-30.4
-29.8
-29.5
-30.1
-30.7
-28.8
-28.8
-28.5
-27.9
-29.2
-29.2
-30.3
-30.2
-29.5
-29.4
-28.3
-27.7
-27.1
-27.6
-27.7
-27.6
-27.0
-25.6
-25.3
-23.8
-23.7
-22.9
-22.1
-21.4
-20.9
-20.2
-18.8
-18.1
-18.3
-18.9
-19.7
-18.6
-20.1
-18.8
-18.9
-18.7
-18.6
-19.0
-19.2
-19.2
-19.3
-19.3
-19.0
-19.4
-20.1
-19.8
-20.3
-20.4
-20.7
-20.2
-20.7
-19.7
-19.3
-20.6
-21.6
-22.2
-19.7
-18.0
-17.0
-19.8
-20.6
-21.9
-20.5
-19.1
-18.3
-17.6
-19.0
-20.9
-19.0
-18.8
-17.8
-18.0
-17.1
-16.6
-16.9
-17.9
-18.3
-17.4
-17.3
-17.9
-17.1
-17.7
-17.9
-17.9
-18.3
