-0.6
-1.1
0.2
-0.8
-1.5
-0.6
-1.3
-0.5
-0.8
-1.6
-2.3
-2.7
-2.0
-1.0
0.1
-0.4
-0.4
-0.3
-0.6
-0.7
-1.3
-0.2
0.0
-0.4
-0.8
-0.4
-1.0
0.0
0.6
0.8
-0.5
-1.4
-1.3
-0.9
0.0
1.6
1.7
1.4
0.2
-0.4
-0.2
-0.8
-1.2
-1.2
-1.9
-1.2
-0.7
-0.6
0.5
-0.2
0.3
-1.8
-2.1
-1.9
-1.2
-1.5
-0.5
-1.3
-0.7
-1.2
-1.2
-1.0
0.0
-0.9
-1.0
-1.5
-0.3
0.0
1.1
1.2
1.7
0.9
0.3
-0.2
-0.6
-0.1
0.0
0.0
0.0
-0.2
0.7
1.4
1.4
0.3
0.2
0.1
0.0
0.1
0.7
1.3
1.6
1.1
1.0
0.6
0.4
0.4
1.1
2.0
1.2
0.7
0.9
1.2
1.1
1.9
1.3
1.6
1.7
1.1
2.3
2.9
2.4
2.6
1.9
1.0
1.5
2.0
1.6
1.1
0.0
-0.8
-0.3
0.3
0.3
0.2
-0.3
0.0
1.5
1.5
1.3
0.5
0.1
0.1
0.8
1.3
1.2
0.3
0.3
-0.3
0.4
0.7
1.1
1.2
1.7
1.1
1.2
-0.6
0.0
0.1
0.1
0.0
0.0
0.0
0.9
0.5
0.2
-0.4
-1.1
-0.4
0.1
-0.2
-0.2
0.2
0.0
-0.4
0.0
-0.2
2.7
1.3
1.2
1.3
0.0
-0.6
-1.6
-1.9
-0.6
-0.8
0.0
0.1
0.3
-0.7
-1.0
-0.8
-0.3
0.6
2.3
2.4
1.6
-0.1
-0.2
-0.7
-0.5
-0.9
0.8
1.5
0.9
0.4
0.4
0.6
0.4
-0.5
-1.1
-1.4
-0.9
-1.2
0.1
0.2
0.6
0.3
0.3
0.9
0.6
0.2
-0.4
-0.1
0.6
1.3
1.6
1.4
-0.3
-0.2
-0.3
0.7
0.7
0.3
1.2
1.7
1.4
0.6
-0.6
0.0
1.8
3.7
3.1
1.8
0.6
0.4
1.9
2.5
2.3
2.8
2.5
3.0
2.5
2.1
2.2
1.9
2.9
3.1
3.2
3.4
3.2
3.3
3.6
3.5
2.8
2.8
3.8
5.4
4.7
4.4
3.6
3.6
3.7
3.3
2.3
2.7
1.4
2.3
1.4
1.5
0.7
0.7
1.2
1.6
2.1
2.2
1.7
1.1
1.5
1.6
0.4
0.8
1.4
2.4
1.9
1.8
0.3
0.3
-0.5
-0.4
0.0
-0.7
-0.6
-0.4
-0.8
0.0
-0.3
-0.9
-0.9
-1.6
-0.8
-0.2
0.5
1.2
1.5
1.5
0.6
-0.6
-1.7
-0.6
0.5
-0.1
1.0
0.5
1.6
1.2
0.2
0.2
-0.2
-0.9
-0.7
-1.2
-1.4
-1.8
-1.0
0.3
1.0
0.7
0.7
0.8
0.9
0.0
-0.7
-0.8
-0.5
-0.5
-1.0
-1.3
-0.4
-0.8
-0.3
-0.3
-0.7
-0.1
0.0
-0.2
-1.2
-0.8
-0.6
-0.6
-0.3
0.1
0.1
-0.1
-0.6
0.3
0.2
0.2
-0.2
-0.2
-0.9
-2.3
-1.6
-0.2
0.4
1.0
0.1
0.1
0.6
0.5
0.3
1.0
1.2
0.1
-1.1
-1.4
-0.8
0.6
1.7
1.6
0.8
-0.2
0.1
-0.5
0.2
0.8
0.9
0.7
-0.7
-1.0
-0.9
-0.7
-0.2
-0.4
-0.7
-0.1
1.1
1.5
0.6
0.0
0.0
-0.2
0.5
0.7
0.5
0.2
0.2
0.6
1.0
1.0
0.1
-0.7
-1.7
-3.1
-2.9
-3.4
-1.2
0.0
0.5
1.0
0.0
-0.6
-0.4
0.0
0.2
0.7
0.7
1.1
0.4
1.7
1.7
2.2
1.7
0.6
0.0
-0.6
-0.8
-0.3
-0.5
-0.4
-1.4
-1.5
-1.6
-1.6
-0.7
-1.1
-0.7
-0.1
0.1
0.3
0.3
0.4
0.0
-0.1
-0.3
-1.1
-1.3
-0.6
0.0
1.7
1.1
0.9
1.2
0.0
0.2
-0.1
0.2
0.2
-1.2
-1.0
-0.5
0.4
1.0
1.3
1.9
1.7
0.6
-0.1
0.0
0.1
0.3
-0.5
-0.4
-0.1
-0.3
-0.2
0.0
0.3
0.1
0.2
-0.4
-0.1
0.0
0.0
0.6
0.9
0.7
0.7
0.3
0.0
-0.8
-0.2
-0.6
-0.6
-0.4
-0.4
0.5
0.6
0.2
-0.4
-0.2
0.4
0.5
0.0
-1.5
-1.4
-1.7
-0.7
-1.4
-0.9
-0.6
-0.1
-0.2
-0.2
-0.7
-0.3
-0.5
0.5
0.7
1.0
0.6
0.5
0.0
-1.4
-1.0
-0.8
-0.5
-0.7
-1.3
-1.2
-0.1
0.1
0.4
-0.1
-0.8
-0.7
0.1
0.7
1.6
1.6
0.7
0.0
0.2
0.5
0.3
0.7
0.6
1.5
2.3
2.8
2.9
2.0
2.0
1.6
2.0
2.5
2.1
2.0
2.3
2.7
2.1
1.9
1.2
1.3
1.8
1.4
2.0
2.2
1.6
1.1
0.9
1.3
1.5
1.7
0.9
1.1
0.9
1.5
1.4
0.5
-0.4
-0.2
1.8
1.3
0.4
-0.8
0.1
1.6
2.0
1.6
1.0
0.7
1.0
1.4
1.2
-0.5
-0.4
1.0
1.8
2.0
1.0
0.2
0.2
0.5
1.2
1.7
1.1
1.0
1.3
1.7
2.2
2.3
2.4
1.7
1.7
2.0
3.0
2.2
0.6
0.3
1.0
2.0
2.7
3.5
3.3
2.6
1.0
1.3
3.1
3.7
3.1
2.9
3.5
3.5
3.6
4.1
4.1
2.8
2.2
1.9
2.7
2.3
2.3
2.3
3.2
3.8
4.4
4.3
4.1
3.3
3.1
2.3
3.4
3.4
2.7
1.8
1.6
3.0
3.2
2.7
0.6
-0.8
-1.3
0.0
1.2
1.6
0.6
0.2
0.2
1.1
1.2
0.9
0.8
0.2
1.4
1.1
0.8
0.1
0.0
-0.1
0.2
0.4
1.4
2.0
1.8
2.5
3.0
3.1
2.8
0.7
-0.2
0.1
1.3
1.8
0.9
0.4
1.2
1.9
1.6
0.2
-0.6
0.2
0.0
0.0
0.5
0.1
0.8
1.2
1.0
1.0
0.1
0.1
0.2
0.6
1.2
0.6
0.8
1.2
1.7
1.7
1.0
1.1
2.3
2.1
1.2
0.0
0.7
1.3
3.2
2.7
2.4
2.3
2.6
2.8
2.9
2.3
2.4
2.3
2.8
2.4
2.0
0.7
1.5
1.7
2.2
2.1
1.8
1.0
1.6
2.2
2.8
2.2
0.9
0.8
1.2
1.7
1.7
2.2
2.2
2.7
2.3
2.7
2.0
1.0
0.3
-0.6
-0.6
-0.6
1.1
2.6
2.2
2.4
0.9
0.7
0.6
1.3
1.6
0.3
-1.2
-0.4
0.5
1.5
1.8
0.7
0.0
-0.5
-0.2
1.3
3.0
2.9
1.3
0.6
0.7
1.1
1.4
1.7
1.7
0.8
0.8
0.6
1.3
2.4
1.2
1.9
2.0
2.0
3.0
2.8
2.2
2.1
2.5
2.9
3.3
1.5
1.5
1.4
1.9
1.7
0.8
0.9
2.4
2.1
1.9
0.8
-0.1
0.6
0.5
1.2
0.8
0.2
-0.2
-0.4
0.0
0.9
1.4
0.1
-0.2
0.0
1.0
2.4
1.3
0.8
0.2
-0.9
-0.8
-0.4
-0.3
0.4
0.1
0.3
-0.2
-0.2
1.5
1.3
0.6
0.3
0.0
1.5
1.4
1.6
1.7
1.5
0.4
0.6
1.2
1.2
2.0
2.1
1.2
1.5
1.2
1.9
2.3
2.1
1.2
0.0
-0.5
0.1
0.3
1.1
1.0
1.7
2.6
2.0
1.5
0.6
-0.4
0.1
0.9
1.8
1.3
0.9
-0.6
-1.3
-1.0
-0.3
1.6
2.0
2.0
2.2
1.7
1.2
1.0
1.6
2.1
1.7
1.7
1.4
0.7
0.4
1.5
2.4
2.9
3.5
3.3
2.2
1.6
1.9
2.4
3.4
3.4
3.1
2.5
1.0
0.7
0.0
0.7
0.6
0.9
2.0
2.0
1.6
1.0
1.1
0.7
1.7
2.8
3.9
4.5
4.6
3.8
2.5
1.4
1.0
1.2
2.6
3.4
5.2
6.1
6.7
6.5
6.1
5.6
4.7
4.2
3.7
4.2
5.0
5.8
6.0
5.7
4.7
4.0
2.5
2.9
4.9
5.5
5.1
4.7
4.6
3.9
4.1
2.7
2.4
1.6
2.2
2.1
2.6
2.6
2.3
3.6
4.1
4.4
4.0
3.5
2.8
4.0
2.4
1.9
0.1
-1.0
-0.9
0.6
1.7
1.9
2.0
2.1
2.9
2.4
2.6
1.9
1.9
1.6
1.8
1.2
1.4
1.6
2.3
2.5
2.6
3.4
4.3
3.8
4.5
3.4
3.5
2.4
1.8
1.8
1.8
0.9
0.7
0.2
1.5
0.9
0.3
0.6
0.8
1.0
1.5
0.6
2.2
1.2
0.9
0.6
0.3
-0.2
-1.1
-0.1
1.0
2.2
1.4
-1.0
-2.2
-2.7
-0.9
0.6
1.9
0.8
-0.1
-2.3
-2.6
-1.3
0.4
0.8
-0.4
-2.1
-3.0
-1.5
-0.2
0.7
1.4
0.1
0.6
1.1
1.0
0.6
-0.4
-1.8
-1.8
-2.5
-1.5
-0.5
-0.7
-0.8
-1.7
-1.9
-1.3
-0.4
0.4
0.5
0.0
-0.2
0.7
1.0
0.9
0.4
0.2
0.3
1.0
1.6
1.8
1.1
0.8
0.1
0.0
-0.9
-0.3
0.8
1.0
2.0
1.8
1.8
2.7
2.5
1.7
0.9
-0.8
-1.6
-0.7
0.0
1.5
2.6
1.9
1.6
-0.2
-0.8
-0.3
0.7
2.0
1.2
0.0
-0.3
-0.1
-0.5
-0.6
-0.5
-1.0
-1.1
-0.2
0.5
2.2
2.0
2.1
2.1
2.1
2.7
1.1
1.6
1.3
1.9
3.1
3.5
4.2
4.5
3.8
5.1
5.3
5.1
5.0
5.0
4.1
4.0
3.8
3.8
3.2
2.2
2.6
4.0
5.0
5.0
4.8
5.0
4.4
4.3
3.5
3.3
2.7
2.2
2.5
3.0
3.7
3.8
4.1
3.5
2.6
2.5
3.6
4.8
5.9
5.7
4.3
3.6
2.5
1.2
1.1
0.5
2.0
2.4
2.0
1.2
0.9
1.7
0.5
0.0
-0.7
-0.5
0.7
3.1
4.4
4.4
2.8
2.9
2.2
1.1
0.2
-1.5
-1.8
-1.6
-0.9
-1.5
0.0
-0.4
1.0
1.1
1.8
2.0
1.2
0.5
0.7
1.3
2.0
3.1
3.4
3.7
1.6
0.6
-0.3
-0.7
-1.0
0.2
1.6
3.6
4.0
3.4
3.1
2.0
0.6
-0.4
0.5
1.4
2.5
2.4
1.1
1.2
3.1
4.5
4.1
3.4
2.2
2.9
2.8
1.9
1.8
0.3
-0.4
-0.4
0.5
2.2
2.5
2.8
2.0
0.7
0.3
0.6
1.6
1.1
0.4
-0.5
-0.2
0.0
-0.1
-0.2
0.1
-0.1
0.1
-0.7
-0.6
0.3
1.7
1.8
2.0
1.9
2.2
2.0
1.7
1.5
0.2
0.2
0.7
0.8
0.8
0.0
-0.6
0.5
1.1
0.7
0.9
0.4
1.4
1.1
1.5
0.4
1.0
1.1
1.9
3.0
2.6
1.7
0.1
-0.9
-0.2
0.6
0.3
0.8
1.0
-0.1
0.8
0.8
1.8
1.1
1.0
0.5
2.4
1.8
1.5
1.2
1.5
1.6
1.0
1.6
1.3
1.6
1.6
1.6
1.5
2.3
1.0
0.7
0.7
1.1
1.8
1.7
0.8
0.5
0.8
0.6
0.9
1.6
1.4
1.0
0.9
0.3
0.2
-0.6
0.3
1.1
0.4
0.1
-0.3
0.5
1.1
0.8
0.3
0.1
0.2
0.6
0.9
1.7
1.6
0.5
-0.1
-0.6
0.3
0.6
1.0
0.3
0.1
0.0
0.4
1.2
1.2
1.0
1.2
0.1
-0.2
0.5
1.7
3.1
2.0
0.6
0.2
0.8
0.8
0.8
0.4
0.4
-0.8
0.0
0.4
1.7
1.8
1.1
0.0
-0.5
-0.4
-0.5
0.0
0.0
0.5
1.2
1.4
1.8
1.5
1.3
0.5
0.4
0.2
1.1
1.5
0.5
-0.5
-0.4
0.6
2.0
1.8
1.9
0.7
0.6
0.3
0.5
0.8
1.1
0.8
0.1
-0.3
-0.9
0.7
1.8
1.0
0.9
0.3
0.2
0.3
1.1
1.1
3.4
1.7
0.7
0.7
0.4
1.3
1.0
0.2
0.0
-0.2
-0.7
0.1
0.4
0.2
0.2
-0.2
-0.2
-0.9
-0.6
0.2
0.9
0.8
0.7
0.7
1.0
2.1
2.2
1.5
0.3
0.5
0.0
0.2
1.3
1.5
1.5
0.7
1.4
1.8
2.1
1.8
1.7
1.3
1.3
1.0
0.6
1.0
1.1
2.2
1.4
1.1
1.1
1.0
1.0
1.0
1.2
1.9
1.2
1.8
1.7
1.7
2.4
3.3
3.4
4.1
2.7
1.9
2.1
2.8
3.8
3.6
3.5
2.5
3.0
3.8
3.5
3.9
3.2
3.2
2.2
0.8
0.7
1.4
2.1
1.2
1.3
1.8
2.5
2.7
1.7
1.5
2.4
1.7
0.9
0.0
-1.4
-0.6
-0.2
0.3
-0.2
0.4
0.0
0.8
0.3
0.3
1.2
1.8
1.7
0.7
0.2
-1.0
-0.2
0.2
1.5
2.3
2.5
1.4
0.0
-1.6
-1.6
-0.7
0.7
1.7
2.2
2.1
1.4
1.2
0.5
0.0
-0.6
-1.0
0.3
1.9
2.4
2.9
1.2
0.7
0.4
1.2
1.8
2.1
1.6
0.9
0.3
-0.4
1.0
1.8
2.4
2.4
1.3
1.7
1.5
2.1
3.3
3.5
3.5
3.2
2.6
2.5
3.9
5.9
6.5
5.4
4.0
3.4
3.5
3.6
2.7
2.6
3.6
3.5
3.3
2.2
1.8
1.7
2.0
3.4
3.6
3.2
2.2
2.2
2.0
1.8
2.0
3.1
2.3
1.6
1.5
0.7
1.6
1.3
2.4
1.8
0.2
1.0
1.4
1.5
0.4
-0.3
0.1
0.4
1.6
2.6
1.7
0.0
-0.9
-1.5
0.5
1.1
0.4
0.9
1.2
1.3
0.6
-1.2
-2.5
-2.4
-0.7
1.6
2.5
0.7
0.4
0.0
1.0
2.3
2.1
1.7
1.0
0.2
-0.7
-1.4
-1.3
0.6
2.0
2.0
0.6
-1.5
-0.6
-0.8
0.5
0.7
0.0
-0.7
-1.2
-2.0
-0.9
-1.1
-1.0
-0.3
-0.1
-1.1
-2.1
-1.3
-0.7
0.2
-0.2
-0.2
1.1
1.4
1.2
1.0
0.5
0.1
0.7
0.7
0.1
0.0
0.0
0.7
0.7
0.8
-0.6
-1.9
-1.5
-0.3
0.0
-0.5
-1.5
-1.3
-0.7
-0.3
-0.1
-0.3
-1.2
-0.6
-0.4
0.5
0.8
1.3
0.9
0.9
0.4
-0.4
0.2
0.5
1.4
0.9
-0.3
-0.6
-0.5
-0.8
0.1
0.2
0.3
0.0
-0.4
-0.3
-0.7
-0.6
-0.8
-0.6
-0.4
-1.1
-0.9
0.0
-0.8
-0.8
-0.9
-1.5
-0.8
-0.4
0.0
0.6
0.1
0.0
0.0
0.7
0.0
0.7
-0.1
0.5
0.4
0.7
0.8
0.7
0.4
0.8
1.2
1.2
0.8
0.9
0.4
1.6
1.3
1.0
-0.4
0.3
1.0
2.1
1.1
1.1
0.9
0.4
1.5
1.4
2.0
2.2
2.0
2.0
0.8
1.1
1.5
0.7
0.7
1.2
2.1
3.0
3.3
3.2
1.7
1.1
0.3
0.6
0.6
0.5
1.1
1.4
1.7
1.9
1.2
1.0
0.3
0.7
1.1
1.7
2.4
2.6
2.8
1.8
1.2
0.6
1.3
0.8
2.1
2.0
1.3
1.2
1.3
1.7
2.2
1.8
1.9
1.2
0.5
0.3
2.0
1.4
2.2
1.0
2.0
1.6
-0.2
0.2
1.1
2.0
2.0
1.2
0.8
0.7
0.9
2.0
2.3
2.0
2.1
3.4
5.0
4.4
2.2
1.2
1.7
1.8
4.4
4.7
5.1
3.5
2.6
3.5
5.5
5.9
5.4
3.5
2.7
3.9
5.3
6.9
5.9
3.2
1.6
1.1
2.6
4.5
5.5
5.0
4.1
3.7
3.7
4.5
4.7
5.0
4.3
2.7
1.8
2.6
3.7
3.5
2.8
2.3
1.2
0.8
0.2
0.4
1.3
1.4
1.9
1.0
-0.2
0.6
2.0
3.6
3.5
1.7
0.6
-0.7
-0.4
0.6
0.8
1.4
0.6
1.1
0.9
0.9
1.5
1.2
0.7
0.8
1.5
2.7
3.7
2.8
1.7
0.9
1.1
1.6
2.2
2.3
2.4
1.8
0.9
0.6
0.2
-0.3
-0.4
0.4
1.3
1.4
0.7
0.4
0.2
-0.3
-0.4
0.7
1.5
2.6
2.5
1.3
0.6
0.0
0.5
1.4
1.5
0.4
0.3
0.6
1.7
1.5
1.2
2.5
1.9
1.9
0.5
0.3
1.9
1.1
1.7
1.8
1.2
1.6
1.0
0.9
0.7
1.2
2.4
3.1
2.5
1.1
0.9
1.1
1.3
1.4
2.3
1.8
1.1
1.7
2.2
3.5
2.7
2.2
2.7
2.3
2.9
2.9
4.5
3.9
2.3
0.9
0.9
1.7
2.4
3.7
3.5
4.1
2.5
3.5
3.2
3.5
3.3
2.3
2.2
1.5
0.7
1.6
1.4
1.0
0.8
1.5
2.9
3.8
4.0
3.2
1.8
1.4
0.7
1.6
1.1
1.6
1.2
0.6
0.6
1.0
1.1
2.1
2.7
2.0
0.8
-0.3
0.5
0.4
1.6
2.7
2.7
3.0
2.9
2.5
2.5
2.1
1.9
1.2
1.6
1.2
2.2
3.4
3.6
2.6
2.8
2.2
2.2
1.6
1.6
1.2
0.5
1.3
1.7
2.4
2.7
2.1
2.0
1.7
2.2
2.8
2.8
3.1
3.5
2.9
3.2
2.2
2.2
2.0
1.6
2.6
3.2
3.4
2.9
3.3
3.7
3.2
2.1
2.6
1.8
2.1
2.1
3.0
3.5
3.1
2.7
1.6
1.8
1.7
2.0
1.6
1.1
1.4
1.2
1.1
1.7
1.6
1.0
0.9
0.6
1.2
1.3
1.4
2.2
1.6
2.5
1.8
1.9
1.5
1.7
2.9
2.2
2.2
2.5
2.9
3.7
3.6
3.0
2.9
2.1
2.7
1.7
2.1
3.0
2.9
3.1
1.7
2.7
1.9
3.1
3.9
4.4
4.0
2.4
1.8
1.5
3.1
2.9
3.0
2.6
2.6
3.4
3.5
3.3
2.4
2.7
3.0
2.6
1.7
1.0
0.8
2.5
2.4
2.6
1.8
2.1
1.7
1.1
0.7
1.4
2.0
2.7
2.2
2.2
2.0
2.2
2.1
3.0
1.3
2.0
1.9
1.6
1.3
0.1
-0.5
0.7
0.5
0.5
1.6
1.3
1.5
1.6
1.1
1.4
0.6
0.4
0.8
0.8
1.5
2.5
2.8
2.4
2.6
3.3
3.2
3.2
2.3
2.5
2.2
1.8
2.3
2.8
2.2
1.9
1.0
0.8
2.1
2.8
2.7
2.5
1.9
1.3
1.7
1.7
2.6
2.5
0.6
0.2
0.4
1.2
0.9
-0.1
-0.1
0.3
1.1
2.4
3.0
1.2
0.0
0.8
1.6
2.6
3.0
2.5
1.9
1.3
0.9
0.3
0.1
-0.7
-0.2
1.2
1.0
1.7
0.1
0.9
1.6
1.9
1.7
0.2
0.3
1.3
2.2
3.3
1.6
1.5
0.8
1.0
1.7
0.9
0.8
-0.2
0.7
3.0
2.6
2.8
1.4
1.8
2.4
2.5
2.8
3.3
3.2
3.0
2.0
2.5
3.0
4.4
4.3
4.5
3.9
3.7
4.9
5.0
4.3
4.4
3.5
2.5
2.9
3.3
4.1
4.7
4.1
4.4
5.9
5.8
6.0
5.2
3.9
3.1
3.0
3.7
5.3
4.6
3.8
3.0
2.0
1.7
2.2
3.0
4.1
4.5
4.3
3.6
2.4
1.6
1.0
1.6
0.6
1.0
1.6
1.9
1.9
2.4
2.3
2.3
1.3
1.3
1.6
2.2
2.2
2.2
2.0
2.1
3.5
4.4
4.1
3.9
3.0
2.6
2.0
2.4
2.5
1.9
1.5
1.4
2.4
2.9
3.4
3.8
3.3
2.4
1.3
0.6
0.1
0.1
1.2
1.7
1.2
1.3
1.2
1.3
1.7
1.6
2.2
1.6
0.8
1.4
1.6
1.7
1.3
0.8
1.7
1.1
1.0
1.0
0.4
1.3
0.2
0.8
-0.2
0.3
0.4
0.2
0.5
0.5
2.2
2.0
1.7
1.7
1.7
0.4
1.3
0.5
1.1
0.2
0.2
1.4
2.6
2.0
1.7
0.0
-0.8
-0.5
-0.4
0.9
1.2
2.2
2.0
2.0
1.3
0.0
-0.4
0.7
0.5
0.6
0.4
0.1
1.2
1.2
0.2
-0.3
-0.4
0.0
0.3
0.0
0.6
0.0
0.1
0.0
0.3
-0.3
-0.6
-0.9
1.2
2.3
1.9
2.0
1.1
0.0
-0.6
-1.7
0.6
1.3
2.0
2.3
1.4
2.3
1.7
1.8
1.3
0.9
1.3
1.9
1.9
1.5
2.6
2.7
2.8
1.8
1.6
2.3
4.1
4.2
4.0
2.9
2.5
2.0
1.7
2.8
2.1
1.8
1.8
2.1
3.2
4.1
4.5
4.6
4.4
3.7
3.7
2.4
2.3
2.7
2.5
3.0
2.7
3.0
3.7
3.5
2.9
2.0
1.4
1.1
1.2
1.4
1.9
2.1
2.2
1.8
2.5
3.9
4.4
4.8
4.1
4.5
2.3
3.1
2.6
2.7
3.3
3.9
5.3
6.1
5.6
4.6
3.8
3.7
5.4
5.1
5.4
3.7
3.4
3.4
3.2
3.2
3.8
4.8
4.6
6.0
5.3
4.3
4.2
4.1
3.1
2.5
2.4
3.2
4.0
3.0
3.5
3.6
3.6
2.9
2.6
1.0
1.1
1.2
2.9
4.6
5.3
4.8
5.3
3.7
3.1
4.1
3.7
4.3
3.3
0.5
-0.4
0.0
0.7
2.4
3.0
2.7
2.5
1.8
2.5
2.0
2.5
1.5
0.0
-0.7
-1.3
-0.2
0.4
1.1
0.7
0.2
0.6
1.0
2.0
1.8
1.2
0.6
-0.2
-0.7
-0.9
-0.4
0.1
-0.7
-0.3
-0.3
-0.1
0.0
0.4
2.0
2.8
2.9
1.9
1.6
1.3
0.9
0.9
1.8
1.3
0.3
-0.9
-1.5
-0.3
-0.6
0.2
1.2
2.8
3.4
2.9
2.3
0.2
-0.2
0.0
0.0
1.5
1.1
2.4
3.2
3.6
4.2
3.5
3.4
3.2
2.5
1.7
0.5
-0.4
-0.6
-1.2
-1.1
-1.0
0.0
1.5
2.7
3.5
3.6
2.8
3.2
2.1
2.7
2.2
2.1
1.4
0.2
0.0
0.5
0.6
0.0
-0.1
-0.6
-0.1
-0.2
0.4
0.6
1.0
1.0
0.5
-0.6
-0.3
0.0
2.3
3.2
4.0
3.8
3.3
2.8
2.5
2.6
2.1
2.8
3.2
2.2
1.6
0.7
0.3
1.9
2.0
3.0
2.5
1.4
0.5
-0.6
-1.5
-1.9
-0.1
0.3
1.3
1.4
1.3
1.5
2.4
3.6
3.5
3.5
2.5
4.0
4.6
5.3
3.3
1.9
-0.9
-0.6
0.7
0.5
1.1
1.1
2.3
2.7
3.1
2.3
1.5
1.4
1.7
0.5
1.0
0.4
0.9
1.0
0.0
-0.2
0.3
-0.5
-0.4
0.2
0.6
1.3
1.4
0.9
0.9
1.1
1.7
1.9
2.2
2.1
2.5
2.0
2.0
1.9
0.8
0.6
-0.2
0.1
0.4
-0.4
0.5
0.2
-0.4
-0.7
-1.0
0.9
0.7
1.2
1.1
1.3
1.9
2.8
3.4
3.7
4.4
3.9
2.2
1.1
1.5
1.8
3.7
3.0
1.9
-0.1
-1.2
-1.1
-1.0
-0.4
-0.2
-0.1
2.3
2.2
3.5
2.7
2.2
1.8
1.9
1.6
1.1
0.9
1.9
2.7
2.5
2.1
0.7
1.3
0.8
0.4
-0.5
-1.0
-1.4
-1.5
0.5
2.2
2.8
1.9
0.1
-0.6
-0.2
-0.3
0.4
1.1
0.2
-0.3
0.1
1.1
1.9
1.9
1.9
1.5
3.0
3.6
2.7
3.1
3.2
2.9
3.3
2.1
0.0
-0.5
-2.0
-1.7
-1.3
-1.1
-1.1
-0.2
-0.3
0.4
1.6
1.2
0.9
0.5
-0.4
0.2
1.4
1.0
2.2
3.3
2.3
1.0
-0.3
0.1
2.1
2.8
1.6
1.4
2.0
2.7
3.1
0.5
-0.4
-0.3
1.1
0.7
0.5
-0.9
-1.1
-0.1
1.6
2.2
2.9
0.7
0.0
1.0
1.1
3.0
2.1
1.1
0.4
-0.6
-0.4
-1.1
-1.5
-2.0
-2.1
-1.0
0.6
1.4
0.4
-0.7
0.0
0.8
1.6
1.7
0.1
0.5
0.2
0.2
1.0
1.5
2.2
2.9
3.0
0.7
0.5
0.6
2.1
1.7
1.6
0.8
0.2
0.4
0.4
0.4
1.0
0.2
-0.5
-1.2
-1.0
-0.8
0.3
1.6
1.8
2.4
2.5
3.2
2.9
2.7
2.5
1.6
1.4
1.3
0.5
-1.2
-2.2
-0.4
1.4
1.8
-0.2
-1.9
-1.7
-0.2
1.2
1.9
0.8
1.1
1.0
2.8
2.8
1.0
1.1
0.9
1.7
2.1
2.1
2.1
1.7
1.2
1.5
0.7
0.0
-2.2
-3.0
-2.1
-1.3
0.4
1.0
0.1
-1.7
-2.3
-1.2
0.7
1.3
0.0
-1.8
-2.0
-1.7
0.3
2.2
1.0
0.4
0.2
0.8
1.8
1.5
0.3
-0.3
-1.1
-1.1
-0.6
0.6
1.0
1.8
1.2
1.0
0.6
1.1
0.5
0.4
0.0
0.7
0.6
1.2
0.2
-0.2
-0.5
-0.1
0.4
1.2
1.4
0.8
0.5
0.5
1.4
1.2
1.1
0.0
-0.7
-0.7
-1.0
-0.9
-0.5
0.1
0.0
0.6
0.2
0.1
0.9
0.8
0.5
0.3
1.0
0.1
0.2
-0.9
-1.3
-0.3
0.7
1.2
1.5
1.7
0.2
-1.1
-3.0
-1.7
0.0
0.9
0.1
-0.1
-0.3
0.6
2.2
2.6
0.8
0.0
-1.6
-0.7
1.0
2.4
3.9
2.8
2.0
1.1
2.4
3.7
5.6
6.0
5.1
4.0
2.3
1.9
2.4
3.5
5.1
5.1
6.1
6.0
5.7
5.3
4.2
3.8
3.7
3.1
3.1
3.9
3.3
3.7
3.9
3.7
3.8
3.8
4.6
3.8
3.2
2.5
3.2
3.9
3.5
4.1
3.4
3.2
3.8
4.5
4.5
4.3
3.9
3.5
2.8
1.7
1.1
0.4
0.3
1.8
2.9
2.3
0.9
-0.4
-0.1
1.3
2.7
3.0
2.4
1.1
0.7
0.4
1.7
2.5
2.3
1.6
1.6
0.6
0.2
0.8
0.9
1.5
0.9
-0.7
-0.6
-1.1
-0.6
0.3
0.1
0.7
0.0
0.4
0.9
0.9
0.9
0.2
0.0
0.3
0.8
0.6
0.6
1.4
0.7
-0.6
0.4
1.0
1.8
2.2
1.0
0.9
0.9
1.2
1.1
1.4
1.3
1.2
2.7
3.1
3.2
2.1
1.3
1.9
2.9
3.2
2.4
1.2
0.4
0.5
0.4
1.2
1.1
1.1
0.0
-0.3
1.6
3.2
2.5
1.2
0.1
0.5
1.0
1.7
3.7
3.5
3.4
2.4
1.3
0.7
-0.6
-0.2
-0.5
-0.7
0.0
1.3
2.6
2.7
2.9
2.8
2.3
1.3
0.5
0.1
1.2
2.2
2.5
1.1
-0.5
0.2
0.4
2.1
1.8
2.4
0.5
-1.8
-2.2
-0.5
1.1
1.0
0.5
0.0
-0.8
0.8
1.2
2.7
2.7
1.4
-0.1
-0.6
-0.4
1.3
2.9
3.0
2.4
1.0
-1.1
-1.7
-1.7
-0.5
1.4
1.8
2.2
1.6
1.6
0.2
-0.5
-0.3
0.6
1.0
1.1
2.0
2.4
2.8
2.0
-0.1
-0.3
0.1
0.2
1.1
1.9
2.3
2.9
2.7
2.4
1.1
1.8
1.9
2.5
2.4
1.8
1.4
1.4
1.3
1.8
1.2
0.5
0.4
0.5
1.1
2.0
3.2
3.7
2.5
2.3
2.1
1.6
0.7
-0.3
-1.2
-1.1
0.2
1.6
3.0
2.7
2.4
1.3
0.9
0.9
0.9
1.6
2.8
3.5
3.5
2.7
2.7
2.5
2.3
1.8
0.8
0.6
0.3
0.7
1.9
2.3
1.5
0.2
0.0
0.0
1.3
1.6
1.4
1.0
1.2
2.4
2.9
3.9
3.4
2.7
2.1
0.6
-0.3
-0.3
-0.2
0.6
0.5
0.7
0.0
0.8
0.2
1.2
2.2
2.4
1.4
0.8
-0.3
1.1
2.3
3.2
3.6
2.7
2.2
1.0
1.1
1.8
1.5
1.1
0.6
0.7
2.0
1.9
2.3
1.9
0.7
0.2
0.6
1.1
1.1
1.6
1.7
1.0
0.7
1.9
3.0
3.9
2.6
2.3
2.3
2.1
1.2
1.0
1.2
2.7
2.7
3.6
3.1
3.3
3.0
3.0
2.7
3.2
3.1
2.4
2.5
2.3
2.2
2.7
2.5
2.0
2.1
1.5
1.7
2.1
2.2
1.8
1.1
1.0
1.0
1.2
1.0
2.4
1.8
1.2
1.3
1.3
2.6
1.9
1.6
1.3
1.2
2.0
2.4
2.2
1.8
1.4
0.6
0.3
0.3
0.4
0.1
0.4
0.6
1.1
1.2
0.5
0.3
0.7
0.2
0.4
0.1
0.4
0.2
0.8
1.1
1.2
0.6
0.1
0.1
1.0
0.9
0.9
0.2
-0.4
-0.2
-0.3
-0.4
-0.8
-0.1
0.2
0.4
-0.1
-0.3
-0.2
0.2
0.5
0.0
0.4
0.0
-0.8
-2.0
-1.3
-0.6
0.7
0.0
0.4
0.2
-0.1
-0.7
-1.4
-0.6
-0.4
0.0
-0.9
-0.5
-0.7
-1.0
-0.8
-0.2
-0.4
-0.2
-0.1
-0.6
0.1
-0.3
0.0
-0.6
-1.4
-1.6
0.1
0.1
0.0
0.3
0.8
1.2
0.8
1.1
-0.5
-0.3
0.1
-0.4
-0.5
-0.7
-0.8
-0.5
-0.8
-0.5
0.5
0.3
0.3
-0.1
-0.1
0.3
0.5
1.2
1.2
1.7
1.4
1.1
1.1
1.8
1.7
1.7
1.4
1.8
1.5
1.9
1.6
1.4
1.1
1.3
2.4
2.9
2.4
1.5
0.8
0.1
0.7
1.1
1.0
0.8
2.0
1.8
2.0
0.8
0.6
1.2
1.6
1.0
0.0
0.4
0.8
1.0
0.9
0.3
0.1
0.6
0.9
0.9
1.2
0.7
1.3
0.0
-0.4
-1.0
-0.2
-0.4
-0.6
0.2
0.4
0.9
0.0
0.2
-0.6
-1.0
-2.0
-2.5
-1.7
-2.4
-2.0
0.0
-0.2
0.3
-0.6
-0.2
0.0
-0.4
-0.2
-0.1
-0.1
0.1
-1.1
-1.0
-2.2
-0.8
0.6
1.4
2.6
1.6
0.7
-0.9
-0.2
0.1
0.9
1.2
1.5
2.4
1.6
0.3
0.1
0.0
0.0
0.6
0.0
0.1
0.0
-0.4
-0.6
0.0
0.4
1.3
1.5
0.6
1.0
1.0
-0.1
0.2
0.4
1.0
2.3
2.0
2.5
2.3
1.2
1.4
1.7
0.9
1.2
0.6
1.4
0.6
0.3
1.0
1.2
0.1
-0.4
-0.8
-0.6
-1.0
-1.1
-1.1
0.2
0.5
0.4
0.0
0.0
-0.2
-0.5
-0.5
-0.3
-0.3
-1.3
-0.8
-1.9
-1.1
-1.5
-2.2
-2.3
-2.2
-1.1
0.2
-0.5
0.0
-0.2
0.0
-0.1
-0.7
-0.3
-0.9
-0.8
0.0
0.0
0.0
-0.9
-0.7
-1.0
-0.8
-0.3
0.6
0.4
-0.3
-1.4
-1.0
-0.4
-0.2
0.3
0.4
0.4
0.5
1.4
1.6
1.5
1.2
0.2
-0.2
-0.3
-0.2
-0.1
-0.3
-0.9
-1.4
-0.7
-1.2
-1.4
-1.4
-0.8
-0.2
-0.3
-0.4
-0.2
-0.5
0.0
-0.2
-0.7
-1.3
-1.7
-1.4
0.0
0.8
0.6
0.0
-0.9
-1.8
-0.9
0.2
0.9
1.6
1.5
1.1
0.6
-0.7
-0.9
-0.1
0.5
-0.2
0.4
0.4
0.2
0.8
-0.2
0.1
1.9
1.5
1.4
1.3
0.3
0.1
0.9
0.5
0.9
0.6
0.7
0.1
-0.6
-1.1
-0.4
-0.6
0.2
0.0
0.4
0.0
0.0
1.3
0.7
-0.7
-1.3
-0.8
0.2
0.4
-0.6
-0.8
-1.3
-2.6
-2.5
-1.9
-1.8
-1.4
-1.3
-1.4
-2.2
-2.2
-1.6
-1.2
-0.1
-0.7
-0.6
-0.8
0.3
-0.5
-0.2
-0.7
-0.6
0.0
-0.8
-1.4
0.0
0.0
1.0
1.4
1.4
1.5
1.4
1.4
0.4
0.1
0.1
0.2
0.2
0.0
0.0
0.3
0.9
1.1
0.4
0.0
-0.7
-0.1
0.7
0.6
0.8
1.2
0.5
1.0
0.7
1.4
0.4
0.2
0.0
-0.2
0.2
0.0
-0.2
0.0
0.4
0.8
1.0
1.1
0.9
1.4
1.7
1.3
1.9
2.9
2.2
2.5
1.7
2.0
1.8
1.0
-0.2
0.3
-0.3
-0.3
-0.4
-0.8
-0.3
0.3
0.9
2.0
1.1
0.7
0.5
0.6
0.8
0.5
0.0
0.2
0.3
1.6
0.9
0.7
0.4
0.5
0.5
1.0
0.1
1.1
0.6
1.0
0.6
0.1
0.2
0.1
0.0
0.0
0.4
0.6
0.8
-0.1
-0.2
-0.7
-0.6
-0.5
-0.6
0.2
-0.5
0.0
-0.2
0.0
0.2
0.0
-0.8
0.0
-0.6
-0.5
0.5
-0.2
0.2
-0.1
-0.1
-0.8
-1.6
-2.2
-1.4
-0.2
0.2
-0.2
0.2
-0.1
0.0
0.2
0.6
1.2
0.5
0.9
-0.6
-0.4
0.0
0.5
0.2
0.3
-0.8
-0.2
0.0
0.1
0.2
-0.8
-2.4
-1.1
-1.1
0.3
0.3
0.1
0.7
1.7
1.3
1.7
0.9
1.1
2.2
2.4
1.9
2.1
1.5
2.8
3.0
2.9
2.2
2.2
2.3
1.4
1.6
2.4
2.4
2.9
2.2
2.3
1.3
1.1
1.7
3.0
2.3
1.4
0.9
0.9
1.3
1.5
3.1
2.7
1.8
1.1
0.3
0.9
1.4
1.7
2.3
2.2
2.5
3.0
2.4
2.5
1.8
1.5
0.4
0.6
0.3
0.4
0.3
0.0
0.2
-0.9
-1.7
-1.4
-0.7
-1.1
-0.2
0.6
1.0
0.6
0.0
-0.3
0.4
-0.1
-0.2
-0.4
0.1
-0.8
-0.9
-1.1
-0.4
-0.6
-1.7
-2.1
-2.0
-0.2
0.0
-0.2
-1.4
-1.4
-0.5
0.6
0.4
-1.0
-1.2
-0.9
-1.1
-0.2
0.0
0.2
-0.4
-1.0
-1.0
-0.5
-1.3
-0.4
-0.4
0.3
-0.9
-0.2
0.2
0.0
0.0
0.1
0.2
0.9
0.3
0.8
0.4
-0.3
-1.4
-0.5
0.4
0.7
0.6
0.0
-0.2
0.3
-0.3
0.0
1.3
0.9
0.6
0.4
0.3
0.6
-0.6
-0.1
-0.1
0.6
1.2
0.0
-0.1
-0.5
-1.0
0.2
0.7
0.2
-0.5
0.0
0.2
0.4
0.7
0.0
0.0
0.5
0.6
0.9
0.5
-0.2
-0.2
-0.5
-0.1
0.1
-0.1
0.6
-0.2
0.3
0.0
0.1
1.4
1.5
1.7
0.3
-1.0
-1.1
0.1
0.6
0.6
0.4
0.8
0.5
0.1
1.0
1.7
2.5
0.5
0.3
0.5
2.0
1.4
1.7
2.3
2.4
2.3
1.3
1.1
1.0
1.7
1.4
1.7
0.4
0.6
1.2
2.0
2.0
0.5
0.3
0.9
1.7
2.5
1.2
0.6
0.5
1.2
1.8
1.4
1.0
1.3
1.0
0.5
0.5
-0.6
0.2
1.7
2.5
1.9
0.9
0.6
0.7
1.5
0.7
2.6
3.3
3.1
1.3
1.0
1.8
1.8
1.4
0.3
0.2
1.0
2.3
2.6
1.6
0.8
0.6
0.9
1.7
1.2
0.9
0.9
1.0
1.2
1.7
0.3
0.0
0.6
1.2
0.8
0.3
0.5
0.7
1.3
2.6
2.0
0.9
-0.3
-0.2
0.4
1.3
1.0
0.5
0.3
0.0
0.6
1.1
2.1
1.6
1.5
0.3
0.6
1.0
1.5
1.4
0.7
0.9
1.0
0.4
0.8
0.0
0.8
0.7
0.2
1.0
1.8
2.6
2.6
3.4
3.8
2.6
1.7
0.8
1.4
0.7
0.1
0.2
1.0
2.7
4.1
3.8
3.5
2.9
2.9
2.8
4.0
3.1
3.4
2.1
1.4
1.1
0.9
1.0
2.2
2.5
3.9
3.3
3.3
2.5
1.1
0.0
-0.9
-1.2
-0.5
0.0
1.4
1.0
1.4
0.1
0.6
0.5
0.4
1.0
1.7
2.6
1.6
0.9
1.7
1.8
2.1
1.2
1.0
1.2
1.9
1.5
0.5
0.1
0.3
1.2
1.2
1.3
2.6
3.8
3.6
3.2
2.9
2.0
2.1
2.7
2.7
2.0
1.9
2.4
3.9
4.2
5.1
6.9
6.7
4.7
4.2
3.8
5.7
6.9
5.6
5.3
4.0
4.1
4.2
3.7
4.3
3.9
3.7
3.7
3.0
3.7
3.4
4.0
4.6
4.4
3.4
3.3
3.4
2.4
2.0
2.6
3.2
3.5
2.0
2.0
1.8
2.0
2.3
2.2
2.4
2.0
2.9
2.8
2.2
3.5
4.0
2.7
1.7
0.2
0.0
1.1
0.8
3.0
3.3
2.3
2.0
0.7
0.9
1.0
1.2
2.1
2.2
3.1
3.5
3.2
2.5
2.5
2.3
3.2
3.1
3.5
4.1
3.9
3.9
4.3
4.1
3.3
2.9
2.4
1.8
2.7
2.8
3.0
3.1
2.1
2.8
1.8
2.0
1.8
1.7
2.9
3.4
3.8
3.0
2.0
2.0
3.7
3.2
2.2
1.1
0.8
1.5
3.4
1.8
2.1
0.8
1.8
2.8
3.0
1.9
1.2
1.2
1.1
1.6
1.3
1.2
-0.2
1.4
1.9
2.9
2.9
2.9
2.9
2.7
2.3
2.0
1.6
2.4
2.6
2.4
2.6
3.6
3.9
2.8
2.4
2.0
2.2
1.2
0.2
0.7
1.6
2.2
3.0
2.5
1.6
0.9
0.8
0.8
1.0
2.0
2.0
2.5
2.1
2.1
2.8
1.9
1.1
1.1
2.5
1.3
1.6
1.7
0.9
2.3
1.7
1.5
1.1
2.4
2.9
3.3
1.9
2.2
2.1
2.2
1.1
0.8
0.1
0.1
1.6
2.3
0.4
0.4
0.7
2.0
2.4
2.5
1.2
1.6
0.5
1.5
2.6
2.7
2.2
1.9
0.0
0.6
1.1
2.7
4.4
3.3
2.4
1.8
1.9
2.2
1.6
1.7
0.6
1.2
1.4
1.2
1.7
1.5
2.5
3.3
3.2
3.1
2.3
3.0
3.2
2.2
1.2
0.5
1.6
1.9
1.7
1.4
1.4
0.4
0.0
0.7
0.8
1.8
2.2
2.1
2.4
1.7
0.7
0.9
-0.1
-0.1
0.2
1.5
1.6
2.7
2.7
1.8
0.6
1.1
1.9
2.6
2.8
2.9
2.0
1.7
1.0
1.8
2.5
2.2
2.1
1.3
1.3
1.3
1.9
1.9
1.0
1.5
0.6
0.4
0.6
1.2
2.0
2.2
1.6
1.4
1.2
1.5
1.6
1.1
-0.5
-0.2
0.0
1.2
1.9
1.4
0.4
0.2
-0.5
1.1
1.5
1.7
1.2
0.9
-0.2
0.6
0.7
1.7
1.6
0.8
0.3
0.1
0.8
1.2
2.7
2.8
3.2
2.7
2.5
3.0
3.2
2.3
2.2
2.5
3.0
3.5
2.6
1.7
0.7
1.0
1.5
3.0
3.3
3.0
2.6
2.4
1.8
1.4
1.2
3.0
4.1
5.3
4.6
4.5
4.1
4.5
5.3
6.4
7.2
6.9
5.3
4.0
2.3
3.3
5.4
5.6
7.1
6.2
4.8
4.4
4.1
4.1
3.8
4.0
3.5
4.0
3.8
4.0
4.8
5.8
5.1
3.1
0.5
-0.6
1.2
3.2
4.2
4.4
3.3
4.4
4.5
4.5
3.5
2.7
3.7
5.5
5.1
4.8
4.1
3.5
2.9
2.0
1.7
1.9
2.8
2.8
1.6
1.5
1.3
1.6
1.5
2.5
1.8
2.5
3.1
3.0
2.1
2.4
1.1
2.7
2.7
3.0
3.2
2.7
1.6
2.2
2.6
3.2
1.6
1.2
0.0
-1.3
-1.8
-2.2
-1.6
0.5
1.0
2.0
1.9
1.4
0.4
0.1
-0.5
0.0
0.5
0.6
0.9
1.1
1.7
1.4
0.8
0.6
1.4
3.5
3.2
2.9
1.2
0.7
1.4
1.5
2.0
2.3
2.2
1.7
1.5
0.0
1.0
1.8
2.5
3.2
2.3
2.7
1.8
1.4
2.0
1.7
2.1
2.3
1.5
1.1
0.8
0.8
1.7
2.1
1.6
2.2
1.9
1.9
1.7
1.2
1.0
2.0
1.6
1.5
1.2
0.1
0.3
0.0
-0.5
-0.5
-0.3
1.3
1.8
1.8
1.8
2.7
2.9
3.0
1.7
1.1
1.6
1.9
1.5
1.2
0.4
0.1
1.2
1.2
1.9
2.1
1.0
0.9
0.9
2.3
3.2
2.7
1.6
2.7
1.4
0.7
0.7
1.0
2.2
2.0
2.4
2.7
3.0
2.4
3.0
2.0
1.1
0.8
1.7
2.1
2.6
2.1
1.4
0.7
-0.2
0.6
1.0
1.2
2.0
2.9
2.8
1.7
2.1
1.3
2.0
1.9
2.4
3.2
2.6
1.1
1.1
0.9
1.0
1.8
2.4
1.6
2.0
1.8
2.0
2.4
1.9
1.7
1.8
0.8
0.0
1.5
1.6
2.0
1.6
1.6
2.1
3.1
2.7
2.9
2.6
2.0
0.7
0.2
-0.2
0.6
0.8
2.6
1.7
1.1
0.5
0.7
0.2
1.0
0.9
0.0
0.0
-0.8
-0.2
1.0
2.0
2.3
2.1
0.7
0.7
0.4
0.1
0.4
0.2
0.3
0.7
1.5
1.6
1.5
0.7
1.8
1.6
1.7
1.2
2.5
1.9
1.1
0.6
0.9
2.2
1.7
1.0
0.6
0.0
0.9
0.2
1.1
0.6
0.9
0.3
0.0
0.7
0.6
2.4
2.4
2.0
0.6
0.0
-0.5
-0.2
0.0
1.2
0.9
1.1
0.7
1.6
1.3
0.2
0.6
0.5
1.0
2.2
2.3
2.0
1.4
0.8
0.8
2.3
2.0
2.1
1.6
1.8
2.1
2.1
1.7
1.8
1.8
1.5
0.2
1.5
1.1
1.6
1.5
2.4
1.2
0.6
0.4
1.8
2.2
1.1
0.3
0.2
0.3
-0.1
0.2
0.6
1.2
0.1
0.6
0.7
1.0
0.5
0.7
0.5
1.6
0.8
0.4
-0.2
0.5
0.0
0.8
1.6
1.4
0.5
0.3
0.2
1.6
0.5
0.5
0.5
1.2
0.5
0.7
0.9
1.7
0.9
0.1
0.0
0.2
1.0
1.2
1.4
1.3
0.9
0.8
0.2
0.5
0.9
1.4
0.7
0.4
0.7
1.9
2.9
3.2
4.1
4.2
4.1
3.9
4.3
4.5
3.8
3.7
3.3
3.6
2.6
3.7
4.2
3.6
3.6
2.7
3.0
1.6
2.2
2.2
1.5
2.4
2.0
2.7
2.6
2.8
1.9
0.7
0.1
1.7
2.1
1.9
0.9
0.8
1.0
1.7
1.3
1.8
2.2
1.8
1.6
1.1
0.6
0.8
0.7
0.2
0.4
-0.2
0.0
-0.1
0.7
1.3
2.7
3.2
2.3
1.8
2.0
2.2
2.0
1.2
0.0
0.1
-0.5
1.0
1.1
1.7
1.4
1.2
0.4
0.4
0.3
1.1
0.6
-0.7
-0.6
-0.2
0.7
1.1
1.4
1.0
0.2
0.1
0.1
0.1
0.2
0.1
-0.5
-0.7
-1.1
-0.9
-0.3
0.0
-0.1
0.1
-1.2
-1.2
-1.1
-0.5
0.6
-0.8
-1.2
-1.8
-1.3
-0.9
-0.1
-0.5
-0.9
-1.1
-1.3
-0.6
0.1
0.6
0.7
-0.1
-0.6
-0.4
-0.3
0.1
0.5
0.2
0.1
-1.5
-1.3
-0.6
0.9
0.4
0.0
0.0
-1.5
-0.9
-0.8
-0.2
0.0
0.1
0.7
0.8
1.1
0.7
0.6
1.2
0.0
-0.1
0.7
0.6
0.5
0.5
-0.6
-0.6
-0.1
0.0
0.2
0.0
-0.9
-1.6
-2.4
-1.7
-0.2
0.4
0.2
-0.6
-0.5
-0.3
0.6
1.3
-0.5
-2.5
-2.3
-1.3
0.8
1.6
1.7
1.4
-0.2
-1.0
-1.6
-1.6
-1.5
-2.1
-2.5
-1.6
-1.4
-0.1
0.5
0.7
0.1
-1.0
-1.2
-0.3
1.2
1.4
1.7
1.2
0.0
-0.6
-0.4
0.9
2.2
1.9
1.5
1.5
0.6
0.6
0.7
1.0
1.1
0.7
0.4
0.2
-0.1
-0.1
0.0
-0.1
-1.2
-0.3
1.4
1.8
0.7
-1.4
-1.7
-1.2
-1.1
-0.5
0.6
1.5
1.7
1.4
-0.7
-0.8
-0.5
-0.4
-0.1
-0.4
0.2
0.2
0.9
0.6
0.8
0.7
0.1
0.5
0.1
-0.2
-0.5
-1.5
-1.6
-1.0
-0.5
0.0
-0.2
0.3
-0.2
-0.8
-1.1
-0.6
-0.9
-0.9
-1.4
-1.4
-1.9
-1.9
-0.2
1.1
1.6
1.4
1.2
2.8
3.4
2.6
2.0
0.8
0.7
0.5
0.8
0.9
1.5
1.5
2.3
2.3
3.2
3.5
3.9
1.8
1.2
1.9
2.1
3.2
1.7
1.6
1.5
0.4
0.4
0.0
0.7
0.4
0.3
0.6
0.4
-0.3
-0.6
0.0
1.0
0.9
1.4
0.5
0.7
0.7
0.3
-0.1
-0.6
-1.0
-0.2
-0.2
0.0
-1.0
0.0
-0.8
-0.8
-1.1
-0.8
-0.2
0.0
-1.9
-1.5
-1.2
-1.2
0.0
0.2
0.0
0.2
-0.6
-1.3
-1.2
-1.0
0.0
0.9
1.3
0.3
-0.5
-1.5
-2.2
-1.6
-0.7
-0.7
-0.6
-1.6
-1.9
-1.9
-1.0
0.0
-0.6
-1.2
-1.4
-0.9
0.0
-0.3
-0.1
-0.6
-1.4
-2.3
-3.0
-3.7
-2.5
-2.5
-2.0
-2.4
-1.8
-0.3
0.9
0.9
-0.7
-1.5
-2.3
-3.8
-3.9
-4.4
-4.1
-4.0
-2.0
-1.6
-1.0
-1.5
-1.0
-0.7
-1.0
-1.5
-2.1
-2.3
-2.4
-1.2
-0.9
0.2
0.0
-0.5
-0.6
-1.4
-1.5
-2.1
-2.5
-1.5
-1.6
-1.8
-1.8
-0.7
0.0
0.4
0.4
0.2
0.0
0.3
-0.1
-0.2
-0.2
-0.5
-0.8
-0.2
-0.5
-1.4
-2.8
-2.0
-1.9
-1.0
-1.0
-0.1
0.0
0.0
-0.5
0.4
0.0
0.0
-0.9
-0.4
-0.3
-1.2
-2.0
-1.3
-0.6
0.0
-0.3
-1.4
-1.5
-1.0
-1.1
-1.4
-1.6
-1.1
-0.8
-0.1
-1.1
-0.8
-1.1
-1.0
-0.7
-1.4
-2.6
-3.1
-3.4
-2.7
-1.2
-0.5
0.1
0.8
1.7
0.8
0.2
-0.5
0.2
0.7
0.1
-1.1
-1.4
-0.8
0.3
1.0
1.6
1.3
0.0
0.7
0.0
0.0
0.1
1.5
3.3
4.9
5.7
5.4
4.6
4.1
4.2
2.8
2.3
0.9
1.0
1.9
3.2
3.8
3.7
3.6
4.7
4.2
4.4
3.3
3.9
3.3
2.8
2.5
1.4
0.4
-0.9
-1.6
0.0
-0.4
1.6
3.2
3.6
2.5
-0.3
-2.1
-2.8
-2.1
-1.7
0.0
1.5
1.6
2.2
1.4
1.2
0.9
-0.5
-0.5
-1.1
0.6
1.9
1.5
1.4
0.7
-0.4
-1.8
-1.7
-1.9
-2.1
-1.6
-0.4
-0.7
-0.5
-1.5
-1.0
-1.1
-1.1
-1.0
-0.3
-1.3
-2.6
-2.2
-0.7
0.4
0.0
1.1
1.2
0.8
1.3
0.6
0.0
-0.6
-1.6
-1.5
-2.2
-2.5
-2.7
-1.7
-0.8
0.9
1.7
2.2
1.5
1.1
0.5
1.0
1.9
3.1
3.2
3.2
3.4
4.3
3.4
2.5
1.9
2.7
2.5
2.9
2.7
2.1
1.5
0.9
0.5
0.5
0.2
-0.3
0.3
-0.1
-1.3
-1.8
-1.6
-0.4
0.4
0.7
0.2
0.4
0.0
-0.3
-0.8
-1.0
-0.1
1.1
0.1
0.1
0.7
1.8
1.5
1.8
1.7
1.3
1.1
0.5
1.0
1.3
1.9
1.1
1.8
1.2
1.1
0.7
-0.2
-0.6
-1.3
-0.4
-0.3
0.2
-0.4
-0.7
-1.0
-0.4
-0.4
-0.6
-0.6
-1.8
-2.1
-1.8
-1.2
-0.6
0.0
0.3
-0.8
-1.6
-2.6
-2.1
-2.0
-2.4
-2.5
-3.0
-2.3
-1.7
-1.2
-1.7
-1.8
-1.6
-0.6
-0.6
-1.2
-1.2
-2.1
-1.7
-2.0
-2.1
-2.0
-2.3
-2.2
-1.2
-1.7
-1.6
-2.6
-2.6
-3.1
-3.2
-2.7
-3.3
-3.0
-2.7
-1.6
-1.7
-1.3
-1.1
-1.9
-2.6
-2.6
-2.6
-1.2
-0.3
-0.5
-0.6
-0.2
-0.3
-0.8
-1.3
-0.3
0.6
0.0
-0.6
-1.3
-0.9
-2.0
-2.4
-1.6
0.0
-0.4
-0.8
-1.3
-1.3
-1.6
-1.4
-1.0
-0.1
0.3
1.1
0.9
0.0
-1.6
-1.4
-0.3
-0.5
-1.3
-1.9
-2.2
-1.0
-1.5
-0.4
-1.0
-0.8
-1.2
-1.9
-0.8
-1.1
-0.1
0.6
0.4
-0.1
0.1
0.0
0.0
0.3
0.0
-0.4
-0.2
-0.3
-0.3
0.5
0.0
-0.4
-0.6
-0.9
-0.9
-0.8
0.3
0.4
0.2
0.0
-1.0
-1.1
-2.0
-1.2
-0.5
0.4
0.3
0.5
-0.2
-1.4
-1.4
-2.5
-2.3
-1.7
-1.8
-2.4
-1.6
-1.0
-0.4
0.5
0.2
0.7
0.4
-0.2
0.0
0.8
0.9
-0.8
-0.7
1.0
1.0
1.4
0.4
0.3
0.2
-0.1
0.8
1.3
0.7
-0.6
-0.6
-0.5
-0.1
0.7
0.9
1.6
0.4
-0.4
-0.4
-1.1
-1.3
-0.4
0.5
1.8
1.4
0.1
-0.7
-0.5
0.2
0.0
-0.2
-1.2
-1.8
-1.5
-1.3
-2.0
-1.9
-2.4
-2.9
-2.4
-3.0
-3.1
-3.8
-3.5
-3.0
-1.9
-0.6
-0.1
-0.5
0.4
-0.8
-0.4
-1.5
-2.1
-1.4
-0.7
-0.5
-0.6
-1.1
-1.5
-1.6
-2.0
-1.3
-1.4
-0.2
-0.3
-0.3
0.9
0.9
1.9
1.4
1.5
0.5
0.4
-0.2
-0.8
-0.3
-0.6
0.6
0.3
0.4
0.8
1.3
1.4
0.7
1.3
0.5
0.7
0.3
-0.1
-0.3
-0.7
0.0
-0.5
-0.8
-1.3
-1.3
0.3
1.0
0.5
-0.4
-1.7
-2.6
-2.4
-3.2
-2.8
-0.7
0.6
0.4
-0.5
-0.9
-0.5
0.1
0.2
-0.5
-0.3
-0.8
-1.2
-1.7
-1.6
-1.1
-0.6
-0.5
-0.4
-0.6
0.0
-0.4
-0.8
-1.8
-2.1
-1.4
-0.4
-0.4
-0.5
-1.7
-0.9
-1.1
-1.8
-2.8
-2.6
-2.5
-1.3
-2.7
-2.9
-2.3
-2.0
-1.6
-1.7
-1.8
-1.6
-0.9
0.2
-0.6
-0.8
-1.7
-1.3
-1.5
-1.2
-0.6
-0.7
-0.1
-0.2
-1.3
-1.8
-2.3
-2.3
-2.1
-2.8
-2.8
-1.5
-0.7
-1.0
-1.1
-0.1
-0.2
-0.4
-0.8
0.0
1.0
-0.1
-1.5
-0.7
0.0
-1.2
1.2
-1.1
-2.4
-3.1
-3.5
0.0
-0.4
0.0
0.4
-2.5
-0.8
-1.2
-0.2
0.0
-2.6
-0.5
-2.6
-1.0
-2.0
-0.9
-0.7
-3.1
-3.6
-2.8
-3.5
-3.0
-2.9
-2.5
-0.6
0.3
-0.2
0.5
-2.3
-2.2
-3.3
-1.7
-2.5
-3.2
-2.6
-3.2
-3.1
-3.8
-3.4
-3.0
-2.9
-1.7
-1.5
-0.1
-2.8
-1.6
-3.4
-4.3
-4.3
-3.8
-1.6
-1.6
-1.6
-1.4
-2.2
-1.0
-2.6
-3.2
-2.6
-3.0
-2.4
-2.8
-2.6
-2.3
-2.2
-3.4
-4.8
-4.4
-4.9
-3.0
-3.2
-5.3
-1.6
-4.8
-4.3
-4.1
-4.2
-2.9
-4.1
-3.5
-3.5
-4.4
-4.0
-5.3
-4.1
-4.5
-3.1
-3.3
-4.4
-4.3
-4.4
-2.5
-3.6
-3.7
-4.8
-6.1
-5.5
-4.4
-6.5
-6.2
-7.5
-8.1
-7.6
-6.2
-6.7
-6.5
-6.4
-5.1
-5.8
-6.1
-5.6
-5.4
-6.5
-8.3
-8.5
-7.1
-6.0
-5.8
-4.5
-4.0
-3.2
-3.5
-4.0
-3.9
-4.9
-5.3
-4.3
-5.1
-4.9
-4.5
-4.0
-2.9
-4.6
-4.9
-5.3
-5.0
-4.3
-4.4
-3.9
-3.2
-3.7
-3.4
-5.2
-4.9
-5.7
-5.7
-5.4
-4.3
-4.5
-3.7
-3.6
-4.1
-3.2
-4.7
-4.4
-4.0
-3.6
-3.5
-2.9
-3.4
-2.5
-3.4
-2.4
-3.9
-2.9
-3.7
-3.5
-4.3
-3.1
-3.1
-2.9
-4.4
-4.3
-3.0
-2.2
-4.4
-3.0
-3.1
-2.5
-2.6
-3.9
-2.8
-3.0
-3.1
-4.4
-5.0
-5.4
-6.0
-5.1
-3.8
-4.8
-4.4
-4.4
-5.2
-3.7
-3.3
-2.9
-3.6
-4.1
-5.1
-4.1
-3.5
-3.8
-3.2
-3.6
-4.0
-3.7
-4.0
-1.6
-2.8
-2.7
-4.0
-4.9
-5.6
-4.1
-3.2
-3.7
-4.4
-6.9
-7.1
-9.5
-11.6
-13.5
-14.4
-15.3
-16.3
-17.2
-18.6
-20.0
-20.3
-20.4
-19.3
-19.7
-19.9
-20.5
-21.6
-22.5
-23.6
-24.4
-25.1
-25.3
-25.9
-27.3
-28.6
-30.2
-30.6
-31.2
-32.4
-32.6
-33.7
-34.6
-35.7
-36.0
-36.0
-36.8
-37.8
-38.7
-40.2
-40.9
-40.9
-43.1
-42.4
-43.5
-44.1
-46.0
-46.9
-46.9
-45.5
-45.8
-48.0
-47.9
-51.7
-51.3
-52.3
-53.5
-54.1
-55.3
-55.8
-55.6
-56.9
-57.2
-57.7
-57.5
-58.0
-59.0
-60.8
-60.9
-61.2
-61.7
-63.6
-64.8
-65.1
-64.9
-64.3
-63.6
-64.4
-64.6
-64.0
-63.7
-62.8
-63.6
-64.4
-65.0
-65.0
-64.5
-62.0
-61.2
-61.3
-61.7
-62.5
-63.3
-63.6
-63.1
-61.9
-61.7
-61.9
-62.8
-62.5
-62.7
-62.0
-61.5
-60.2
-60.4
-60.7
-61.9
-61.8
-60.9
-60.5
-58.7
-57.9
-57.8
-57.9
-58.7
-58.5
-59.2
-58.8
-59.3
-57.8
-58.4
-56.9
-58.0
-56.8
-57.2
-56.3
-56.3
-57.0
-57.8
-58.7
-58.1
-56.0
-54.6
-54.3
-53.7
-54.5
-54.9
-56.2
-56.3
-55.7
-55.8
-56.5
-56.8
-56.6
-57.5
-56.8
-57.4
-56.2
-57.3
-56.8
-56.6
-55.7
-55.0
-55.0
-55.8
-56.9
-56.4
-54.4
-53.7
-52.8
-52.8
-51.0
-50.2
-50.7
-50.1
-50.1
-50.3
-50.1
-49.4
-48.9
-47.8
-47.7
-47.4
-47.7
-46.6
-47.1
-46.0
-47.1
-46.6
-46.9
-46.7
-45.1
-44.3
-44.9
-44.4
-45.7
-45.2
-45.5
-45.5
-44.7
-44.9
-44.2
-43.2
-41.7
-40.4
-39.0
-40.0
-41.4
-43.3
-44.2
-42.8
-42.6
-41.7
-41.6
-41.4
-40.4
-39.1
-38.5
-39.6
-40.8
-40.7
-40.6
-40.7
-40.7
-39.5
-37.7
-37.8
-38.0
-38.8
-39.0
-38.3
-37.4
-37.0
-37.6
-37.5
-38.5
-38.6
-39.1
-39.6
-40.0
-39.3
-40.2
-38.9
-38.7
-39.9
-39.8
-40.1
-39.1
-38.2
-37.6
-38.0
-38.6
-37.9
-36.9
-35.5
-34.5
-34.3
-35.0
-34.3
-35.0
-36.3
-36.4
-35.2
-35.4
-35.3
-35.6
-34.4
-33.7
-33.4
-34.7
-33.3
-34.0
-32.9
-32.1
-32.8
-32.0
-32.6
-31.1
-31.0
-32.0
-31.1
-31.3
-31.2
-32.1
-32.1
-31.1
-30.4
-30.6
-31.0
-31.2
-30.2
-29.9
-29.0
-29.4
-29.8
-30.4
-31.5
-30.7
-30.3
-28.5
-28.5
-29.4
-30.4
-30.3
-29.8
-30.2
-30.5
-30.0
-30.5
-31.1
-32.2
-31.3
-32.0
-31.6
-32.3
-32.5
-33.6
-32.8
-34.4
-34.0
-34.6
-35.4
-36.2
-35.2
-35.1
-35.2
-35.7
-36.6
-36.7
-37.1
-38.3
-38.7
-38.0
-38.7
-38.9
-38.7
-40.0
-38.0
-38.9
-38.6
-39.0
-38.8
-38.7
-38.3
-39.8
-39.5
-39.3
-40.5
-41.0
-42.4
-42.4
-42.2
-42.1
-42.0
-42.2
-43.7
-44.4
-44.8
-45.6
-46.1
-46.4
-46.6
-45.8
-46.5
-45.6
-46.2
-48.2
-48.0
-47.8
-45.9
-46.8
-48.8
-48.0
-45.8
-46.7
-45.0
-46.6
-47.3
-47.3
-44.8
-45.5
-48.7
-46.5
-47.1
-45.5
-46.1
-47.4
-45.9
-47.2
-48.4
-45.6
-45.3
-47.6
-48.9
-46.2
-45.5
-47.2
-49.0
-48.0
-48.8
-47.2
-46.9
-47.5
-49.9
-50.0
-47.8
-48.0
-49.7
-49.9
-48.9
-49.6
-49.5
-49.3
-47.0
-49.7
-48.4
-50.4
-49.7
-49.7
-49.8
-48.8
-50.4
-50.9
-51.3
-48.3
-51.1
-50.9
-52.1
-51.6
-51.9
-52.6
-52.8
-51.0
-52.3
-53.0
-52.0
-51.5
-51.1
-51.4
-52.5
-54.9
-55.4
-53.0
-53.0
-54.3
-54.7
-56.2
-55.6
-56.3
-57.2
-56.3
-55.9
-57.1
-58.7
-59.6
-59.7
-59.8
-59.1
-60.2
-60.3
-61.6
-61.5
-60.9
-60.5
-60.4
-60.8
-60.7
-60.8
-61.0
-61.5
-61.0
-62.1
-61.2
-61.6
-60.1
-60.9
-60.5
-61.3
-61.8
-61.3
-61.1
-60.4
-59.6
-59.4
-59.3
-60.0
-60.7
-61.2
-61.6
-61.1
-62.3
-61.1
-61.6
-61.2
-60.7
-60.3
-61.0
-61.9
-62.1
-61.1
-60.9
-60.6
-61.7
-60.9
-60.3
-59.9
-60.2
-61.1
-62.0
-62.0
-61.3
-60.2
-60.8
-61.5
-62.0
-61.4
-61.2
-61.2
-62.3
-62.7
-62.5
-62.4
-63.3
-64.6
-65.8
-67.5
-69.1
-69.5
-70.6
-70.3
-71.6
-71.8
-72.1
-73.2
-73.0
-72.0
-72.6
-72.8
-74.4
-73.6
-72.6
-72.3
-71.8
-72.0
-73.6
-73.8
-73.0
-72.7
-73.0
-73.2
-73.5
-72.6
-73.3
-72.9
-72.8
-73.1
-74.5
-74.3
-74.0
-73.3
-74.0
-73.7
-73.8
-73.7
-73.1
-74.6
-74.8
-74.8
-74.1
-73.0
-73.3
-73.3
-73.2
-73.5
-73.0
-73.1
-73.5
-74.2
-73.4
-73.3
-71.8
-70.7
-71.0
-72.3
-72.7
-73.6
-72.6
-72.9
-72.6
-71.7
-72.1
-72.5
-72.4
-72.7
-73.0
-73.5
-73.1
-73.2
-73.7
-73.4
-73.5
-71.4
-71.6
-71.0
-71.9
-72.2
-73.0
-72.9
-74.5
-75.0
-74.5
-73.9
-73.2
-71.9
-72.4
-72.3
-73.1
-73.2
-74.3
-74.7
-74.8
-74.1
-72.5
-72.8
-71.7
-71.3
-71.7
-71.8
-72.5
-72.2
-71.5
-72.4
-72.8
-72.0
-71.1
-70.6
-70.9
-70.6
-70.1
-70.8
-69.9
-70.6
-69.8
-70.4
-71.0
-70.5
-70.1
-70.3
-70.1
-70.5
-71.7
-71.3
-71.0
-71.0
-71.1
-71.3
-71.2
-70.4
-70.0
-70.9
-71.0
-70.6
-70.9
-71.2
-71.8
-72.0
-71.6
-71.0
-71.0
-71.3
-71.4
-70.6
-69.9
-70.4
-71.0
-71.7
-70.6
-70.7
-70.9
-71.4
-71.4
-70.7
-71.0
-71.3
-71.2
-70.9
-71.6
-71.4
-72.6
-71.5
-72.2
-72.0
-72.0
-71.6
-71.4
-71.3
-71.5
-72.0
-70.8
-70.8
-71.2
-71.9
-72.5
-72.7
-73.1
-72.8
-71.5
-71.8
-71.3
-71.6
-72.6
-73.1
-74.2
-73.3
-71.9
-72.4
-73.2
-73.3
-72.3
-73.5
-73.5
-74.4
-73.7
-73.0
-72.4
-72.5
-72.6
-73.2
-72.9
-73.3
-73.7
-74.8
-75.8
-75.6
-76.0
-76.5
-76.2
-76.6
-74.6
-75.3
-75.1
-75.5
-76.6
-76.4
-76.3
-76.9
-76.3
-76.8
-76.5
-77.6
-77.6
-77.2
-77.6
-77.4
-77.7
-78.0
-78.3
-78.2
-78.9
-77.6
-78.1
-78.9
-78.4
-80.3
-79.7
-80.1
-80.7
-80.8
-80.9
-81.1
-80.6
-80.9
-80.8
-81.2
-81.2
-80.4
-79.9
-79.8
-80.6
-81.1
-81.5
-82.3
-82.8
-82.9
-82.9
-82.9
-83.4
-83.2
-83.1
-82.9
-83.1
-83.9
-83.3
-83.5
-83.0
-83.6
-84.0
-83.9
-84.4
-85.0
-84.7
-84.9
-84.3
-84.5
-84.3
-84.7
-85.5
-85.3
-83.3
-82.7
-82.3
-82.7
-82.9
-82.2
-81.3
-80.8
-80.7
-81.8
-82.8
-83.9
-83.9
-82.8
-82.0
-81.9
-82.5
-84.0
-83.7
-83.8
-83.6
-83.4
-83.3
-83.9
-84.5
-84.3
-84.0
-84.0
-83.6
-83.5
-83.9
-84.4
-83.9
-83.2
-82.0
-83.2
-84.2
-84.7
-85.1
-84.5
-83.7
-83.4
-83.6
-84.0
-83.9
-84.7
-84.7
-84.5
-83.6
-83.1
-82.3
-82.5
-82.3
-83.0
-82.6
-82.6
-83.0
-83.0
-83.6
-83.3
-82.6
-82.0
-81.2
-81.3
-81.5
-82.3
-82.7
-82.6
-81.1
-80.4
-80.2
-80.8
-81.4
-81.5
-81.5
-81.6
-80.4
-80.4
-79.5
-79.3
-79.8
-80.3
-80.5
-80.5
-80.1
-80.8
-80.0
-79.3
-78.4
-79.1
-79.1
-79.0
-79.4
-80.0
-79.2
-79.0
-78.4
-78.8
-79.2
-78.8
-78.4
-78.1
-77.0
-77.0
-76.6
-77.3
-77.8
-77.8
-77.8
-76.9
-76.2
-76.1
-76.1
-75.5
-74.4
-74.5
-74.3
-74.5
-74.8
-74.3
-74.7
-73.2
-73.2
-72.3
-72.7
-72.3
-71.7
-71.3
-71.0
-71.4
-71.3
-71.9
-71.7
-72.5
-71.1
-70.4
-69.9
-68.9
-68.9
-68.8
-69.1
-69.2
-68.8
-69.6
-69.9
-70.1
-69.5
-69.8
-69.5
-69.8
-69.0
-68.8
-68.9
-69.0
-69.2
-69.3
-68.8
-68.6
-67.8
-67.5
-67.1
-66.7
-66.2
-65.4
-65.1
-64.2
-63.4
-62.8
-62.4
-62.4
-61.5
-60.8
-59.9
-59.9
-59.6
-60.3
-60.2
-60.0
-59.0
-59.0
-58.6
-59.4
-59.3
-59.7
-58.6
-58.4
-57.3
-57.6
-57.5
-57.5
-57.7
-57.9
-57.1
-56.4
-56.2
-56.2
-56.7
-55.7
-55.9
-55.6
-56.1
-55.8
-54.9
-55.1
-54.9
-55.5
-55.0
-54.4
-52.9
-52.4
-52.1
-53.5
-54.1
-53.9
-53.7
-53.4
-52.5
-52.1
-51.5
-51.9
-52.4
-52.8
-53.9
-53.6
-53.5
-52.4
-51.9
-51.4
-49.5
-50.1
-50.3
-50.6
-50.5
-50.4
-49.6
-49.4
-49.2
-50.6
-50.4
-51.1
-51.2
-51.3
-51.1
-50.2
-48.6
-48.7
-48.0
-48.2
-48.6
-48.6
-48.9
-48.8
-48.9
-47.4
-48.1
-48.5
-48.8
-49.4
-48.9
-48.3
-47.8
-47.5
-47.6
-47.7
-47.4
-46.4
-46.6
-46.4
-46.8
-45.9
-45.0
-45.0
-45.5
-45.5
-45.8
-45.7
-45.8
-46.0
-46.1
-45.3
-44.1
-42.9
-44.0
-44.5
-45.1
-44.1
-43.2
-44.5
-45.3
-46.2
-45.7
-44.5
-44.0
-43.4
-45.3
-46.8
-47.3
-46.2
-44.0
-43.1
-43.5
-44.6
-45.2
-44.5
-42.6
-40.9
-41.0
-40.7
-40.5
-41.3
-41.3
-41.2
-40.9
-41.6
-41.5
-42.1
-41.2
-40.9
-41.7
-41.4
-41.4
-42.2
-41.9
-41.5
-40.9
-41.6
-41.9
-41.6
-41.1
-40.2
-39.5
-38.9
-38.1
-38.2
-37.8
-37.5
-36.8
-36.2
-35.5
-35.7
-36.6
-36.0
-35.3
-34.4
-34.7
-35.6
-35.4
-36.6
-35.9
-36.4
-35.7
-35.7
-36.3
-36.6
-36.2
-35.6
-34.8
-35.1
-35.5
-36.0
-36.2
-36.2
-36.0
-36.3
-36.4
-37.1
-37.0
-37.6
-38.5
-37.9
-36.8
-34.7
-34.3
-34.4
-34.3
-36.1
-36.8
-37.6
-37.1
-36.0
-35.7
-34.6
-33.7
-34.7
-35.7
-37.1
-37.2
-36.2
-35.0
-33.6
-34.2
-33.0
-34.0
-34.0
-35.0
-35.3
-36.4
-35.9
-36.2
-34.9
-35.5
-34.0
-34.0
-33.7
-33.9
-33.3
-31.7
-34.7
-33.0
-34.7
-35.2
-34.2
-32.6
-31.7
-32.8
-33.2
-34.7
-33.5
-31.9
-31.2
-28.9
-30.5
-31.6
-31.8
-30.7
-30.5
-29.3
-29.7
-30.2
-30.1
-30.8
-30.3
-30.1
-28.2
-29.2
-29.4
-30.2
-29.1
-29.6
-29.7
-29.1
-29.5
-29.7
-29.1
-29.1
-28.5
-28.0
-28.3
-28.7
-30.4
-30.6
-29.4
-27.8
-28.0
-26.6
-27.3
-26.7
-26.8
-26.5
-26.0
-27.3
-26.9
-26.5
-25.8
-26.4
-26.5
-26.8
-27.4
-26.9
-26.7
-27.1
-26.3
-26.0
-25.7
-26.4
-27.3
-25.8
-25.6
-25.4
-26.0
-25.8
-23.1
-23.2
-23.3
-23.7
-24.4
-23.8
-24.6
-24.2
-24.4
-23.9
-23.2
-22.5
-21.9
-22.3
-22.7
-22.9
-22.4
-21.1
-21.1
-20.2
-20.6
-19.9
-19.7
-19.6
-18.9
-17.8
-16.2
-15.6
-16.8
-17.6
-18.2
-15.7
-16.4
-15.2
-16.7
-17.0
-16.7
-16.7
-16.4
-16.5
-16.5
-16.5
-17.6
-17.2
-16.6
-15.2
-16.3
-17.8
-18.8
-18.1
-17.3
-15.7
-15.3
-16.5
-18.8
-19.3
-17.0
-14.6
-13.4
-16.1
-17.2
-17.7
-16.5
-14.8
-13.8
-13.1
-14.8
-17.1
-16.4
-15.0
-12.9
-12.2
-11.8
-12.4
-13.5
-14.8
-15.3
-14.6
-13.5
-13.3
-12.0
-12.9
-14.1
-14.8
-14.8
