-8.7
-8.7
-8.7
-8.7
-8.7
-8.7
-8.6
-8.6
-8.6
-8.6
-8.6
-8.6
-8.6
-8.6
-8.6
-8.6
-8.6
-8.6
-8.6
-8.5
-8.5
-8.6
-8.6
-8.6
-8.7
-8.8
-8.8
-8.9
-8.9
-9.0
-9.0
-8.9
-8.9
-8.9
-8.9
-8.8
-8.9
-8.9
-8.9
-9.0
-9.0
-9.1
-9.0
-9.0
-9.0
-8.9
-8.8
-8.7
-8.7
-8.6
-8.7
-8.7
-8.8
-8.8
-8.9
-8.9
-9.0
-9.0
-9.0
-8.9
-8.9
-8.8
-8.8
-8.8
-8.8
-8.7
-8.6
-8.6
-8.6
-8.6
-8.6
-8.5
-8.5
-8.5
-8.6
-8.6
-8.6
-8.7
-8.7
-8.7
-8.7
-8.7
-8.7
-8.7
-8.7
-8.6
-8.7
-8.6
-8.6
-8.6
-8.6
-8.6
-8.6
-8.6
-8.6
-8.6
-8.7
-8.7
-8.8
-8.8
-8.8
-8.8
-8.8
-8.7
-8.6
-8.5
-8.4
-8.3
-8.3
-8.3
-8.3
-8.4
-8.5
-8.6
-8.6
-8.6
-8.7
-8.7
-8.6
-8.6
-8.7
-8.7
-8.7
-8.7
-8.7
-8.7
-8.7
-8.6
-8.6
-8.6
-8.5
-8.6
-8.6
-8.7
-8.8
-8.8
-8.9
-8.9
-8.9
-8.9
-8.8
-8.8
-8.8
-8.8
-8.9
-8.9
-8.9
-8.9
-8.9
-8.9
-8.8
-8.8
-8.8
-8.8
-8.8
-8.8
-8.8
-8.8
-8.8
-8.8
-8.8
-8.8
-8.7
-8.7
-8.7
-8.7
-8.7
-8.7
-8.8
-8.8
-8.9
-8.9
-8.9
-8.8
-8.8
-8.8
-8.8
-8.7
-8.7
-8.6
-8.6
-8.6
-8.6
-8.5
-8.4
-8.4
-8.4
-8.4
-8.5
-8.6
-8.7
-8.8
-8.9
-9.1
-9.2
-9.2
-9.3
-9.3
-9.2
-9.2
-9.1
-9.0
-8.9
-8.8
-8.6
-8.4
-8.2
-8.1
-8.0
-8.0
-7.9
-8.0
-8.0
-8.0
-8.0
-8.1
-8.1
-8.2
-8.3
-8.5
-8.7
-8.8
-9.0
-9.1
-9.4
-9.6
-9.7
-9.8
-9.8
-9.9
-10.0
-10.1
-10.1
-10.2
-10.2
-10.3
-10.4
-10.6
-10.7
-10.8
-10.9
-11.0
-11.1
-11.2
-11.2
-11.2
-11.2
-11.3
-11.3
-11.3
-11.4
-11.4
-11.3
-11.3
-11.2
-11.2
-11.2
-11.2
-11.2
-11.3
-11.3
-11.4
-11.4
-11.5
-11.5
-11.4
-11.4
-11.4
-11.4
-11.4
-11.3
-11.3
-11.3
-11.4
-11.4
-11.4
-11.3
-11.3
-11.3
-11.3
-11.2
-11.2
-11.2
-11.3
-11.3
-11.3
-11.3
-11.4
-11.5
-11.6
-11.7
-11.7
-11.8
-11.8
-11.8
-11.8
-11.8
-11.8
-11.7
-11.7
-11.6
-11.6
-11.6
-11.5
-11.5
-11.5
-11.5
-11.5
-11.5
-11.5
-11.4
-11.4
-11.3
-11.3
-11.3
-11.4
-11.4
-11.5
-11.6
-11.6
-11.6
-11.6
-11.6
-11.6
-11.6
-11.6
-11.6
-11.5
-11.4
-11.4
-11.3
-11.3
-11.3
-11.3
-11.3
-11.2
-11.2
-11.2
-11.2
-11.2
-11.2
-11.1
-11.1
-11.0
-11.0
-10.9
-11.0
-10.9
-10.9
-10.8
-10.8
-10.8
-10.8
-10.8
-10.8
-10.8
-10.8
-10.8
-10.9
-10.9
-10.9
-11.0
-11.0
-11.1
-11.1
-11.1
-11.0
-11.0
-10.9
-10.9
-10.8
-10.7
-10.6
-10.6
-10.6
-10.6
-10.6
-10.6
-10.6
-10.6
-10.5
-10.5
-10.5
-10.4
-10.4
-10.3
-10.3
-10.3
-10.4
-10.4
-10.4
-10.4
-10.4
-10.3
-10.3
-10.2
-10.1
-10.0
-10.0
-9.9
-9.8
-9.8
-9.8
-9.9
-9.8
-9.8
-9.8
-9.8
-9.7
-9.7
-9.8
-9.8
-9.8
-9.8
-9.8
-9.8
-9.8
-9.8
-9.8
-9.7
-9.7
-9.7
-9.7
-9.8
-9.8
-9.8
-9.8
-9.8
-9.7
-9.6
-9.6
-9.5
-9.4
-9.3
-9.3
-9.2
-9.2
-9.2
-9.2
-9.2
-9.2
-9.2
-9.2
-9.3
-9.3
-9.3
-9.4
-9.4
-9.5
-9.4
-9.4
-9.3
-9.2
-9.1
-9.0
-8.9
-8.9
-8.9
-8.9
-8.9
-9.0
-9.0
-9.1
-9.1
-9.0
-9.0
-9.0
-9.0
-9.1
-9.2
-9.4
-9.6
-9.7
-9.9
-10.1
-10.4
-10.6
-10.8
-11.0
-11.3
-11.7
-12.0
-12.4
-12.8
-13.3
-13.7
-14.2
-14.7
-15.2
-15.7
-16.2
-16.8
-17.3
-17.9
-18.4
-18.9
-19.4
-19.9
-20.5
-21.0
-21.5
-22.1
-22.6
-23.1
-23.6
-24.0
-24.5
-24.9
-25.4
-25.8
-26.2
-26.6
-27.1
-27.5
-28.0
-28.4
-28.7
-29.1
-29.5
-29.8
-30.1
-30.3
-30.6
-30.9
-31.1
-31.3
-31.5
-31.7
-31.9
-32.1
-32.3
-32.4
-32.5
-32.6
-32.7
-32.8
-32.8
-32.8
-32.8
-32.7
-32.7
-32.7
-32.6
-32.5
-32.5
-32.4
-32.3
-32.3
-32.2
-32.2
-32.1
-32.0
-32.0
-31.9
-31.8
-31.7
-31.6
-31.6
-31.5
-31.5
-31.4
-31.4
-31.5
-31.5
-31.4
-31.4
-31.4
-31.3
-31.2
-31.1
-31.0
-30.8
-30.7
-30.5
-30.4
-30.3
-30.2
-30.1
-30.0
-29.9
-29.9
-29.9
-29.9
-29.9
-29.9
-29.8
-29.7
-29.5
-29.4
-29.3
-29.1
-29.0
-28.7
-28.6
-28.5
-28.5
-28.4
-28.2
-28.0
-27.9
-27.7
-27.5
-27.3
-27.1
-26.8
-26.6
-26.4
-26.1
-25.9
-25.8
-25.6
-25.5
-25.3
-25.1
-24.8
-24.5
-24.1
-23.6
-23.2
-22.7
-22.2
-21.7
-21.2
-20.7
-20.2
-19.8
-19.4
-19.1
-18.7
-18.3
-18.0
-17.8
-17.5
-17.3
-17.0
-16.6
-16.3
-16.0
-15.8
-15.7
-15.6
-15.7
-15.8
-15.9
-16.0
-16.2
-16.4
-16.6
-16.8
-17.0
-17.1
-17.3
-17.6
-17.8
-18.1
-18.3
-18.5
-18.6
-18.8
-18.9
-19.0
-19.0
-19.0
-19.0
-19.0
-19.1
-19.1
-19.2
-19.3
-19.4
-19.5
-19.7
-19.9
-20.1
-20.2
-20.3
-20.4
-20.5
-20.5
-20.5
-20.5
-20.5
-20.5
-20.5
-20.5
-20.6
-20.6
-20.7
-20.8
-20.9
-20.9
-20.9
-20.8
-20.8
-20.8
-20.8
-20.7
-20.7
-20.7
-20.7
-20.6
-20.6
-20.6
-20.6
-20.6
-20.6
-20.7
-20.7
-20.8
-20.8
-20.9
-21.0
-21.0
-21.0
-21.1
-21.1
-21.1
-21.1
-21.1
-21.0
-21.0
-20.9
-20.8
-20.7
-20.6
-20.6
-20.5
-20.5
-20.5
-20.5
-20.5
-20.4
-20.4
-20.3
-20.2
-20.2
-20.1
-20.1
-20.0
-19.9
-19.8
-19.8
-19.7
-19.7
-19.7
-19.6
-19.5
-19.5
-19.4
-19.3
-19.2
-19.1
-19.1
-19.0
-18.9
-18.9
-18.9
-18.9
-19.0
-19.0
-19.0
-18.9
-18.9
-18.8
-18.7
-18.7
-18.6
-18.5
-18.5
-18.4
-18.3
-18.3
-18.3
-18.3
-18.3
-18.2
-18.1
-18.0
-17.9
-17.8
-17.7
-17.6
-17.5
-17.4
-17.3
-17.3
-17.3
-17.2
-17.2
-17.2
-17.1
-17.0
-16.9
-16.9
-16.8
-16.7
-16.6
-16.5
-16.5
-16.4
-16.4
-16.4
-16.3
-16.3
-16.2
-16.2
-16.1
-16.1
-16.1
-16.0
-16.0
-16.0
-16.0
-16.0
-16.0
-16.0
-15.9
-15.9
-15.8
-15.8
-15.8
-15.8
-15.8
-15.8
-15.9
-15.9
-15.9
-15.8
-15.8
-15.7
-15.5
-15.4
-15.3
-15.1
-15.0
-14.9
-14.8
-14.7
-14.6
-14.6
-14.5
-14.5
-14.4
-14.4
-14.4
-14.4
-14.4
-14.4
-14.4
-14.4
-14.4
-14.4
-14.3
-14.3
-14.2
-14.1
-14.1
-14.0
-14.0
-13.9
-14.0
-14.0
-14.1
-14.1
-14.2
-14.2
-14.2
-14.2
-14.1
-13.9
-13.8
-13.7
-13.6
-13.5
-13.3
-13.3
-13.3
-13.3
-13.3
-13.2
-13.2
-13.1
-13.0
-13.0
-12.8
-12.7
-12.6
-12.5
-12.4
-12.4
-12.4
-12.3
-12.4
-12.4
-12.4
-12.4
-12.4
-12.3
-12.3
-12.2
-12.1
-12.1
-12.0
-12.0
-12.0
-12.0
-12.0
-12.0
-12.0
-12.0
-12.0
-11.9
-11.8
-11.7
-11.7
-11.6
-11.6
-11.6
-11.5
-11.5
-11.5
-11.5
-11.5
-11.4
-11.4
-11.4
-11.3
-11.3
-11.3
-11.3
-11.2
-11.2
-11.1
-11.1
-11.1
-11.1
-11.2
-11.4
-11.6
-11.7
-11.8
-11.8
-11.6
-11.5
-11.5
-11.4
-11.3
-11.1
-10.9
-10.9
-10.9
-10.9
-10.8
-10.8
-10.6
-10.6
-10.5
-10.5
-10.5
-10.5
-10.5
-10.5
-10.5
-10.5
-10.5
-10.5
-10.6
-10.6
-10.6
-10.5
-10.6
-10.6
-10.5
-10.4
-10.4
-10.4
-10.4
-10.3
-10.3
-10.3
-10.2
-10.2
-10.2
-10.2
-10.2
-10.2
-10.2
-10.2
-10.3
-10.3
-10.3
-10.3
-10.2
-10.2
-10.1
-10.1
-10.1
-10.1
-10.1
-10.1
-10.1
-10.2
-10.2
-10.2
-10.2
-10.2
-10.2
-10.2
-10.2
-10.2
-10.1
-10.1
-10.0
-9.9
-9.9
-9.8
-9.8
-9.8
-9.8
-9.8
-9.7
-9.7
-9.6
-9.5
-9.4
-9.3
-9.3
-9.2
-9.2
-9.2
-9.2
-9.3
-9.3
-9.3
-9.2
-9.2
-9.1
-9.1
-9.1
-9.0
-9.0
-8.9
-8.9
-8.9
-8.9
-9.0
-8.9
-8.9
-9.0
-9.0
-9.0
-9.0
-8.9
-8.8
-8.8
-8.8
-8.7
-8.8
-8.8
-8.8
-8.9
-9.0
-9.1
-9.1
-9.2
-9.1
-9.0
-8.9
-8.8
-8.6
-8.5
-8.4
-8.3
-8.1
-8.0
-7.9
-7.8
-7.8
-7.8
-7.8
-7.8
-7.7
-7.7
-7.7
-7.7
-7.8
-7.8
-7.9
-7.9
-7.9
-8.0
-8.0
-8.0
-8.0
-7.9
-7.8
-7.8
-7.7
-7.6
-7.6
-7.6
-7.5
-7.5
-7.5
-7.5
-7.4
-7.4
-7.3
-7.3
-7.3
-7.3
-7.3
-7.4
-7.4
-7.4
-7.4
-7.4
-7.5
-7.5
-7.6
-7.8
-7.9
-7.9
-7.9
-7.9
-7.8
-7.7
-7.5
-7.4
-7.2
-7.1
-7.0
-7.0
-7.1
-7.1
-7.1
-7.2
-7.2
-7.2
-7.2
-7.2
-7.2
-7.3
-7.3
-7.4
-7.4
-7.5
-7.5
-7.4
-7.4
-7.3
-7.3
-7.2
-7.2
-7.2
-7.3
-7.3
-7.4
-7.4
-7.4
-7.4
-7.4
-7.4
-7.4
-7.3
-7.3
-7.2
-7.2
-7.1
-7.0
-7.0
-6.9
-6.9
-6.9
-6.9
-6.9
-6.9
-6.9
-6.8
-6.8
-6.7
-6.7
-6.6
-6.6
-6.6
-6.5
-6.5
-6.5
-6.5
-6.5
-6.5
-6.5
-6.5
-6.6
-6.6
-6.5
-6.5
-6.5
-6.5
-6.5
-6.5
-6.4
-6.4
-6.4
-6.4
-6.3
-6.3
-6.2
-6.2
-6.1
-6.1
-6.1
-6.1
-6.0
-6.1
-6.1
-6.2
-6.2
-6.2
-6.3
-6.3
-6.2
-6.2
-6.1
-6.1
-6.0
-6.0
-6.0
-6.0
-6.0
-6.1
-6.1
-6.2
-6.2
-6.2
-6.1
-6.0
-6.0
-6.0
-5.9
-5.8
-5.8
-5.8
-5.8
-5.8
-5.8
-5.9
-5.9
-6.0
-6.0
-6.0
-6.0
-5.9
-5.8
-5.7
-5.6
-5.5
-5.4
-5.4
-5.3
-5.4
-5.4
-5.5
-5.5
-5.6
-5.5
-5.5
-5.5
-5.4
-5.3
-5.2
-5.2
-5.1
-5.1
-5.1
-5.1
-5.2
-5.3
-5.3
-5.3
-5.3
-5.4
-5.4
-5.4
-5.3
-5.3
-5.3
-5.2
-5.2
-5.1
-5.0
-4.9
-4.9
-4.8
-4.8
-4.8
-4.8
-4.8
-4.9
-4.9
-5.0
-5.0
-5.0
-5.0
-5.0
-4.9
-4.9
-4.9
-4.9
-4.8
-4.8
-4.9
-4.9
-4.9
-4.9
-4.7
-4.6
-4.6
-4.5
-4.4
-4.3
-4.1
-4.1
-4.1
-4.1
-4.1
-4.1
-4.1
-4.1
-4.1
-4.1
-4.1
-4.1
-4.1
-4.1
-4.0
-4.0
-4.1
-4.1
-4.2
-4.2
-4.2
-4.3
-4.3
-4.3
-4.3
-4.3
-4.2
-4.1
-4.1
-4.1
-4.1
-4.1
-4.1
-4.1
-4.1
-4.0
-4.0
-4.0
-4.0
-4.0
-4.0
-4.0
-3.9
-4.0
-4.0
-4.1
-4.1
-4.1
-4.0
-4.0
-4.0
-4.0
-4.0
-4.0
-4.0
-4.0
-4.1
-4.1
-4.1
-4.1
-4.0
-4.0
-3.9
-3.8
-3.7
-3.8
-3.8
-3.9
-4.0
-4.0
-4.0
-4.0
-4.0
-4.0
-3.9
-3.8
-3.7
-3.7
-3.6
-3.6
-3.7
-3.7
-3.7
-3.8
-3.8
-3.9
-4.0
-4.0
-4.1
-4.1
-4.2
-4.2
-4.2
-4.2
-4.2
-4.1
-4.1
-4.1
-4.2
-4.2
-4.2
-4.2
-4.2
-4.2
-4.3
-4.3
-4.3
-4.2
-4.2
-4.2
-4.1
-4.1
-4.0
-4.0
-4.0
-4.0
-4.0
-4.0
-4.1
-4.1
-4.1
-4.1
-4.1
-4.1
-4.1
-4.0
-4.0
-4.0
-4.0
-4.0
-4.0
-4.0
-4.0
-4.0
-4.0
-4.1
-4.0
-3.9
-3.8
-3.8
-3.8
-3.7
-3.7
-3.8
-3.8
-3.9
-4.0
-4.0
-4.0
-4.0
-4.0
-4.0
-4.0
-4.0
-4.0
-4.0
-4.0
-4.1
-4.2
-4.3
-4.4
-4.4
-4.4
-4.4
-4.3
-4.2
-4.1
-4.0
-3.9
-3.7
-3.7
-3.6
-3.6
-3.7
-3.7
-3.8
-3.9
-3.9
-4.0
-4.0
-4.1
-4.1
-4.1
-4.1
-4.0
-4.1
-4.1
-4.2
-4.3
-4.4
-4.5
-4.5
-4.5
-4.5
-4.4
-4.3
-4.2
-4.0
-3.8
-3.7
-3.6
-3.6
-3.6
-3.6
-3.6
-3.6
-3.7
-3.7
-3.7
-3.7
-3.7
-3.8
-3.8
-3.9
-3.9
-3.9
-4.0
-4.0
-4.0
-4.0
-3.9
-3.8
-3.7
-3.7
-3.6
-3.6
-3.5
-3.5
-3.6
-3.7
-3.8
-3.9
-4.0
-4.2
-4.3
-4.3
-4.3
-4.2
-4.1
-4.0
-3.9
-3.8
-3.7
-3.6
-3.6
-3.6
-3.7
-3.7
-3.8
-3.9
-3.9
-4.0
-4.0
-4.0
-4.0
-4.0
-4.0
-4.0
-4.0
-4.0
-4.0
-4.0
-4.0
-4.0
-3.9
-3.9
-3.9
-3.9
-3.8
-3.8
-3.8
-3.8
-3.8
-3.9
-3.8
-3.8
-3.8
-3.8
-3.8
-3.8
-3.8
-3.8
-3.7
-3.6
-3.5
-3.4
-3.2
-3.1
-3.0
-3.0
-3.0
-3.0
-3.1
-3.1
-3.1
-3.0
-2.8
-2.7
-2.5
-2.2
-2.0
-1.7
-1.4
-1.2
-0.9
-0.6
-0.2
0.1
0.5
0.8
1.2
1.7
2.1
2.5
2.8
3.2
3.4
3.7
3.9
4.0
4.0
4.0
3.9
3.8
3.7
3.6
3.5
3.4
3.4
3.3
3.2
3.1
3.0
2.9
2.7
2.6
2.4
2.2
2.0
1.8
1.6
1.3
1.1
0.9
0.7
0.5
0.3
0.1
0.0
-0.2
-0.4
-0.6
-0.8
-1.0
-1.2
-1.4
-1.5
-1.6
-1.8
-1.9
-2.0
-2.2
-2.3
-2.5
-2.6
-2.7
-2.8
-2.9
-3.0
-3.1
-3.2
-3.3
-3.3
-3.4
-3.4
-3.4
-3.4
-3.4
-3.4
-3.5
-3.5
-3.6
-3.7
-3.7
-3.8
-3.9
-4.0
-4.0
-4.0
-4.1
-4.1
-4.1
-4.1
-4.2
-4.3
-4.3
-4.4
-4.5
-4.5
-4.6
-4.7
-4.8
-4.8
-4.8
-4.7
-4.7
-4.6
-4.6
-4.5
-4.5
-4.5
-4.5
-4.5
-4.6
-4.7
-4.8
-4.9
-5.0
-5.1
-5.2
-5.3
-5.3
-5.4
-5.4
-5.4
-5.4
-5.4
-5.4
-5.3
-5.2
-5.1
-5.0
-4.9
-4.8
-4.7
-4.6
-4.6
-4.6
-4.7
-4.7
-4.8
-4.8
-4.8
-4.9
-4.9
-4.9
-4.9
-4.9
-4.9
-4.9
-4.9
-5.0
-5.1
-5.1
-5.2
-5.2
-5.3
-5.3
-5.2
-5.1
-4.9
-4.8
-4.7
-4.6
-4.6
-4.6
-4.6
-4.7
-4.7
-4.8
-4.9
-4.9
-5.0
-5.0
-5.0
-5.1
-5.1
-5.2
-5.3
-5.3
-5.3
-5.4
-5.4
-5.4
-5.4
-5.4
-5.3
-5.2
-5.2
-5.1
-5.1
-5.0
-4.9
-4.9
-4.8
-4.8
-4.7
-4.7
-4.6
-4.6
-4.6
-4.6
-4.6
-4.6
-4.6
-4.7
-4.7
-4.8
-4.8
-4.8
-4.8
-4.8
-4.8
-4.8
-4.8
-4.7
-4.7
-4.7
-4.7
-4.7
-4.8
-4.8
-4.9
-4.9
-5.0
-5.0
-5.1
-5.1
-5.1
-5.1
-5.1
-5.0
-5.0
-5.0
-5.0
-5.0
-5.0
-5.0
-5.0
-5.0
-5.0
-5.0
-4.9
-4.9
-4.8
-4.8
-4.7
-4.7
-4.7
-4.6
-4.7
-4.7
-4.8
-4.8
-4.9
-4.9
-5.0
-5.0
-5.0
-5.0
-5.0
-5.0
-4.9
-4.9
-4.8
-4.7
-4.6
-4.5
-4.5
-4.5
-4.5
-4.5
-4.4
-4.4
-4.4
-4.4
-4.4
-4.3
-4.3
-4.3
-4.3
-4.3
-4.3
-4.4
-4.4
-4.5
-4.6
-4.6
-4.6
-4.5
-4.5
-4.4
-4.3
-4.2
-4.1
-4.1
-4.1
-4.2
-4.2
-4.3
-4.3
-4.4
-4.4
-4.4
-4.4
-4.4
-4.3
-4.3
-4.3
-4.3
-4.3
-4.3
-4.3
-4.3
-4.4
-4.4
-4.4
-4.5
-4.4
-4.4
-4.5
-4.5
-4.5
-4.5
-4.5
-4.5
-4.6
-4.6
-4.5
-4.5
-4.4
-4.2
-4.1
-4.0
-3.9
-3.8
-3.8
-3.7
-3.7
-3.7
-3.7
-3.7
-3.7
-3.7
-3.7
-3.7
-3.8
-3.8
-3.9
-3.9
-3.9
-3.9
-3.9
-3.8
-3.8
-3.8
-3.8
-3.8
-3.7
-3.7
-3.6
-3.6
-3.7
-3.7
-3.8
-3.9
-4.0
-4.0
-4.0
-4.0
-3.9
-3.8
-3.6
-3.4
-3.3
-3.1
-3.0
-3.0
-3.0
-3.0
-3.1
-3.1
-3.1
-3.1
-3.2
-3.2
-3.2
-3.3
-3.4
-3.5
-3.6
-3.7
-3.8
-3.9
-3.9
-3.9
-3.9
-3.8
-3.7
-3.7
-3.7
-3.7
-3.7
-3.7
-3.7
-3.7
-3.7
-3.7
-3.7
-3.6
-3.6
-3.6
-3.7
-3.7
-3.7
-3.8
-3.8
-3.9
-4.0
-4.0
-4.1
-4.1
-4.1
-4.1
-4.1
-4.1
-4.1
-4.1
-4.0
-4.0
-4.1
-4.1
-4.1
-4.1
-4.1
-4.1
-4.1
-4.1
-4.0
-4.0
-4.0
-4.0
-4.0
-4.0
-4.1
-4.1
-4.2
-4.2
-4.3
-4.3
-4.4
-4.4
-4.4
-4.4
-4.3
-4.3
-4.2
-4.2
-4.1
-4.1
-4.0
-4.0
-4.0
-4.1
-4.0
-4.1
-4.1
-4.2
-4.2
-4.3
-4.3
-4.4
-4.5
-4.6
-4.7
-4.7
-4.7
-4.6
-4.5
-4.3
-4.1
-3.8
-3.6
-3.5
-3.4
-3.4
-3.4
-3.5
-3.6
-3.7
-3.9
-4.0
-4.1
-4.1
-4.1
-4.2
-4.2
-4.1
-4.1
-4.1
-4.0
-4.0
-4.0
-4.0
-4.0
-4.0
-4.1
-4.1
-4.2
-4.3
-4.3
-4.4
-4.4
-4.4
-4.4
-4.4
-4.3
-4.3
-4.3
-4.3
-4.2
-4.1
-4.1
-4.0
-4.0
-3.9
-3.9
-3.8
-3.8
-3.8
-3.8
-3.9
-3.9
-4.0
-4.0
-4.0
-4.1
-4.1
-4.1
-4.1
-4.1
-4.1
-4.1
-4.1
-4.1
-4.1
-4.1
-4.0
-4.0
-3.9
-3.9
-3.9
-3.9
-3.9
-3.9
-3.9
-4.0
-4.0
-4.0
-4.0
-4.0
-4.0
-4.1
-4.1
-4.1
-4.1
-4.1
-4.1
-4.2
-4.1
-4.1
-4.1
-4.1
-4.1
-4.1
-4.0
-4.0
-4.0
-4.0
-3.9
-3.9
-3.9
-3.9
-3.8
-3.8
-3.8
-3.8
-3.8
-3.8
-3.8
-3.8
-3.8
-3.9
-3.9
-4.0
-4.1
-4.2
-4.2
-4.2
-4.2
-4.2
-4.1
-4.1
-4.0
-4.0
-4.0
-4.0
-4.0
-4.0
-4.0
-4.1
-4.1
-4.1
-4.0
-4.0
-4.0
-4.1
-4.1
-4.2
-4.2
-4.3
-4.3
-4.4
-4.4
-4.4
-4.4
-4.4
-4.4
-4.4
-4.4
-4.3
-4.3
-4.1
-4.0
-3.9
-3.7
-3.5
-3.4
-3.3
-3.3
-3.3
-3.4
-3.5
-3.7
-3.8
-3.8
-3.9
-4.0
-4.1
-4.1
-4.1
-4.2
-4.1
-4.1
-4.1
-4.1
-4.0
-4.0
-3.9
-3.9
-3.9
-3.9
-4.0
-4.0
-4.1
-4.1
-4.2
-4.2
-4.1
-4.1
-4.0
-4.0
-3.9
-3.8
-3.8
-3.8
-3.8
-3.8
-3.8
-3.8
-3.8
-3.9
-3.9
-3.9
-3.9
-3.9
-3.9
-3.9
-3.9
-3.9
-3.8
-3.9
-3.9
-3.9
-3.9
-3.8
-3.8
-3.8
-3.8
-3.7
-3.7
-3.7
-3.7
-3.8
-3.8
-3.9
-4.1
-4.2
-4.3
-4.3
-4.3
-4.4
-4.4
-4.4
-4.4
-4.3
-4.3
-4.2
-4.2
-4.2
-4.2
-4.3
-4.3
-4.3
-4.3
-4.4
-4.4
-4.5
-4.5
-4.5
-4.5
-4.5
-4.5
-4.5
-4.5
-4.4
-4.4
-4.4
-4.4
-4.4
-4.4
-4.4
-4.4
-4.4
-4.4
-4.4
-4.4
-4.3
-4.3
-4.3
-4.3
-4.3
-4.4
-4.5
-4.6
-4.8
-5.0
-5.1
-5.2
-5.2
-5.2
-5.2
-5.1
-5.0
-4.8
-4.7
-4.6
-4.6
-4.5
-4.5
-4.5
-4.5
-4.5
-4.5
-4.5
-4.5
-4.4
-4.4
-4.4
-4.5
-4.5
-4.5
-4.5
-4.6
-4.7
-4.8
-4.9
-4.9
-5.0
-5.0
-5.1
-5.1
-5.1
-5.0
-5.0
-4.9
-4.9
-4.9
-4.8
-4.8
-4.9
-4.9
-5.0
-5.1
-5.2
-5.3
-5.3
-5.3
-5.4
-5.4
-5.4
-5.4
-5.4
-5.3
-5.3
-5.3
-5.3
-5.2
-5.2
-5.1
-5.1
-5.1
-5.1
-5.1
-5.1
-5.0
-5.0
-5.0
-5.0
-5.0
-4.9
-4.9
-4.9
-4.9
-4.8
-4.8
-4.7
-4.6
-4.6
-4.5
-4.5
-4.5
-4.5
-4.6
-4.6
-4.6
-4.6
-4.6
-4.7
-4.7
-4.7
-4.6
-4.6
-4.6
-4.6
-4.6
-4.5
-4.4
-4.3
-4.2
-4.1
-4.0
-3.9
-3.9
-3.8
-3.7
-3.6
-3.5
-3.3
-3.2
-3.0
-2.9
-2.7
-2.6
-2.5
-2.4
-2.3
-2.3
-2.2
-2.1
-2.0
-1.9
-1.9
-1.9
-1.9
-1.9
-1.9
-1.9
-1.9
-1.9
-1.9
-1.9
-2.0
-2.1
-2.2
-2.4
-2.5
-2.7
-2.8
-3.0
-3.2
-3.3
-3.4
-3.6
-3.7
-3.9
-4.0
-4.1
-4.3
-4.4
-4.5
-4.6
-4.7
-4.7
-4.7
-4.7
-4.7
-4.8
-4.9
-5.0
-5.1
-5.2
-5.4
-5.5
-5.6
-5.6
-5.6
-5.6
-5.7
-5.7
-5.7
-5.7
-5.7
-5.6
-5.6
-5.6
-5.5
-5.5
-5.4
-5.4
-5.4
-5.4
-5.4
-5.4
-5.4
-5.4
-5.3
-5.3
-5.3
-5.4
-5.4
-5.4
-5.4
-5.4
-5.5
-5.5
-5.5
-5.6
-5.6
-5.6
-5.6
-5.6
-5.6
-5.6
-5.7
-5.7
-5.7
-5.8
-5.8
-5.9
-5.9
-6.0
-6.0
-6.0
-6.0
-6.0
-6.0
-6.0
-6.0
-6.0
-6.0
-5.9
-5.8
-5.8
-5.7
-5.7
-5.8
-5.8
-5.9
-6.0
-6.0
-6.0
-6.0
-6.0
-6.0
-6.0
-5.9
-5.9
-5.9
-5.9
-5.9
-6.0
-6.0
-6.1
-6.1
-6.1
-6.2
-6.3
-6.3
-6.4
-6.5
-6.6
-6.7
-6.9
-7.0
-7.0
-7.1
-7.3
-7.3
-7.3
-7.3
-7.3
-7.4
-7.4
-7.5
-7.5
-7.4
-7.4
-7.4
-7.4
-7.4
-7.5
-7.5
-7.6
-7.6
-7.7
-7.8
-7.8
-7.8
-7.9
-7.9
-8.0
-8.1
-8.2
-8.3
-8.5
-8.6
-8.7
-8.7
-8.6
-8.6
-8.5
-8.4
-8.3
-8.3
-8.3
-8.3
-8.4
-8.5
-8.5
-8.6
-8.6
-8.7
-8.7
-8.7
-8.7
-8.8
-8.8
-8.9
-9.0
-9.0
-9.1
-9.2
-9.3
-9.3
-9.3
-9.3
-9.4
-9.4
-9.5
-9.5
-9.5
-9.5
-9.6
-9.6
-9.5
-9.5
-9.5
-9.4
-9.4
-9.3
-9.3
-9.3
-9.4
-9.5
-9.5
-9.5
-9.6
-9.7
-9.8
-9.8
-9.8
-9.8
-9.8
-9.8
-9.8
-9.8
-9.7
-9.6
-9.6
-9.6
-9.6
-9.5
-9.4
-9.4
-9.5
-9.5
-9.5
-9.5
-9.5
-9.6
-9.7
-9.7
-9.7
-9.8
-9.8
-9.9
-9.9
-9.9
-9.9
-9.8
-9.8
-9.8
-9.7
-9.7
-9.6
-9.6
-9.6
-9.6
-9.6
-9.6
-9.6
-9.6
-9.7
-9.7
-9.6
-9.6
-9.5
-9.5
-9.5
-9.5
-9.6
-9.6
-9.6
-9.7
-9.8
-9.8
-9.8
-9.8
-9.9
-9.9
-9.9
-9.9
-9.9
-10.0
-10.0
-9.9
-9.9
-9.8
-9.8
-9.6
-9.5
-9.4
-9.3
-9.3
-9.3
-9.4
-9.5
-9.6
-9.7
-9.8
-9.9
-10.0
-10.0
-10.0
-10.0
-10.0
-10.1
-10.0
-10.0
-10.1
-10.1
-10.0
-9.9
-9.9
-9.9
-9.9
-10.0
-10.0
-10.0
-10.1
-10.1
-10.2
-10.3
-10.3
-10.3
-10.3
-10.3
-10.3
-10.2
-10.1
-9.9
-9.8
-9.7
-9.5
-9.4
-9.3
-9.2
-9.2
-9.2
-9.2
-9.3
-9.3
-9.4
-9.5
-9.5
-9.6
-9.7
-9.7
-9.8
-9.8
-9.9
-10.0
-10.0
-10.1
-10.1
-10.1
-10.1
-10.0
-10.0
-10.0
-9.9
-9.9
-9.9
-9.9
-9.9
-9.9
-9.9
-9.9
-9.9
-9.9
-9.9
-9.9
-9.9
-9.9
-9.9
-9.9
-9.9
-10.0
-10.0
-10.1
-10.1
-10.1
-10.1
-10.1
-10.1
-10.0
-10.0
-10.0
-10.0
-10.0
-9.9
-9.9
-9.9
-9.9
-9.9
-9.9
-9.9
-9.9
-10.0
-10.0
-10.0
-10.0
-10.0
-10.0
-9.9
-9.9
-9.9
-10.0
-10.0
-9.9
-9.9
-9.9
-9.9
-9.9
-9.9
-9.8
-9.8
-9.7
-9.8
-9.8
-9.8
-9.8
-9.8
-9.7
-9.7
-9.7
-9.6
-9.6
-9.6
-9.6
-9.6
-9.5
-9.5
-9.5
-9.4
-9.3
-9.3
-9.3
-9.3
-9.3
-9.3
-9.3
-9.3
-9.3
-9.3
-9.2
-9.2
-9.1
-9.1
-9.0
-9.0
-9.0
-9.0
-9.1
-9.1
-9.1
-9.1
-9.1
-9.1
-9.0
-9.0
-8.9
-8.8
-8.7
-8.6
-8.6
-8.5
-8.4
-8.3
-8.3
-8.3
-8.3
-8.3
-8.3
-8.3
-8.4
-8.5
-8.5
-8.5
-8.6
-8.6
-8.5
-8.5
-8.5
-8.4
-8.4
-8.4
-8.3
-8.3
-8.3
-8.3
-8.3
-8.3
-8.3
-8.2
-8.2
-8.1
-8.0
-8.0
-7.9
-7.9
-7.9
-7.9
-7.9
-7.9
-7.9
-7.9
-7.8
-7.8
-7.7
-7.7
-7.7
-7.7
-7.8
-7.8
-7.8
-7.8
-7.7
-7.8
-7.8
-7.8
-7.8
-7.8
-7.8
-7.8
-7.9
-7.9
-7.9
-7.9
-7.8
-7.8
-7.8
-7.8
-7.8
-7.9
-7.9
-7.9
-7.9
-7.8
-7.8
-7.7
-7.5
-7.4
-7.3
-7.3
-7.3
-7.3
-7.3
-7.3
-7.3
-7.3
-7.3
-7.2
-7.2
-7.1
-7.1
-7.2
-7.2
-7.2
-7.2
-7.2
-7.1
-7.1
-7.0
-6.9
-6.8
-6.7
-6.6
-6.6
-6.6
-6.6
-6.5
-6.5
-6.5
-6.5
-6.5
-6.4
-6.4
-6.4
-6.4
-6.4
-6.4
-6.4
-6.4
-6.4
-6.4
-6.5
-6.5
-6.5
-6.5
-6.5
-6.5
-6.5
-6.5
-6.5
-6.5
-6.5
-6.4
-6.4
-6.4
-6.5
-6.5
-6.6
-6.6
-6.6
-6.6
-6.6
-6.6
-6.5
-6.5
-6.4
-6.3
-6.3
-6.3
-6.3
-6.3
-6.3
-6.4
-6.4
-6.4
-6.3
-6.3
-6.4
-6.4
-6.3
-6.3
-6.3
-6.3
-6.3
-6.3
-6.3
-6.3
-6.3
-6.2
-6.2
-6.1
-6.1
-6.1
-6.1
-6.1
-6.1
-6.1
-6.1
-6.2
-6.2
-6.2
-6.3
-6.3
-6.3
-6.3
-6.4
-6.4
-6.5
-6.4
-6.4
-6.4
-6.3
-6.3
-6.3
-6.3
-6.2
-6.3
-6.3
-6.4
-6.4
-6.4
-6.5
-6.5
-6.4
-6.3
-6.3
-6.2
-6.2
-6.2
-6.1
-6.2
-6.3
-6.3
-6.3
-6.3
-6.2
-6.2
-6.1
-6.0
-5.9
-5.8
-5.7
-5.7
-5.7
-5.7
-5.7
-5.7
-5.6
-5.7
-5.7
-5.8
-5.8
-5.8
-5.8
-5.8
-5.8
-5.8
-5.7
-5.7
-5.7
-5.6
-5.6
-5.6
-5.6
-5.5
-5.6
-5.5
-5.5
-5.6
-5.6
-5.7
-5.8
-5.9
-5.9
-5.9
-5.9
-5.9
-5.8
-5.8
-5.7
-5.7
-5.7
-5.7
-5.8
-5.9
-5.9
-5.9
-5.9
-5.8
-5.7
-5.7
-5.6
-5.6
-5.6
-5.7
-5.8
-5.9
-6.0
-6.1
-6.2
-6.2
-6.2
-6.2
-6.2
-6.3
-6.3
-6.2
-6.2
-6.2
-6.3
-6.3
-6.4
-6.5
-6.7
-6.7
-6.7
-6.7
-6.7
-6.6
-6.5
-6.3
-6.1
-6.0
-5.9
-5.8
-5.7
-5.6
-5.5
-5.5
-5.4
-5.4
-5.4
-5.4
-5.4
-5.4
-5.4
-5.5
-5.6
-5.7
-5.8
-5.8
-5.9
-6.0
-6.0
-5.9
-5.9
-5.8
-5.8
-5.8
-5.8
-5.8
-5.9
-5.9
-5.9
-5.9
-5.9
-5.8
-5.7
-5.7
-5.6
-5.6
-5.6
-5.6
-5.6
-5.6
-5.5
-5.6
-5.6
-5.7
-5.7
-5.7
-5.6
-5.6
-5.5
-5.4
-5.3
-5.2
-5.0
-5.0
-4.9
-5.0
-5.0
-5.0
-5.1
-5.1
-5.2
-5.2
-5.2
-5.2
-5.2
-5.2
-5.2
-5.2
-5.3
-5.3
-5.3
-5.3
-5.3
-5.4
-5.4
-5.4
-5.3
-5.3
-5.2
-5.2
-5.1
-5.1
-5.1
-5.1
-5.1
-5.2
-5.3
-5.4
-5.5
-5.5
-5.6
-5.6
-5.5
-5.4
-5.3
-5.2
-5.2
-5.1
-5.1
-5.1
-5.1
-5.0
-5.0
-5.0
-4.9
-4.8
-4.8
-4.8
-4.7
-4.8
-4.8
-4.9
-4.9
-5.0
-5.0
-5.0
-5.0
-5.0
-5.0
-4.9
-4.9
-4.9
-4.9
-4.9
-4.9
-4.9
-4.9
-4.9
-4.8
-4.9
-4.8
-4.8
-4.9
-4.9
-5.0
-5.0
-5.0
-5.0
-5.0
-5.1
-5.0
-5.0
-4.9
-4.8
-4.8
-4.8
-4.8
-4.8
-4.8
-4.7
-4.6
-4.6
-4.5
-4.4
-4.2
-4.0
-3.8
-3.6
-3.4
-3.3
-3.2
-3.0
-2.8
-2.6
-2.4
-2.2
-2.0
-1.8
-1.6
-1.3
-1.0
-0.8
-0.5
-0.4
-0.2
0.0
0.1
0.3
0.4
0.5
0.6
0.8
0.9
1.1
1.3
1.5
1.6
1.8
2.0
2.2
2.4
2.5
2.7
2.9
3.0
3.1
3.2
3.4
3.5
3.7
3.8
3.9
4.0
4.1
4.3
4.4
4.6
4.7
4.9
5.0
5.0
5.1
5.1
5.2
5.2
5.2
5.2
5.2
5.2
5.2
5.2
5.3
5.3
5.4
5.4
5.4
5.4
5.4
5.5
5.4
5.4
5.3
5.2
5.1
5.0
4.8
4.6
4.4
4.2
4.0
3.8
3.6
3.4
3.3
3.2
3.0
2.9
2.8
2.7
2.7
2.6
2.5
2.4
2.3
2.2
2.1
2.0
1.9
1.8
1.7
1.7
1.6
1.4
1.3
1.2
1.2
1.1
1.1
1.0
1.0
1.0
1.0
1.0
1.0
1.0
0.9
0.9
0.8
0.8
0.9
0.9
0.9
0.8
0.8
0.8
0.8
0.7
0.6
0.4
0.2
0.1
0.2
0.3
0.4
0.6
0.8
1.1
1.5
1.8
2.2
2.4
2.6
2.8
3.0
3.1
3.2
3.3
3.4
3.4
3.4
3.4
3.3
3.3
3.3
3.2
3.2
3.2
3.1
3.1
3.0
3.0
2.9
2.8
2.7
2.7
2.7
2.6
2.6
2.5
2.5
2.5
2.5
2.4
2.3
2.3
2.2
2.3
2.3
2.3
2.3
2.2
2.2
2.2
2.2
2.2
2.2
2.1
2.1
2.0
2.0
1.9
1.8
1.7
1.7
1.6
1.5
1.4
1.3
1.2
1.2
1.1
1.0
1.0
1.0
1.0
1.1
1.2
1.2
1.3
1.3
1.3
1.3
1.3
1.2
1.2
1.1
1.0
0.9
0.8
0.8
0.7
0.6
0.6
0.6
0.6
0.6
0.6
0.6
0.7
0.7
0.7
0.6
0.6
0.6
0.5
0.5
0.5
0.4
0.4
0.3
0.3
0.3
0.3
0.2
0.2
0.1
0.0
0.0
0.0
-0.1
-0.2
-0.3
-0.4
-0.4
-0.4
-0.3
-0.2
-0.1
0.0
0.0
0.2
0.3
0.4
0.5
0.5
0.5
0.5
0.5
0.4
0.3
0.2
0.1
0.0
0.0
-0.1
-0.1
-0.2
-0.3
-0.3
-0.3
-0.3
-0.3
-0.3
-0.3
-0.2
-0.1
0.0
0.0
0.0
0.0
0.0
0.0
-0.1
-0.2
-0.2
-0.3
-0.3
-0.4
-0.5
-0.6
-0.7
-0.7
-0.8
-0.8
-0.9
-0.9
-0.9
-0.9
-0.9
-0.9
-0.9
-0.9
-0.8
-0.8
-0.8
-0.8
-0.8
-0.8
-0.8
-0.8
-0.8
-0.8
-0.8
-0.8
-0.8
-0.9
-0.9
-1.0
-1.0
-1.1
-1.1
-1.2
-1.2
-1.2
-1.2
-1.3
-1.2
-1.2
-1.1
-1.1
-1.1
-1.0
-1.0
-0.9
-0.9
-1.0
-1.0
-1.1
-1.1
-1.2
-1.2
-1.3
-1.3
-1.4
-1.4
-1.5
-1.4
-1.5
-1.5
-1.5
-1.6
-1.6
-1.7
-1.7
-1.7
-1.7
-1.7
-1.7
-1.6
-1.6
-1.5
-1.5
-1.5
-1.5
-1.5
-1.5
-1.6
-1.7
-1.8
-1.8
-1.8
-1.8
-1.8
-1.8
-1.8
-1.8
-1.7
-1.7
-1.7
-1.7
-1.7
-1.8
-1.8
-1.9
-2.0
-2.0
-2.1
-2.1
-2.1
-2.1
-2.1
-2.1
-2.1
-2.0
-2.0
-2.0
-2.0
-2.0
-2.0
-1.9
-1.9
-1.9
-2.0
-2.0
-2.0
-2.0
-2.1
-2.1
-2.1
-2.2
-2.2
-2.2
-2.2
-2.2
-2.1
-2.1
-2.0
-2.0
-2.0
-2.0
-2.0
-2.0
-2.0
-2.1
-2.1
-2.1
-2.1
-2.1
-2.1
-2.1
-2.0
-2.0
-2.0
-1.9
-1.9
-2.0
-2.0
-2.0
-2.0
-2.1
-2.1
-2.2
-2.3
-2.3
-2.3
-2.4
-2.4
-2.5
-2.5
-2.5
-2.5
-2.4
-2.4
-2.3
-2.3
-2.3
-2.3
-2.4
-2.4
-2.4
-2.5
-2.5
-2.5
-2.5
-2.5
-2.4
-2.4
-2.4
-2.4
-2.5
-2.5
-2.5
-2.5
-2.5
-2.6
-2.6
-2.5
-2.5
-2.5
-2.5
-2.5
-2.5
-2.5
-2.6
-2.6
-2.7
-2.7
-2.8
-2.8
-2.9
-2.9
-3.0
-3.0
-3.0
-2.9
-2.9
-3.0
-3.0
-3.0
-3.0
-3.1
-3.1
-3.2
-3.2
-3.2
-3.2
-3.1
-3.1
-3.0
-2.9
-2.9
-2.8
-2.8
-2.8
-2.9
-2.9
-2.9
-3.0
-3.0
-3.0
-3.0
-3.0
-3.1
-3.1
-3.2
-3.2
-3.2
-3.2
-3.2
-3.2
-3.2
-3.2
-3.2
-3.2
-3.2
-3.2
-3.3
-3.3
-3.3
-3.3
-3.3
-3.3
-3.3
-3.3
-3.2
-3.2
-3.2
-3.2
-3.2
-3.2
-3.3
-3.2
-3.3
-3.3
-3.2
-3.2
-3.2
-3.1
-3.1
-3.1
-3.1
-3.1
-3.1
-3.1
-3.1
-3.1
-3.2
-3.2
-3.2
-3.3
-3.4
-3.4
-3.5
-3.6
-3.7
-3.7
-3.6
-3.6
-3.5
-3.5
-3.4
-3.3
-3.3
-3.2
-3.2
-3.2
-3.3
-3.3
-3.4
-3.5
-3.5
-3.6
-3.7
-3.7
-3.8
-3.8
-3.9
-4.0
-4.0
-3.9
-3.9
-3.8
-3.7
-3.6
-3.5
-3.4
-3.3
-3.3
-3.3
-3.4
-3.5
-3.6
-3.7
-3.8
-3.9
-4.0
-4.0
-4.1
-4.1
-4.1
-4.0
-4.0
-3.9
-3.8
-3.7
-3.6
-3.6
-3.6
-3.6
-3.6
-3.7
-3.8
-3.8
-3.9
-3.9
-3.9
-3.9
-3.8
-3.8
-3.7
-3.7
-3.7
-3.7
-3.7
-3.8
-3.8
-3.9
-3.9
-3.9
-3.9
-3.9
-3.8
-3.8
-3.7
-3.6
-3.6
-3.5
-3.5
-3.5
-3.5
-3.5
-3.6
-3.7
-3.7
-3.8
-3.9
-3.9
-3.9
-4.0
-3.9
-3.9
-3.9
-4.0
-4.0
-4.1
-4.1
-4.2
-4.3
-4.4
-4.5
-4.5
-4.6
-4.6
-4.5
-4.5
-4.4
-4.3
-4.3
-4.2
-4.2
-4.1
-4.1
-4.0
-4.0
-4.0
-3.9
-3.9
-3.8
-3.8
-3.9
-4.0
-4.1
-4.2
-4.4
-4.5
-4.7
-4.8
-4.9
-4.9
-4.8
-4.7
-4.6
-4.5
-4.5
-4.3
-4.2
-4.2
-4.1
-4.2
-4.2
-4.3
-4.3
-4.4
-4.4
-4.5
-4.5
-4.6
-4.6
-4.6
-4.6
-4.6
-4.6
-4.5
-4.5
-4.5
-4.5
-4.5
-4.5
-4.5
-4.5
-4.5
-4.4
-4.5
-4.5
-4.5
-4.5
-4.5
-4.5
-4.5
-4.5
-4.5
-4.5
-4.6
-4.6
-4.5
-4.6
-4.6
-4.6
-4.6
-4.6
-4.6
-4.6
-4.7
-4.8
-4.8
-4.8
-4.9
-4.9
-5.0
-5.0
-5.0
-5.0
-5.0
-5.0
-4.9
-4.9
-4.8
-4.8
-4.7
-4.7
-4.6
-4.6
-4.6
-4.7
-4.7
-4.8
-4.8
-4.8
-4.8
-4.8
-4.8
-4.8
-4.8
-4.8
-4.8
-4.8
-4.9
-5.0
-5.0
-5.1
-5.1
-5.1
-5.1
-5.1
-5.1
-5.0
-5.0
-4.9
-4.8
-4.8
-4.7
-4.6
-4.6
-4.5
-4.5
-4.5
-4.6
-4.6
-4.6
-4.6
-4.6
-4.6
-4.6
-4.6
-4.6
-4.5
-4.5
-4.5
-4.5
-4.5
-4.5
-4.5
-4.5
-4.5
-4.5
-4.6
-4.6
-4.6
-4.5
-4.4
-4.3
-4.3
-4.2
-4.2
-4.1
-4.0
-3.9
-3.9
-3.8
-3.7
-3.7
-3.6
-3.6
-3.6
-3.6
-3.5
-3.4
-3.3
-3.3
-3.3
-3.2
-3.1
-3.0
-2.9
-2.8
-2.8
-2.7
-2.5
-2.2
-2.1
-1.9
-1.7
-1.6
-1.5
-1.4
-1.3
-1.3
-1.3
-1.3
-1.4
-1.4
-1.5
-1.6
-1.7
-1.7
-1.8
-1.8
-1.8
-1.9
-2.0
-2.0
-2.1
-2.2
-2.3
-2.4
-2.6
-2.8
-2.9
-3.0
-3.2
-3.3
-3.4
-3.4
-3.4
-3.4
-3.4
-3.3
-3.3
-3.3
-3.3
-3.4
-3.5
-3.6
-3.7
-3.8
-3.9
-4.0
-4.1
-4.2
-4.2
-4.2
-4.3
-4.3
-4.4
-4.4
-4.4
-4.4
-4.5
-4.5
-4.6
-4.7
-4.8
-4.9
-4.9
-5.0
-5.0
-5.0
-5.0
-5.0
-5.0
-5.0
-5.0
-5.0
-5.0
-5.1
-5.2
-5.3
-5.4
-5.4
-5.5
-5.5
-5.6
-5.6
-5.7
-5.7
-5.7
-5.7
-5.8
-5.8
-5.8
-5.9
-5.9
-5.9
-5.9
-5.9
-5.9
-5.9
-5.9
-5.9
-5.8
-5.8
-5.7
-5.7
-5.7
-5.6
-5.6
-5.5
-5.5
-5.5
-5.5
-5.5
-5.5
-5.5
-5.6
-5.6
-5.7
-5.7
-5.8
-5.8
-5.9
-5.9
-5.8
-5.8
-5.9
-5.9
-5.9
-5.9
-5.9
-5.9
-5.9
-5.9
-5.8
-5.7
-5.7
-5.6
-5.7
-5.7
-5.7
-5.7
-5.8
-5.8
-5.8
-5.8
-5.8
-5.7
-5.6
-5.6
-5.5
-5.6
-5.6
-5.6
-5.5
-5.5
-5.6
-5.7
-5.7
-5.8
-5.8
-5.9
-6.0
-6.1
-6.1
-6.2
-6.2
-6.1
-6.1
-6.0
-5.9
-5.8
-5.6
-5.6
-5.6
-5.5
-5.5
-5.5
-5.5
-5.5
-5.4
-5.4
-5.3
-5.2
-5.0
-4.8
-4.5
-4.3
-4.2
-4.1
-3.9
-3.8
-3.6
-3.5
-3.4
-3.3
-3.1
-2.9
-2.6
-2.4
-2.1
-1.8
-1.5
-1.2
-0.9
-0.6
-0.3
0.0
0.2
0.5
0.7
0.9
1.0
1.1
1.2
1.3
1.4
1.5
1.5
1.6
1.6
1.6
1.5
1.3
1.2
1.2
1.2
1.1
1.0
0.9
0.8
0.7
0.5
0.2
0.0
-0.2
-0.5
-0.8
-1.0
-1.3
-1.6
-1.8
-2.0
-2.2
-2.5
-2.6
-2.7
-2.8
-2.8
-2.8
-2.8
-2.8
-2.8
-2.8
-2.9
-3.0
-3.0
-3.1
-3.2
-3.3
-3.4
-3.6
-3.8
-4.0
-4.2
-4.4
-4.5
-4.8
-5.0
-5.1
-5.3
-5.3
-5.4
-5.4
-5.5
-5.5
-5.5
-5.5
-5.5
-5.6
-5.7
-5.8
-5.8
-5.9
-5.9
-6.0
-6.0
-6.0
-6.0
-6.0
-6.1
-6.1
-6.2
-6.3
-6.4
-6.5
-6.6
-6.8
-6.9
-7.0
-7.1
-7.2
-7.3
-7.3
-7.3
-7.3
-7.3
-7.2
-7.1
-7.0
-6.9
-6.9
-6.9
-6.9
-6.9
-7.0
-7.1
-7.2
-7.3
-7.4
-7.5
-7.5
-7.5
-7.5
-7.4
-7.4
-7.4
-7.4
-7.4
-7.3
-7.4
-7.4
-7.4
-7.5
-7.5
-7.5
-7.5
-7.6
-7.6
-7.5
-7.5
-7.5
-7.4
-7.3
-7.3
-7.2
-7.1
-7.1
-7.1
-7.1
-7.1
-7.1
-7.2
-7.2
-7.3
-7.4
-7.4
-7.5
-7.6
-7.6
-7.6
-7.6
-7.6
-7.6
-7.5
-7.4
-7.3
-7.3
-7.3
-7.3
-7.3
-7.3
-7.3
-7.4
-7.5
-7.5
-7.5
-7.4
-7.4
-7.4
-7.4
-7.4
-7.3
-7.3
-7.2
-7.2
-7.2
-7.2
-7.1
-7.0
-7.0
-7.0
-6.9
-7.0
-7.0
-7.0
-7.0
-7.0
-7.0
-7.0
-7.0
-7.0
-7.0
-7.1
-7.2
-7.3
-7.3
-7.3
-7.3
-7.4
-7.3
-7.2
-7.2
-7.2
-7.2
-7.1
-7.1
-7.1
-7.1
-7.2
-7.2
-7.2
-7.2
-7.1
-7.1
-7.1
-7.1
-7.0
-7.0
-7.0
-7.0
-7.0
-7.0
-7.1
-7.2
-7.2
-7.3
-7.3
-7.3
-7.3
-7.2
-7.1
-7.1
-7.0
-6.9
-6.8
-6.8
-6.8
-6.9
-7.0
-7.0
-7.1
-7.2
-7.2
-7.2
-7.1
-7.1
-7.0
-6.8
-6.7
-6.7
-6.7
-6.7
-6.7
-6.8
-6.8
-6.8
-6.8
-6.8
-6.8
-6.8
-6.8
-6.8
-6.8
-6.8
-6.8
-6.9
-6.9
-7.0
-7.0
-7.0
-7.1
-7.1
-7.0
-7.0
-6.9
-6.8
-6.6
-6.5
-6.4
-6.3
-6.3
-6.4
-6.5
-6.5
-6.6
-6.8
-6.8
-6.8
-6.7
-6.6
-6.4
-6.3
-6.3
-6.2
-6.1
-6.1
-6.1
-6.2
-6.2
-6.3
-6.3
-6.4
-6.5
-6.5
-6.6
-6.6
-6.7
-6.7
-6.6
-6.6
-6.6
-6.5
-6.5
-6.5
-6.5
-6.5
-6.5
-6.5
-6.4
-6.4
-6.3
-6.3
-6.2
-6.2
-6.2
-6.2
-6.3
-6.3
-6.4
-6.5
-6.5
-6.5
-6.4
-6.3
-6.3
-6.2
-6.1
-6.1
-6.1
-6.0
-6.0
-6.0
-6.0
-6.0
-6.0
-6.0
-6.0
-5.9
-5.9
-5.9
-6.0
-6.1
-6.1
-6.1
-6.1
-6.2
-6.2
-6.3
-6.3
-6.3
-6.3
-6.2
-6.2
-6.1
-6.0
-5.9
-5.8
-5.7
-5.7
-5.6
-5.7
-5.7
-5.9
-6.0
-6.1
-6.1
-6.2
-6.3
-6.3
-6.3
-6.3
-6.2
-6.2
-6.1
-6.1
-6.0
-6.0
-6.0
-5.9
-5.9
-5.9
-5.9
-5.9
-6.0
-6.0
-6.0
-6.0
-6.0
-6.0
-6.0
-6.0
-6.0
-6.0
-6.0
-6.0
-6.0
-6.0
-6.0
-5.9
-5.8
-5.7
-5.6
-5.5
-5.5
-5.5
-5.5
-5.5
-5.6
-5.7
-5.8
-5.9
-6.0
-6.0
-6.0
-6.1
-6.1
-6.1
-6.1
-6.1
-6.1
-6.1
-6.0
-6.0
-5.9
-5.8
-5.6
-5.5
-5.4
-5.4
-5.5
-5.6
-5.7
-5.8
-5.9
-6.0
-6.1
-6.1
-6.2
-6.1
-6.1
-6.1
-6.0
-6.0
-6.0
-5.9
-5.8
-5.7
-5.7
-5.6
-5.5
-5.4
-5.3
-5.2
-5.1
-5.1
-5.0
-5.0
-5.1
-5.2
-5.3
-5.3
-5.3
-5.4
-5.4
-5.4
-5.4
-5.4
-5.4
-5.5
-5.5
-5.5
-5.5
-5.5
-5.5
-5.5
-5.4
-5.4
-5.3
-5.3
-5.3
-5.3
-5.3
-5.3
-5.3
-5.3
-5.3
-5.3
-5.3
-5.3
-5.4
-5.4
-5.5
-5.5
-5.5
-5.6
-5.5
-5.4
-5.4
-5.3
-5.2
-5.1
-5.0
-5.0
-5.0
-5.0
-5.1
-5.2
-5.3
-5.4
-5.5
-5.5
-5.5
-5.5
-5.5
-5.4
-5.4
-5.4
-5.3
-5.3
-5.2
-5.2
-5.2
-5.2
-5.1
-5.1
-5.1
-5.1
-5.2
-5.2
-5.3
-5.4
-5.4
-5.5
-5.5
-5.5
-5.6
-5.5
-5.6
-5.6
-5.6
-5.6
-5.6
-5.7
-5.7
-5.8
-5.8
-5.9
-5.9
-6.0
-6.0
-6.0
-5.9
-5.9
-5.8
-5.8
-5.7
-5.7
-5.6
-5.6
-5.6
-5.5
-5.5
-5.5
-5.5
-5.5
-5.5
-5.5
-5.6
-5.6
-5.7
-5.8
-5.8
-5.8
-5.7
-5.6
-5.5
-5.5
-5.5
-5.4
-5.4
-5.5
-5.5
-5.6
-5.6
-5.7
-5.7
-5.7
-5.6
-5.5
-5.5
-5.4
-5.4
-5.3
-5.3
-5.4
-5.4
-5.5
-5.5
-5.6
-5.6
-5.7
-5.7
-5.6
-5.5
-5.5
-5.4
-5.3
-5.2
-5.2
-5.3
-5.3
-5.3
-5.3
-5.4
-5.5
-5.5
-5.4
-5.4
-5.4
-5.4
-5.5
-5.6
-5.8
-5.9
-5.9
-5.9
-5.9
-6.0
-6.0
-5.9
-5.9
-5.9
-6.0
-6.2
-6.3
-6.5
-6.6
-6.6
-6.7
-6.8
-6.8
-6.8
-6.8
-6.8
-6.7
-6.7
-6.7
-6.6
-6.6
-6.6
-6.5
-6.5
-6.5
-6.5
-6.5
-6.4
-6.4
-6.4
-6.4
-6.4
-6.4
-6.4
-6.5
-6.5
-6.6
-6.7
-6.7
-6.7
-6.7
-6.6
-6.5
-6.4
-6.4
-6.3
-6.2
-6.2
-6.2
-6.2
-6.2
-6.2
-6.2
-6.2
-6.2
-6.2
-6.2
-6.2
-6.2
-6.1
-6.1
-6.1
-6.2
-6.2
-6.2
-6.2
-6.3
-6.3
-6.3
-6.4
-6.4
-6.4
-6.4
-6.4
-6.4
-6.4
-6.4
-6.4
-6.4
-6.4
-6.4
-6.3
-6.3
-6.3
-6.3
-6.3
-6.3
-6.3
-6.3
-6.4
-6.4
-6.4
-6.3
-6.3
-6.2
-6.2
-6.1
-6.0
-6.0
-6.0
-6.0
-6.0
-6.0
-6.0
-6.0
-6.0
-6.0
-6.0
-6.0
-6.0
-6.0
-5.9
-5.9
-6.0
-6.0
-6.0
-6.1
-6.2
-6.2
-6.2
-6.2
-6.2
-6.1
-6.0
-5.9
-5.8
-5.8
-5.9
-5.9
-6.0
-6.0
-6.0
-5.9
-5.8
-5.7
-5.5
-5.2
-5.1
-5.0
-4.9
-4.8
-4.8
-4.7
-4.7
-4.7
-4.7
-4.6
-4.6
-4.6
-4.7
-4.8
-4.9
-5.0
-5.0
-5.1
-5.1
-5.1
-5.1
-5.0
-5.0
-5.0
-5.1
-5.1
-5.1
-5.1
-5.2
-5.3
-5.3
-5.3
-5.3
-5.2
-5.2
-5.2
-5.2
-5.2
-5.2
-5.2
-5.2
-5.3
-5.3
-5.3
-5.2
-5.1
-5.1
-5.1
-5.1
-5.1
-5.1
-5.0
-5.1
-5.1
-5.1
-5.1
-5.1
-5.1
-5.1
-5.1
-5.2
-5.2
-5.2
-5.3
-5.3
-5.4
-5.4
-5.3
-5.3
-5.2
-5.1
-5.0
-4.9
-4.8
-4.8
-4.8
-4.8
-4.9
-5.0
-5.0
-5.1
-5.1
-5.2
-5.2
-5.1
-5.1
-5.1
-5.0
-5.0
-5.0
-4.9
-4.9
-4.9
-4.9
-4.9
-4.9
-5.0
-5.0
-5.1
-5.1
-5.2
-5.2
-5.3
-5.4
-5.4
-5.4
-5.3
-5.3
-5.1
-5.0
-4.8
-4.6
-4.5
-4.3
-4.2
-4.2
-4.2
-4.2
-4.2
-4.2
-4.3
-4.4
-4.5
-4.5
-4.6
-4.6
-4.6
-4.6
-4.7
-4.7
-4.7
-4.6
-4.6
-4.6
-4.6
-4.6
-4.6
-4.6
-4.5
-4.5
-4.5
-4.4
-4.4
-4.4
-4.3
-4.3
-4.2
-4.3
-4.3
-4.3
-4.3
-4.3
-4.3
-4.3
-4.2
-4.0
-3.8
-3.5
-3.2
-2.9
-2.5
-2.2
-1.9
-1.6
-1.3
-0.9
-0.5
0.0
0.4
0.8
1.3
1.8
2.2
2.6
2.8
3.0
3.1
3.1
3.1
3.1
3.1
3.0
2.9
2.8
2.8
2.7
2.7
2.6
2.6
2.5
2.4
2.2
2.1
1.9
1.7
1.5
1.3
1.1
0.9
0.7
0.4
0.2
0.0
-0.3
-0.5
-0.8
-1.2
-1.5
-1.8
-2.0
-2.2
-2.4
-2.6
-2.8
-3.0
-3.2
-3.3
-3.4
-3.6
-3.7
-3.9
-4.0
-4.1
-4.2
-4.3
-4.4
-4.5
-4.6
-4.7
-4.9
-5.0
-5.2
-5.3
-5.4
-5.5
-5.6
-5.6
-5.6
-5.7
-5.7
-5.7
-5.8
-5.8
-5.9
-6.0
-6.1
-6.3
-6.4
-6.5
-6.6
-6.6
-6.7
-6.7
-6.7
-6.7
-6.7
-6.6
-6.6
-6.6
-6.6
-6.7
-6.7
-6.8
-6.9
-7.0
-7.0
-7.1
-7.1
-7.1
-7.1
-7.1
-7.1
-7.1
-7.1
-7.1
-7.1
-7.2
-7.2
-7.2
-7.3
-7.3
-7.3
-7.3
-7.4
-7.4
-7.4
-7.4
-7.3
-7.3
-7.3
-7.3
-7.3
-7.3
-7.3
-7.2
-7.2
-7.2
-7.2
-7.2
-7.2
-7.2
-7.1
-7.1
-7.1
-7.2
-7.2
-7.2
-7.2
-7.3
-7.4
-7.5
-7.6
-7.6
-7.6
-7.5
-7.5
-7.5
-7.4
-7.3
-7.3
-7.2
-7.2
-7.2
-7.2
-7.2
-7.2
-7.2
-7.3
-7.3
-7.3
-7.3
-7.3
-7.3
-7.3
-7.3
-7.2
-7.2
-7.2
-7.2
-7.2
-7.2
-7.2
-7.2
-7.1
-7.1
-7.1
-7.1
-7.0
-7.0
-7.0
-7.0
-7.1
-7.1
-7.1
-7.1
-7.1
-7.1
-7.1
-7.1
-7.1
-7.0
-7.0
-6.9
-7.0
-7.0
-7.1
-7.1
-7.0
-6.9
-6.8
-6.7
-6.5
-6.3
-6.1
-6.0
-5.8
-5.7
-5.7
-5.7
-5.6
-5.6
-5.6
-5.6
-5.6
-5.6
-5.7
-5.8
-5.8
-5.8
-5.8
-5.8
-5.8
-5.7
-5.6
-5.5
-5.4
-5.4
-5.3
-5.3
-5.4
-5.4
-5.5
-5.6
-5.7
-5.8
-5.8
-5.9
-6.0
-6.0
-6.1
-6.1
-6.1
-6.1
-6.0
-5.9
-5.9
-5.8
-5.7
-5.7
-5.7
-5.7
-5.8
-5.9
-6.0
-6.1
-6.1
-6.1
-6.1
-6.1
-6.0
-6.0
-5.9
-5.8
-5.9
-5.9
-6.0
-6.0
-6.1
-6.2
-6.2
-6.3
-6.3
-6.3
-6.3
-6.3
-6.2
-6.2
-6.2
-6.1
-6.1
-6.0
-6.0
-6.0
-6.0
-6.1
-6.1
-6.2
-6.3
-6.3
-6.3
-6.3
-6.3
-6.3
-6.2
-6.1
-6.1
-6.1
-6.1
-6.0
-6.0
-6.0
-6.0
-6.0
-6.0
-6.0
-6.0
-6.0
-5.9
-5.9
-5.9
-5.9
-5.9
-6.0
-6.0
-6.0
-6.0
-6.0
-5.9
-5.9
-5.9
-5.8
-5.8
-5.7
-5.7
-5.7
-5.7
-5.7
-5.7
-5.7
-5.7
-5.7
-5.7
-5.8
-5.8
-5.7
-5.7
-5.7
-5.7
-5.7
-5.7
-5.7
-5.7
-5.7
-5.8
-5.8
-5.8
-5.8
-5.8
-5.7
-5.7
-5.7
-5.7
-5.6
-5.6
-5.6
-5.7
-5.7
-5.8
-5.8
-5.8
-5.8
-5.9
-6.0
-6.0
-6.1
-6.1
-6.2
-6.2
-6.2
-6.3
-6.3
-6.3
-6.3
-6.2
-6.2
-6.1
-5.9
-5.7
-5.6
-5.4
-5.3
-5.2
-5.2
-5.2
-5.2
-5.2
-5.3
-5.3
-5.3
-5.3
-5.4
-5.5
-5.5
-5.6
-5.7
-5.8
-5.9
-5.9
-6.0
-6.0
-6.0
-6.0
-5.9
-5.8
-5.7
-5.7
-5.6
-5.5
-5.4
-5.4
-5.4
-5.4
-5.4
-5.4
-5.3
-5.3
-5.3
-5.3
-5.3
-5.2
-5.2
-5.1
-5.1
-5.1
-5.2
-5.2
-5.2
-5.2
-5.3
-5.3
-5.3
-5.3
-5.3
-5.4
-5.4
-5.5
-5.4
-5.4
-5.4
-5.3
-5.3
-5.2
-5.2
-5.1
-5.1
-5.1
-5.2
-5.2
-5.3
-5.3
-5.4
-5.4
-5.4
-5.5
-5.5
-5.4
-5.4
-5.4
-5.4
-5.4
-5.4
-5.4
-5.4
-5.4
-5.3
-5.3
-5.3
-5.3
-5.4
-5.4
-5.5
-5.5
-5.6
-5.6
-5.6
-5.6
-5.5
-5.4
-5.4
-5.4
-5.4
-5.4
-5.5
-5.4
-5.4
-5.4
-5.5
-5.5
-5.5
-5.6
-5.6
-5.6
-5.7
-5.8
-5.8
-5.7
-5.7
-5.7
-5.6
-5.6
-5.6
-5.5
-5.5
-5.5
-5.4
-5.4
-5.4
-5.3
-5.3
-5.3
-5.3
-5.4
-5.4
-5.5
-5.5
-5.5
-5.6
-5.6
-5.7
-5.8
-5.9
-6.0
-6.0
-6.0
-6.0
-6.0
-6.1
-6.2
-6.2
-6.2
-6.3
-6.4
-6.5
-6.6
-6.6
-6.7
-6.7
-6.7
-6.8
-6.8
-6.9
-7.0
-7.0
-7.0
-6.9
-6.8
-6.8
-6.8
-6.7
-6.7
-6.7
-6.8
-6.9
-6.9
-7.0
-7.1
-7.1
-7.1
-7.1
-7.1
-7.1
-7.1
-7.1
-7.0
-7.0
-6.9
-6.9
-6.8
-6.8
-6.7
-6.7
-6.7
-6.8
-6.8
-6.8
-6.8
-6.9
-6.9
-6.9
-6.9
-6.8
-6.8
-6.8
-6.7
-6.7
-6.6
-6.6
-6.5
-6.5
-6.5
-6.5
-6.6
-6.6
-6.7
-6.8
-6.8
-6.9
-6.9
-6.9
-6.9
-6.8
-6.7
-6.6
-6.5
-6.5
-6.4
-6.4
-6.4
-6.4
-6.4
-6.5
-6.5
-6.5
-6.5
-6.5
-6.5
-6.4
-6.4
-6.4
-6.3
-6.3
-6.4
-6.5
-6.5
-6.6
-6.6
-6.6
-6.5
-6.4
-6.3
-6.3
-6.2
-6.1
-6.1
-6.1
-6.1
-6.1
-6.1
-6.1
-6.1
-6.1
-6.1
-6.1
-6.2
-6.2
-6.1
-6.1
-6.1
-6.0
-5.9
-5.8
-5.7
-5.6
-5.5
-5.6
-5.7
-5.8
-5.9
-6.0
-6.0
-5.9
-5.8
-5.6
-5.2
-4.8
-4.4
-4.1
-3.7
-3.3
-3.0
-2.7
-2.3
-1.9
-1.5
-1.1
-0.7
-0.3
0.0
0.4
0.8
1.2
1.5
2.0
2.4
2.9
3.3
3.8
4.2
4.5
5.0
5.4
5.8
6.2
6.5
6.9
7.2
7.6
8.0
8.3
8.6
8.9
9.2
9.6
9.9
10.3
10.8
11.2
11.6
12.0
12.4
12.8
13.3
13.6
14.1
14.5
14.9
15.3
15.7
16.1
16.6
17.0
17.3
17.7
18.1
18.5
18.9
19.3
19.6
20.0
20.4
20.8
21.1
21.4
21.7
22.0
22.4
22.8
23.2
23.6
24.0
24.5
25.0
25.5
25.8
26.2
26.6
26.9
27.1
27.3
27.5
27.7
27.9
28.1
28.2
28.3
28.6
28.8
29.1
29.3
29.5
29.5
29.7
29.8
30.0
30.1
30.2
30.3
30.5
30.8
31.2
31.7
32.0
32.4
32.8
33.1
33.4
33.6
33.8
33.8
33.8
33.7
33.5
33.3
33.1
32.8
32.5
32.1
31.8
31.5
31.3
31.1
30.9
30.7
30.5
30.3
30.1
30.0
29.8
29.6
29.5
29.4
29.2
29.1
29.0
28.9
28.7
28.6
28.3
28.1
27.9
27.7
27.5
27.2
27.0
26.8
26.5
26.3
26.0
25.6
25.3
25.0
24.7
24.4
24.1
23.7
23.5
23.2
22.9
22.6
22.2
21.9
21.7
21.5
21.3
21.1
21.0
20.9
20.8
20.6
20.5
20.3
20.1
19.9
19.7
19.5
19.2
19.1
18.9
18.7
18.4
18.1
17.8
17.4
17.0
16.7
16.5
16.3
16.1
15.9
15.7
15.5
15.3
15.1
14.9
14.6
14.4
14.1
13.9
13.7
13.5
13.3
13.1
12.8
12.6
12.3
12.0
11.8
11.5
11.3
11.0
10.8
10.6
10.4
10.2
10.1
10.0
9.8
9.7
9.7
9.7
9.6
9.6
9.4
9.3
9.2
9.0
8.8
8.6
8.4
8.2
8.1
8.0
7.9
7.7
7.6
7.5
7.3
7.3
7.1
7.0
6.8
6.6
6.4
6.3
6.1
5.8
5.7
5.6
5.5
5.5
5.4
5.3
5.2
5.0
4.9
4.8
4.6
4.5
4.4
4.3
4.2
4.2
4.1
4.0
4.0
3.9
3.9
3.8
3.8
3.8
3.8
3.7
3.7
3.7
3.7
3.7
3.6
3.5
3.5
3.5
3.4
3.4
3.4
3.3
3.3
3.2
3.2
3.1
3.0
2.9
2.8
2.7
2.6
2.5
2.4
2.5
2.5
2.4
2.4
2.4
2.2
2.1
2.1
2.0
2.0
1.9
1.9
2.0
2.2
2.5
2.8
3.1
3.3
3.5
3.7
3.9
4.1
4.2
4.3
4.3
4.3
4.3
4.4
4.4
4.4
4.3
4.4
4.4
4.5
4.5
4.5
4.4
4.4
4.5
4.6
4.6
4.7
4.8
4.9
5.0
5.0
5.0
4.8
4.6
4.5
4.3
4.1
3.9
3.7
3.6
3.5
3.5
3.5
3.4
3.4
3.3
3.3
3.2
3.1
3.0
2.9
2.8
2.8
2.7
2.7
2.7
2.7
2.7
2.7
2.7
2.7
2.7
2.7
2.7
2.7
2.7
2.8
2.9
3.0
3.2
3.4
3.5
3.6
3.8
3.9
3.9
3.9
3.9
3.9
3.9
3.9
3.9
3.9
3.9
3.8
3.8
3.7
3.7
3.7
3.8
3.8
3.9
4.0
4.1
4.1
4.2
4.2
4.1
4.0
4.0
3.9
3.9
4.0
4.0
4.0
4.2
4.3
4.3
4.3
4.3
4.2
4.1
3.9
3.8
3.7
3.7
3.6
3.6
3.6
3.7
3.7
3.7
3.8
3.8
3.8
3.9
3.9
3.9
3.9
3.8
3.6
3.4
3.3
3.3
3.3
3.3
3.4
3.5
3.6
3.8
3.8
3.8
3.8
3.7
3.6
3.5
3.4
3.3
3.3
3.3
3.3
3.3
3.2
3.1
3.0
2.9
2.9
2.8
2.7
2.7
2.7
2.7
2.6
2.6
2.6
2.6
2.5
2.4
2.4
2.3
2.2
2.2
2.2
2.2
2.2
2.2
2.2
2.3
2.2
2.2
2.1
2.1
2.1
2.1
2.1
2.2
2.3
2.4
2.7
2.9
3.0
3.1
3.1
3.1
3.0
2.9
2.7
2.6
2.4
2.3
2.2
2.2
2.2
2.2
2.1
2.0
2.0
1.9
1.8
1.6
1.6
1.6
1.6
1.5
1.5
1.6
1.7
1.8
1.9
1.9
1.8
1.8
1.8
1.7
1.6
1.5
1.5
1.5
1.6
1.6
1.5
1.5
1.3
1.2
1.1
0.9
0.7
0.4
0.3
0.1
0.0
0.0
-0.1
-0.1
-0.1
-0.1
0.0
0.1
0.3
0.4
0.6
0.7
0.7
0.7
0.7
0.6
0.5
0.4
0.2
0.1
0.0
0.0
-0.2
-0.4
-0.5
-0.6
-0.6
-0.6
-0.6
-0.5
-0.4
-0.4
-0.4
-0.5
-0.6
-0.7
-0.8
-1.0
-1.2
-1.4
-1.6
-1.7
-1.8
-1.9
-1.9
-2.0
-2.1
-2.0
-1.9
-1.8
-1.7
-1.7
-1.6
-1.6
-1.6
-1.7
-1.7
-1.8
-1.9
-2.1
-2.2
-2.2
-2.2
-2.2
-2.2
-2.1
-2.0
-1.8
-1.7
-1.7
-1.7
-1.7
-1.7
-1.8
-1.9
-2.0
-2.1
-2.2
-2.3
-2.4
-2.5
-2.6
-2.7
-2.8
-2.9
-2.9
-2.9
-2.9
-2.9
-3.0
-3.1
-3.2
-3.4
-3.5
-3.6
-3.8
-3.9
-3.9
-3.9
-3.9
-3.8
-3.8
-3.7
-3.7
-3.6
-3.6
-3.6
-3.7
-3.7
-3.7
-3.8
-3.9
-4.1
-4.2
-4.4
-4.5
-4.6
-4.6
-4.7
-4.8
-4.8
-4.7
-4.6
-4.6
-4.6
-4.6
-4.6
-4.6
-4.6
-4.7
-4.7
-4.8
-4.9
-5.0
-5.2
-5.3
-5.4
-5.4
-5.2
-5.1
-5.0
-4.9
-4.8
-4.8
-4.7
-4.8
-4.9
-5.0
-5.1
-5.1
-5.2
-5.3
-5.4
-5.4
-5.4
-5.4
-5.4
-5.4
-5.4
-5.4
-5.4
-5.4
-5.4
-5.5
-5.6
-5.6
-5.7
-5.7
-5.8
-5.8
-5.8
-5.8
-5.9
-5.9
-6.0
-6.0
-6.0
-6.1
-6.2
-6.2
-6.3
-6.3
-6.3
-6.3
-6.4
-6.5
-6.5
-6.5
-6.5
-6.4
-6.4
-6.4
-6.4
-6.4
-6.3
-6.4
-6.4
-6.5
-6.6
-6.7
-6.8
-6.9
-6.9
-7.0
-7.1
-7.1
-7.1
-7.1
-7.2
-7.1
-7.0
-7.0
-7.0
-7.0
-7.0
-7.0
-7.0
-6.9
-6.9
-6.8
-6.7
-6.7
-6.6
-6.7
-6.8
-7.0
-7.3
-7.6
-8.0
-8.4
-8.7
-9.1
-9.4
-9.8
-10.1
-10.4
-10.7
-11.1
-11.6
-12.1
-12.5
-13.0
-13.5
-13.9
-14.4
-14.8
-15.2
-15.7
-16.1
-16.6
-17.1
-17.5
-18.0
-18.5
-18.9
-19.3
-19.8
-20.2
-20.7
-21.2
-21.7
-22.3
-22.8
-23.4
-24.0
-24.5
-25.1
-25.7
-26.2
-26.9
-27.5
-28.2
-28.9
-29.6
-30.3
-30.9
-31.5
-32.1
-32.7
-33.3
-33.9
-34.5
-35.1
-35.7
-36.2
-36.7
-37.2
-37.7
-38.1
-38.6
-39.0
-39.5
-39.9
-40.3
-40.8
-41.2
-41.5
-41.9
-42.2
-42.6
-42.9
-43.3
-43.5
-43.8
-44.1
-44.4
-44.7
-44.9
-45.1
-45.2
-45.3
-45.4
-45.5
-45.6
-45.7
-45.7
-45.7
-45.7
-45.7
-45.7
-45.7
-45.7
-45.7
-45.6
-45.5
-45.5
-45.4
-45.2
-45.1
-45.0
-44.9
-44.7
-44.6
-44.4
-44.3
-44.2
-44.0
-43.8
-43.5
-43.3
-43.0
-42.8
-42.5
-42.3
-42.1
-41.9
-41.8
-41.6
-41.5
-41.3
-41.1
-41.0
-40.9
-40.7
-40.6
-40.5
-40.5
-40.4
-40.3
-40.2
-40.1
-40.0
-39.9
-39.7
-39.6
-39.4
-39.2
-39.1
-39.0
-38.9
-38.8
-38.7
-38.6
-38.6
-38.5
-38.5
-38.5
-38.5
-38.4
-38.4
-38.3
-38.2
-38.1
-38.0
-37.9
-37.8
-37.7
-37.6
-37.4
-37.3
-37.2
-37.1
-36.9
-36.8
-36.6
-36.5
-36.4
-36.4
-36.3
-36.2
-36.0
-35.9
-35.7
-35.5
-35.5
-35.4
-35.3
-35.1
-34.8
-34.5
-34.2
-34.0
-33.6
-33.2
-32.8
-32.4
-32.2
-31.9
-31.7
-31.6
-31.4
-31.3
-31.2
-31.1
-31.2
-31.2
-31.2
-31.3
-31.3
-31.4
-31.4
-31.4
-31.4
-31.3
-31.2
-31.1
-30.9
-30.8
-30.6
-30.4
-30.2
-30.0
-29.8
-29.6
-29.4
-29.3
-29.2
-29.1
-29.0
-28.9
-28.8
-28.8
-28.8
-28.9
-28.9
-29.0
-28.9
-28.9
-28.8
-28.8
-28.7
-28.6
-28.5
-28.3
-28.2
-28.1
-28.0
-27.9
-27.8
-27.7
-27.7
-27.6
-27.6
-27.6
-27.6
-27.5
-27.5
-27.5
-27.4
-27.3
-27.2
-27.1
-27.0
-26.9
-26.8
-26.7
-26.7
-26.6
-26.5
-26.5
-26.5
-26.5
-26.5
-26.5
-26.4
-26.3
-26.2
-26.2
-26.1
-26.1
-26.0
-25.8
-25.7
-25.5
-25.3
-25.2
-25.1
-25.0
-24.9
-24.8
-24.7
-24.7
-24.7
-24.6
-24.6
-24.5
-24.4
-24.3
-24.2
-24.2
-24.2
-24.1
-24.1
-24.0
-24.0
-23.9
-23.9
-23.8
-23.7
-23.6
-23.6
-23.5
-23.4
-23.4
-23.3
-23.2
-23.2
-23.2
-23.2
-23.2
-23.2
-23.1
-23.0
-23.0
-22.9
-22.8
-22.7
-22.7
-22.6
-22.5
-22.3
-22.2
-22.2
-22.1
-22.0
-22.0
-22.0
-22.0
-22.0
-21.9
-21.9
-21.8
-21.7
-21.6
-21.4
-21.3
-21.2
-21.1
-21.0
-21.0
-20.9
-20.9
-20.8
-20.8
-20.7
-20.6
-20.5
-20.4
-20.3
-20.2
-20.2
-20.2
-20.1
-20.1
-20.1
-20.0
-20.0
-19.9
-19.9
-19.8
-19.8
-19.8
-19.7
-19.6
-19.6
-19.5
-19.5
-19.5
-19.4
-19.4
-19.3
-19.3
-19.3
-19.3
-19.3
-19.2
-19.0
-18.7
-18.6
-18.3
-18.1
-17.8
-17.5
-17.2
-17.1
-16.9
-16.8
-16.8
-16.8
-16.7
-16.7
-16.6
-16.6
-16.6
-16.5
-16.3
-16.2
-16.1
-16.1
-16.1
-16.0
-16.1
-16.1
-16.1
-16.1
-16.1
-16.1
-16.1
-16.1
-16.1
-16.1
-16.0
-16.0
-15.9
-15.9
-15.8
-15.8
-15.7
-15.7
-15.6
-15.6
-15.6
-15.7
-15.7
-15.8
-15.8
-15.9
-15.9
-15.9
-15.8
-15.8
-15.8
-15.7
-15.7
-15.7
-15.7
-15.8
-15.8
-15.7
-15.7
-15.6
-15.5
-15.4
-15.4
-15.3
-15.2
-15.1
-15.0
-14.9
-14.9
-14.8
-14.8
-14.8
-14.7
-14.7
-14.7
-14.7
-14.7
-14.7
-14.7
-14.6
-14.6
-14.5
-14.5
-14.5
-14.6
-14.6
-14.6
-14.5
-14.5
-14.4
-14.4
-14.3
-14.2
-14.1
-14.0
-14.0
-13.9
-13.9
-13.9
-13.8
-13.8
-13.8
-13.9
-13.9
-13.9
-13.9
-14.0
-14.0
-14.1
-14.0
-14.0
-13.9
-13.8
-13.8
-13.7
-13.6
-13.5
-13.5
-13.5
-13.5
-13.4
-13.3
-13.3
-13.2
-13.2
-13.1
-13.0
-12.9
-12.9
-12.8
-12.8
-12.8
-12.8
-12.7
-12.7
-12.6
-12.6
-12.6
-12.5
-12.5
-12.5
-12.6
-12.6
-12.6
-12.6
-12.6
-12.5
-12.5
-12.4
-12.4
-12.3
-12.2
-12.1
-12.1
-12.1
-12.0
-11.9
-11.9
-11.8
-11.8
-11.8
-11.8
-11.8
-11.8
-11.8
-11.7
-11.7
-11.7
-11.6
-11.5
-11.5
-11.5
-11.5
-11.5
-11.6
-11.6
-11.7
-11.8
-11.8
-11.8
-11.8
-11.7
-11.6
-11.6
-11.5
-11.4
-11.3
-11.2
-11.2
-11.1
-11.1
-11.1
-11.1
-11.1
-11.1
-11.1
-11.1
-11.1
-11.2
-11.2
-11.2
-11.2
-11.2
-11.2
-11.2
-11.1
-11.1
-11.0
-11.0
-10.9
-10.8
-10.7
-10.7
-10.7
-10.8
-10.8
-10.9
-10.9
-10.9
-10.9
-10.8
-10.8
-10.7
-10.6
-10.5
-10.5
-10.4
-10.4
-10.4
-10.4
-10.5
-10.5
-10.5
-10.6
-10.6
-10.6
-10.6
-10.6
-10.7
-10.7
-10.8
-10.8
-10.8
-10.9
-11.0
-10.9
-10.8
-10.7
-10.5
-10.3
-10.1
-9.9
-9.6
-9.5
-9.3
-9.2
-9.2
-9.2
-9.2
-9.2
-9.2
-9.2
-9.2
-9.3
-9.3
-9.4
-9.4
-9.5
-9.5
-9.5
-9.6
-9.6
-9.6
-9.5
-9.5
-9.5
-9.4
-9.4
-9.4
-9.3
-9.3
-9.3
-9.3
-9.3
-9.3
-9.4
-9.4
-9.5
-9.5
-9.5
-9.4
-9.4
-9.4
-9.4
-9.3
-9.3
-9.3
-9.3
-9.3
-9.3
-9.3
-9.3
-9.2
-9.1
-9.0
-8.9
-8.8
-8.8
-8.8
-8.8
-8.8
-8.8
-8.8
-8.8
-8.9
-9.0
-9.0
-9.0
-9.0
-8.9
-8.9
-8.8
-8.7
-8.7
-8.6
-8.6
-8.6
-8.6
-8.6
-8.7
-8.7
-8.7
-8.6
-8.6
-8.6
-8.6
-8.5
-8.6
-8.6
-8.6
-8.6
-8.6
-8.7
-8.8
-8.8
-8.8
-8.8
-8.8
-8.8
-8.8
-8.7
-8.7
-8.6
-8.5
-8.4
-8.3
-8.2
-8.2
-8.2
-8.2
-8.2
-8.2
-8.3
-8.2
-8.2
-8.2
-8.2
-8.2
-8.2
-8.2
-8.2
-8.3
-8.3
-8.3
-8.3
-8.3
-8.3
-8.3
-8.2
-8.1
-8.0
-7.9
-7.9
-7.9
