-1.6
-2.2
-1.5
-2.8
-2.9
-0.1
-0.9
-0.7
-1.1
-2.2
-2.5
-2.5
-1.6
-0.5
0.0
-1.5
-1.9
-1.4
-1.7
-1.1
-1.7
-0.9
-1.0
-1.2
-2.1
-1.6
-2.5
-1.5
-0.4
-0.7
-1.3
-1.3
-1.4
-0.5
-0.7
0.0
-0.5
-0.2
-0.2
-0.3
-0.4
-1.4
-1.8
-2.0
-3.1
-2.4
-2.4
-2.8
-2.6
-2.6
-1.1
-1.9
-2.0
-2.5
-2.3
-3.0
-2.3
-2.5
-2.0
-2.6
-2.8
-2.6
-1.5
-2.7
-2.0
-1.9
-1.5
-1.7
-1.6
-1.4
-0.1
-0.6
-1.2
-1.6
-2.7
-2.2
-2.1
-2.3
-2.8
-3.6
-2.8
-1.6
-1.1
-1.8
-2.4
-2.4
-2.4
-1.4
-1.3
-1.3
-1.1
-0.5
-0.5
-0.2
-0.6
-1.4
-1.9
-2.1
-2.7
-2.4
-1.9
-1.2
-1.4
-0.4
-1.1
0.0
-0.2
-1.5
-1.3
-0.6
-1.0
-0.9
-0.8
-0.5
-0.1
-0.3
-1.0
-1.4
-1.9
-2.8
-2.4
-1.6
-1.1
-1.6
-2.8
-2.4
-1.7
-2.1
-3.0
-3.6
-2.9
-2.5
-2.5
-2.7
-2.6
-2.7
-1.7
-2.4
-2.1
-1.7
-1.5
-1.0
-1.5
-1.7
-1.7
-3.2
-2.2
-1.4
-1.9
-1.4
-1.5
-0.8
0.0
-1.4
-1.6
-1.8
-2.6
-2.0
-2.0
-2.7
-2.2
-2.1
-1.8
-2.0
-1.2
-3.0
-0.9
-2.9
-2.0
-1.0
-2.1
-1.8
-2.4
-2.2
-2.3
-3.9
-4.0
-3.3
-2.4
-3.1
-2.3
-1.4
-1.3
-2.3
-2.2
-2.4
-2.3
-3.4
-2.3
-2.0
-1.4
-2.4
-1.8
-1.1
-1.9
-2.0
-2.6
-2.5
-2.6
-3.2
-3.1
-3.2
-3.2
-4.1
-2.8
-2.4
-1.6
-2.2
-1.6
-0.8
-2.3
-2.9
-3.5
-2.9
-2.7
-2.3
-1.7
-0.7
-1.6
-1.2
-2.5
-2.4
-2.6
-3.5
-2.5
-2.0
-1.7
-1.1
-2.5
-3.0
-2.2
-1.7
-2.2
-3.2
-3.7
-3.4
-1.6
-1.2
-1.7
-1.8
-1.7
-1.0
-2.2
-2.3
-1.9
-1.6
-0.7
-0.7
-1.3
-1.0
-0.2
0.1
-0.4
-1.1
-2.6
-2.2
-1.4
0.0
-0.5
-0.6
-1.4
-1.3
-1.2
-0.6
-1.4
0.0
-1.7
-1.6
-2.8
-3.0
-4.0
-3.7
-2.9
-2.6
-2.0
-0.9
-1.8
-3.3
-3.6
-4.3
-4.8
-4.6
-4.0
-1.7
-2.3
-1.7
-3.6
-3.5
-4.8
-4.0
-2.4
-1.9
-1.2
-1.7
-2.8
-2.2
-2.5
-3.0
-2.0
-2.5
-1.6
-2.0
-2.2
-1.4
-0.9
-0.9
-1.7
-2.4
-4.5
-3.5
-3.4
-3.4
-1.7
-1.6
0.0
-0.2
-1.0
-0.7
-1.1
-2.5
-2.3
-2.4
-2.5
-2.5
-2.5
-1.6
-1.3
-1.3
-1.6
-1.4
-1.6
-2.2
-2.2
-2.1
-1.9
-1.4
-2.2
-2.5
-1.8
-2.4
-1.5
-2.8
-3.1
-2.7
-2.2
-1.8
-1.7
-1.4
-1.5
-2.5
-2.7
-2.7
-2.9
-3.0
-2.7
-1.6
-1.7
-1.7
-2.7
-2.5
-2.6
-3.9
-3.7
-2.7
-2.6
-1.9
-2.8
-2.1
-1.9
-1.5
-2.0
-1.2
-0.9
-1.5
-2.5
-2.7
-3.3
-3.4
-2.9
-1.9
-1.2
-2.0
-1.7
-2.8
-1.8
-1.2
-1.4
-1.6
-2.8
-2.7
-2.3
-2.3
-2.1
-2.4
-2.8
-2.2
-2.0
-1.7
-2.3
-2.2
-1.1
-1.0
-0.1
-1.1
-2.5
-3.5
-4.2
-3.5
-2.4
-1.7
-2.3
-2.0
-2.0
-2.1
-0.9
-1.7
-1.1
-1.7
-2.1
-1.6
-2.1
-2.1
-1.8
-2.4
-2.7
-1.9
-1.9
-0.9
-2.3
-1.2
-1.3
-0.8
-0.4
-1.2
-1.1
-1.3
-1.1
-0.8
-1.7
-1.2
-1.9
-1.9
-1.9
-2.1
-1.9
-2.4
-2.6
-1.7
-1.9
-1.7
-1.7
-1.9
-3.2
-2.7
-2.1
-2.5
-3.1
-3.4
-2.9
-1.5
-1.6
-1.3
-0.9
-2.5
-1.7
-2.4
-2.5
-1.8
-2.6
-2.0
-2.2
-1.8
-1.4
-1.0
-0.6
-0.4
-0.6
-1.0
-1.6
-2.9
-2.2
-2.7
-1.6
-1.3
-1.2
-1.3
-0.7
-0.9
-0.9
-1.4
-2.2
-2.3
-2.1
-2.1
-1.6
-1.5
-1.4
-1.8
-2.2
-1.7
-1.7
-1.3
-2.0
-2.0
-1.8
-2.0
-1.4
-1.2
-1.0
-1.6
-1.3
-1.6
-1.9
-2.2
-2.7
-2.3
-2.6
-2.2
-3.2
-2.9
-2.4
-1.6
-1.1
-1.0
-1.7
-1.6
-1.6
-0.8
-0.8
-0.1
-0.6
-0.5
-0.9
-1.8
-1.2
-0.6
-0.7
-1.6
-2.0
-1.6
-0.7
-0.9
-1.0
-1.5
-1.5
-2.1
-1.5
-1.7
-1.2
-0.8
-0.9
-1.4
-1.1
-1.5
-2.3
-1.8
-2.0
-1.1
-1.1
-0.4
-0.3
-0.9
-0.5
-1.0
-1.0
-1.4
-1.9
-1.7
-1.2
-0.5
-0.8
-1.1
-1.9
-2.3
-1.4
-1.8
-1.2
-1.1
-1.2
-1.0
-1.7
-1.9
-2.3
-2.2
-2.6
-1.5
-1.9
-1.9
-2.3
-3.0
-3.7
-3.9
-1.7
-2.6
-2.4
-3.3
-2.0
-1.1
-1.4
-2.0
-1.8
-2.1
-2.3
-2.2
-2.2
-2.9
-2.5
-1.0
-1.5
-1.7
-2.3
-2.0
-0.8
-0.6
-1.1
-1.5
-1.2
-0.6
0.1
-0.1
-0.2
-1.0
-0.7
-1.0
-1.4
-1.0
-0.2
-0.6
-1.5
-0.9
0.0
0.6
0.3
0.2
0.1
0.0
-0.6
-0.7
-0.1
-0.3
-0.9
-0.4
0.7
0.9
1.3
1.8
1.6
0.4
-0.4
-0.8
0.0
-0.8
-0.9
-0.5
0.2
0.6
0.8
-0.2
-0.7
-1.3
-2.0
-2.3
-0.9
0.0
-1.0
-2.1
-2.7
-1.1
-1.5
-1.9
-2.7
-3.7
-3.5
-2.6
-2.1
-1.8
-1.9
-1.6
-0.9
-0.6
-1.2
-1.5
-1.8
-2.2
-1.0
-1.3
-1.0
-1.2
-0.8
-1.4
-2.0
-3.3
-2.6
-1.9
-1.5
-1.0
-0.9
-1.5
-1.2
-1.9
-2.2
-1.5
-1.3
-0.9
-1.7
-2.5
-1.8
-1.1
-0.8
-2.2
-2.3
-1.2
-1.7
-2.1
-1.4
-1.7
-1.1
-1.3
-2.0
-1.8
-2.4
-2.4
-2.1
-1.7
-1.2
-2.2
-1.7
-0.8
-0.9
-0.8
-1.6
-2.3
-1.0
-1.1
-1.8
-2.1
-1.9
-1.9
-0.3
-0.7
-1.1
-0.7
-1.3
-0.8
-1.2
-0.8
-0.8
-1.2
-1.4
-1.9
-2.1
-1.7
-1.2
-1.6
-2.0
-2.0
-0.6
-0.7
-1.1
-1.2
-1.4
-1.8
-2.3
-1.6
-0.9
-1.3
-2.6
-2.2
-1.2
-0.3
-0.9
-1.2
-0.9
-1.4
-1.1
-1.7
-2.2
-2.2
-1.4
-1.0
-1.5
-1.0
-2.4
-2.3
-2.4
-1.3
-1.1
-1.5
-2.6
-2.5
-1.8
-1.1
-0.8
-0.9
-1.2
-1.9
-2.4
-2.0
-1.0
-1.0
-1.6
-1.3
-0.8
-1.2
-1.4
-1.2
-0.5
-0.8
-0.6
-1.1
-0.7
0.4
-0.6
0.0
-0.6
-2.0
-1.0
-0.4
-0.6
-0.6
-0.6
-1.0
0.2
-1.2
-1.0
-1.4
-2.1
-1.7
-1.5
-1.7
-0.6
-2.0
-1.3
-1.2
-1.6
-1.0
-1.7
-1.1
-0.9
-1.1
-0.9
-1.3
-1.2
-1.5
-1.2
-2.7
-1.8
-2.1
-1.4
-0.9
-1.8
-1.8
-1.3
-1.7
-1.2
-2.0
-2.4
-1.8
-1.8
-1.4
-2.1
-3.1
-1.5
-1.3
-1.6
-1.5
-1.9
-2.0
-2.4
-2.4
-1.7
-1.6
-3.1
-2.5
-1.8
-2.0
-1.5
-1.5
-2.3
-2.2
-1.8
-1.2
-1.0
-2.1
-2.7
-2.9
-2.5
-1.6
-1.5
-2.0
-2.6
-2.9
-2.4
-2.4
-1.9
-2.0
-2.0
-1.9
-2.0
-1.8
-2.4
-2.3
-2.6
-3.2
-3.2
-3.4
-2.8
-2.3
-2.3
-1.4
-1.3
-1.9
-2.2
-2.3
-1.6
-1.8
-1.7
-2.3
-2.5
-3.0
-1.7
-1.4
-1.4
-0.6
-0.3
-0.9
-1.9
-1.7
-1.5
-1.5
-1.8
-1.4
-0.8
-0.6
-0.8
-2.1
-1.3
-1.5
-1.6
-1.0
-1.5
-1.1
-1.6
-0.8
-1.1
-1.1
-1.6
-1.7
-0.9
0.6
0.7
-0.4
-0.3
-0.8
-2.0
-2.0
-2.5
-0.6
0.3
0.8
1.3
1.6
1.7
1.2
0.8
0.0
-0.2
-0.3
0.1
0.2
-0.4
-0.6
0.0
-0.8
-0.3
0.2
-0.1
-0.5
-0.1
-0.1
-0.7
-0.6
-1.2
0.3
-0.9
-1.1
-2.5
-1.9
-1.9
-2.3
-1.1
-0.7
-1.1
-1.1
-1.0
-1.3
-0.2
-1.7
-1.1
-1.6
-2.2
-1.9
-0.4
0.2
-0.3
-0.5
-0.5
0.4
0.2
-0.1
-1.2
-1.5
-0.9
0.2
-0.8
-0.5
-0.2
-0.1
-0.2
-1.4
-0.8
-0.4
-0.4
0.2
-0.6
0.3
-0.7
-0.8
-1.3
-1.2
-1.3
-0.2
0.1
0.6
-0.5
-0.6
0.0
0.0
0.0
-0.4
-1.2
0.2
0.0
0.1
0.7
1.2
1.3
1.1
1.3
1.1
1.6
0.9
-0.8
-0.8
-1.1
-1.1
-1.1
-0.7
-1.1
-1.3
-2.1
-2.0
-1.5
-0.7
-0.7
-1.5
-1.4
-2.0
-1.2
-1.4
-1.7
-1.3
-2.3
-1.3
-0.7
-1.2
-0.8
-1.0
-1.3
0.2
-0.9
-0.6
0.0
-1.0
-1.1
-1.7
-1.1
-1.4
-1.5
-1.5
-0.9
-0.7
-0.7
-0.7
-1.3
-1.4
-1.1
-0.5
-0.1
0.0
0.8
1.2
0.5
0.1
-0.4
-0.6
-2.3
-1.7
-1.0
-1.0
-0.3
0.0
0.4
0.5
-0.6
-1.3
-1.0
-1.3
-1.9
-0.9
-1.1
-0.7
-1.2
-2.3
-1.6
-1.9
-2.3
-2.5
-2.2
-1.0
-1.3
-2.5
-1.9
-1.9
-2.4
-2.8
-2.9
-2.4
-3.1
-2.3
-1.5
-0.1
-1.0
-1.1
-1.5
-1.6
-1.4
-2.8
-1.7
-1.7
-1.2
-0.5
0.0
1.0
1.4
0.0
0.4
-0.5
-1.1
-0.6
-1.1
-1.2
-0.8
-1.1
-0.6
-0.6
-1.3
-1.0
-1.1
-2.3
-1.8
-1.2
0.6
1.5
1.0
-0.1
-1.2
-1.9
-2.7
-2.7
-2.9
-2.7
-2.5
-2.4
-2.5
-2.2
-2.0
-0.6
-1.1
-1.4
-1.5
-1.8
-1.5
-2.1
-2.7
-2.4
-3.9
-3.2
-3.7
-4.1
-3.6
-3.3
-2.7
-3.7
-3.4
-3.3
-2.4
-1.6
-0.7
-0.5
-0.8
-1.1
0.1
-0.3
-0.8
-1.0
-1.4
-2.2
-3.0
-2.9
-3.5
-1.9
-2.7
-1.9
-2.2
-1.9
-1.8
-2.0
-2.5
-1.9
-1.3
-1.6
-1.5
-1.0
0.5
0.5
0.9
0.3
0.5
0.2
0.3
0.0
0.4
-0.1
-0.4
-0.1
-0.6
-0.2
-0.7
-0.4
-0.4
-1.1
-1.1
-2.9
-2.8
-1.3
-0.4
-0.5
-1.0
-1.1
-0.1
-0.5
-1.3
-1.3
-2.4
-2.1
-2.0
-2.3
-1.4
-0.9
-0.1
0.0
-0.4
-0.1
-0.1
0.0
-0.4
-0.8
-1.5
-2.2
-2.6
-2.2
-1.7
-0.3
-0.3
-0.3
-1.3
-1.7
-1.7
-1.5
-1.3
-0.4
-0.2
0.4
0.3
-0.5
-0.6
-2.2
-1.8
-1.3
-0.7
-0.6
-2.0
-2.6
-0.5
-0.2
-0.5
-1.2
-1.8
-1.3
-0.9
-0.1
-0.9
-0.3
-0.4
-0.2
0.8
0.1
0.0
-0.5
-0.8
-0.6
0.0
-0.4
-0.4
-0.8
-2.4
-1.6
-0.9
-0.2
-1.0
-1.9
-2.9
-0.6
-0.7
-0.2
-0.5
-0.4
-0.7
-1.6
-0.7
-1.0
-1.1
-1.1
-1.4
-1.6
-0.8
-1.8
-1.6
-1.4
-1.4
-0.8
-1.0
-1.8
-2.1
-1.4
-2.2
-1.3
-1.1
-1.7
-1.5
-1.0
-1.4
-1.3
-2.6
-2.5
-1.8
-2.6
-2.6
-2.9
-2.4
-1.1
-1.0
-0.7
-1.5
-2.1
-2.3
-2.2
-1.9
-2.3
-2.4
-1.9
-2.2
-2.2
-2.3
-1.9
-1.5
-1.4
-1.2
-1.2
-1.0
-1.4
-1.5
-0.6
-1.0
-1.5
-1.4
-1.9
-1.0
-1.2
-1.5
-1.2
-1.1
-1.5
-1.5
-1.2
-0.2
-0.4
0.0
-1.3
-1.4
-1.7
-1.9
-1.7
-1.2
-1.2
-2.4
-2.0
-3.0
-2.0
-0.8
-0.6
-0.3
-0.4
-0.7
-0.6
0.2
-0.4
-0.3
-0.6
-2.1
-3.0
-1.6
-1.0
0.2
-0.6
-0.5
-1.2
-1.1
-1.0
-0.6
-1.4
-1.1
-1.4
-0.2
0.3
0.0
0.8
0.2
-1.0
-0.5
-1.0
-0.9
-0.8
-0.7
-1.7
-0.2
-1.6
-1.6
-1.7
-2.2
-1.0
-1.1
-1.2
-1.6
-1.9
-2.0
-1.4
-1.6
-1.4
-1.1
-1.1
-1.4
-2.0
-2.4
-2.3
-2.2
-2.1
-1.6
-1.8
-1.8
-1.4
-0.8
-0.6
-1.0
-1.0
-1.7
-2.5
-1.6
-1.7
-0.8
-1.5
-0.3
-0.5
-0.9
-2.0
-2.2
-1.7
-0.9
-1.0
-2.1
-1.2
-1.3
-0.4
-0.9
-1.6
-1.0
-1.1
-1.3
-1.5
-1.4
-0.1
-1.1
-0.8
-0.9
-1.2
0.0
1.2
0.9
1.0
-0.3
-1.6
-0.3
0.1
0.7
0.9
0.7
-0.4
-0.1
1.0
0.3
1.0
0.3
0.2
-0.2
-0.6
-0.6
0.0
0.3
-0.7
-0.2
0.1
0.5
1.3
0.0
0.1
0.4
0.8
0.1
0.0
-1.1
-0.3
0.0
0.5
0.0
0.8
-0.4
-0.7
-1.5
-1.6
-0.6
-0.9
-1.1
-1.7
-1.2
-2.2
-1.5
-2.2
-1.6
-1.5
-0.7
-0.3
-0.4
-1.2
-1.5
-1.9
-1.9
-2.0
-1.5
-0.5
-0.5
0.0
0.0
0.0
-0.6
-1.0
-0.5
0.4
-0.4
-0.5
-1.8
-1.0
-0.5
-0.2
0.1
-0.5
-1.0
-1.7
-2.1
-2.7
-0.4
0.1
0.1
-0.6
-1.9
-1.4
-1.7
-1.0
-0.4
-0.2
0.1
0.2
-0.1
-0.5
0.6
1.7
1.4
0.9
-0.3
-0.5
-0.7
-0.1
-0.5
-0.6
-0.1
-0.6
-0.3
-0.8
-0.8
-1.1
-1.4
-1.0
-1.2
-1.3
-2.3
-2.0
-2.3
-2.2
-1.3
0.0
-1.9
-2.2
-2.3
-2.5
-1.5
-2.7
-1.8
-1.4
-2.0
-0.9
-1.3
-1.9
-3.0
-3.2
-2.9
-3.6
-2.8
-2.4
-1.6
-1.1
0.0
-0.1
0.9
0.0
-0.9
-1.1
-1.5
-1.4
-1.8
-1.7
-1.2
-1.7
-1.7
-1.3
-0.4
-1.7
-0.5
-1.1
-1.0
-0.4
-0.9
-0.7
-1.3
-1.2
-1.4
-2.4
-2.8
-1.3
0.1
0.6
-0.2
-0.7
0.3
-0.5
-0.3
-1.4
-1.4
-1.1
-0.5
-0.6
0.4
-0.3
-1.3
-1.3
-1.0
-1.2
-1.2
-0.3
-0.3
-0.2
-0.9
-0.7
0.1
-0.1
-0.9
-0.6
-0.2
-0.3
0.6
0.3
-0.7
-1.3
-1.5
-1.1
-0.8
-0.2
-0.5
-1.1
-1.5
-1.5
-1.1
-1.9
-2.2
-1.1
-0.2
-0.4
-0.1
-0.2
-0.1
0.5
0.1
-0.2
-1.4
-0.8
-1.1
-1.2
-1.5
-1.4
-0.6
-0.8
-0.7
-1.2
-2.3
-2.5
-2.2
-2.6
-1.9
-2.2
-1.5
-1.2
-1.0
-1.2
-1.7
-2.4
-2.8
-2.9
-2.8
-3.9
-3.5
-2.3
-2.1
-1.8
-2.0
-2.5
-1.7
-1.6
-1.9
-1.5
-2.3
-2.3
-2.2
-1.6
-2.3
-1.4
-2.0
-1.3
-1.3
-0.8
-1.0
-0.5
-1.5
-1.3
-1.2
-0.7
-1.1
-1.1
-2.1
-1.1
-1.3
-1.4
-2.0
-1.2
-1.7
-1.8
-2.3
-1.3
-1.0
-1.8
-0.6
-1.4
-0.5
0.2
-0.5
0.1
-0.7
-0.6
-0.4
-2.3
-2.5
-1.4
-0.4
0.2
0.5
1.1
0.4
-0.2
-1.9
-1.4
-1.8
-1.6
-0.6
-0.5
-0.2
0.0
-0.6
0.2
-0.4
0.1
-0.2
-0.3
-0.1
0.0
0.7
0.0
0.1
-1.5
-0.9
-1.8
-0.2
-0.3
-0.6
-0.4
-1.0
-1.2
-1.3
-2.0
-1.7
-1.1
-0.9
-0.5
0.1
-1.3
0.0
-1.3
-0.2
-0.1
-1.2
-0.8
-1.0
-1.1
-1.6
-1.9
-2.1
-1.5
-0.4
0.6
0.5
-0.1
-1.1
-0.1
0.2
-0.7
-1.5
-1.2
0.6
-0.5
0.8
0.8
1.1
0.7
0.6
1.0
1.6
1.0
1.1
0.7
0.2
-0.6
-0.9
-0.6
-0.3
-0.8
-0.7
-0.8
-0.9
-1.0
-1.7
-1.0
-0.4
0.2
0.3
0.1
-1.4
-1.9
-2.3
-2.7
-2.5
-1.7
-1.0
-1.4
-2.3
-2.5
-2.9
-2.6
-2.9
-2.6
-1.7
-1.6
-1.9
-2.5
-3.4
-2.2
-1.7
-0.8
-0.6
-1.7
-1.1
-0.9
-0.6
0.2
-1.0
-0.6
-1.5
-1.3
-1.9
-1.7
-1.2
-1.7
-2.7
-2.3
-2.3
-1.4
-0.9
-0.8
-0.8
-0.6
-0.7
-0.7
-0.8
-1.5
-1.4
-1.7
-1.1
-0.7
-1.2
-1.5
-1.3
-0.1
-0.1
-0.2
-1.5
-1.0
-1.4
-1.6
-1.8
-0.8
-1.3
-0.9
-1.0
-1.3
-1.8
-1.3
-1.0
0.2
-0.5
-2.1
-2.2
-1.1
-0.2
-1.1
-1.8
-0.3
-1.4
-1.1
-2.0
-1.6
0.6
-0.6
-1.0
-1.6
-2.3
-0.9
-1.1
-0.7
-1.5
-1.5
-0.8
-0.4
-0.5
-1.2
-0.9
-0.6
-0.9
-1.3
-0.1
-0.3
-0.2
-0.2
-1.0
0.0
-0.7
-1.2
-0.4
-1.2
-0.4
-0.8
0.1
-0.2
-0.8
-0.7
-1.2
-0.7
-0.8
-0.2
-0.3
-0.3
-1.5
-0.2
-0.7
0.0
-0.1
-0.8
-0.8
-1.4
-2.4
-1.6
-2.3
-2.2
-1.5
-0.6
0.1
0.2
0.7
0.4
-0.4
-1.0
-2.3
-1.9
-2.6
-2.0
-2.1
-1.6
-0.6
-0.5
-0.4
-0.8
-0.6
-1.1
-1.8
-2.0
-0.9
-1.9
-1.4
-0.4
-0.2
0.6
0.6
0.3
-0.1
-0.8
-1.5
-2.2
-2.2
-2.8
-1.3
-0.5
-0.8
-1.6
-0.8
-1.2
-0.9
-1.4
-1.6
-1.4
-2.0
-0.7
0.2
0.7
0.3
-0.2
-0.9
-1.0
-0.4
0.6
0.1
-0.1
-0.1
-0.2
0.1
-0.5
-0.4
-0.4
-1.1
-0.3
0.0
0.1
-0.6
-0.6
-0.3
0.0
-0.7
0.4
-0.5
-0.2
0.0
1.0
0.9
-0.2
-0.8
-1.9
-1.1
-1.8
-2.0
-2.1
-2.3
-1.6
-2.2
-2.2
-2.6
-2.1
-2.9
-2.4
-2.5
-1.9
-1.2
-1.0
-0.8
-1.3
-0.7
-1.2
-1.3
-2.1
-1.8
-1.1
-1.7
-1.5
-1.0
-0.8
-0.4
-0.6
-1.2
-0.9
-2.5
-1.5
-2.8
-1.7
-0.7
-0.5
0.2
-1.4
-0.8
-1.7
-0.9
-0.7
-1.0
-1.2
-1.8
-1.5
-1.3
0.0
-0.9
-1.4
-2.1
-1.5
-0.5
0.1
0.0
-0.5
-0.7
-0.9
-1.0
-1.2
-1.6
-1.5
0.3
0.2
0.2
-0.8
-0.3
0.1
-0.2
-0.5
-0.3
-1.1
-1.2
-1.5
-0.6
-0.7
-1.2
-1.4
-0.7
-1.7
-0.8
-0.9
-1.2
-1.1
-3.0
-2.8
-1.1
-1.1
-0.6
-0.8
-1.9
-1.8
-1.5
-1.1
-0.3
-0.6
-1.6
-1.3
-1.7
-0.7
-0.3
-0.7
-1.3
-1.4
-0.9
-1.0
-0.6
-0.9
-1.0
-1.2
-2.8
-1.9
-1.3
-1.6
-0.7
-1.1
-1.2
-0.1
-0.6
-1.0
-1.2
-1.1
-0.7
-1.2
-2.3
-2.0
-1.7
-1.9
-1.1
-1.2
-1.1
-1.5
-2.0
-2.0
-1.9
-2.4
-1.6
-1.9
-2.7
-2.5
-1.0
-0.6
-0.2
-0.5
-0.6
-1.3
-1.5
-1.8
-2.2
-2.5
-3.0
-2.9
-1.6
-2.5
-1.2
-1.9
-0.8
-0.6
-1.7
-2.5
-3.7
-2.6
-1.2
-0.7
-0.7
-2.0
-1.1
-1.9
-2.0
-2.7
-3.3
-2.6
-2.8
-1.7
-0.2
-1.8
-0.9
-1.2
-0.1
0.0
-1.2
-1.8
-1.9
-2.3
-2.0
-2.0
-1.5
-1.1
0.2
0.1
0.3
-0.4
-1.0
0.1
-0.1
-1.2
-1.2
-1.7
-1.4
-0.3
-1.0
-0.6
-0.4
-0.5
-0.8
-0.1
-0.4
-0.3
-0.4
-1.2
-1.7
-1.7
-2.1
-1.6
-2.0
-2.1
-1.3
-2.1
-2.8
-3.3
-3.5
-2.6
-2.5
-1.6
-1.6
-2.3
-2.5
-2.4
-1.5
-2.2
-2.5
-2.2
-1.6
-1.3
-1.4
-2.0
-1.1
-2.0
-1.7
-2.4
-2.6
-2.0
-1.5
-1.8
-1.9
-0.8
-0.2
-0.5
-0.6
-1.0
-1.3
-1.4
-1.1
-0.8
-1.2
-0.8
-1.2
-0.5
-1.1
-1.4
-1.2
-0.8
-0.1
-0.7
-1.6
-2.2
-2.2
-1.1
-1.0
-1.5
-1.5
-1.7
-2.2
-2.1
-2.4
-1.2
-1.4
-2.1
-1.9
-1.7
-1.4
-1.7
-2.1
-1.2
-2.0
-2.1
-1.9
-2.5
-1.7
-2.7
-1.5
-2.6
-1.8
-2.5
-2.9
-2.6
-2.9
-1.3
-1.9
-1.8
-1.3
-2.1
-3.2
-2.3
-2.0
-0.8
-1.9
-3.2
-2.1
-1.9
-2.8
-2.1
-2.6
-2.1
-2.2
-3.0
-2.9
-2.6
-1.7
-1.9
-2.0
-2.0
-3.0
-2.9
-2.0
-2.5
-1.9
-2.3
-3.0
-1.7
-1.5
-2.0
-2.8
-3.6
-2.8
-3.1
-3.0
-1.8
-2.0
-1.5
-2.4
-1.9
-1.6
-1.2
-2.2
-1.3
-1.0
-2.0
-1.6
-2.7
-3.4
-3.6
-4.3
-2.0
-1.1
-0.5
-0.5
-1.5
-1.1
-1.5
-1.0
-2.2
-2.7
-2.4
-1.3
-1.1
-2.1
-1.7
-1.5
-1.6
-2.2
-2.5
-1.8
-0.2
-1.0
-1.4
-1.6
-1.0
-0.4
-0.6
0.0
-0.4
-0.6
-0.5
-1.5
-1.1
-1.3
-1.1
-1.1
-1.8
-0.7
0.2
0.1
0.0
-0.4
-0.6
-0.3
-1.4
-1.5
-1.4
-1.0
-1.2
-0.7
-0.8
-1.1
-1.8
-2.1
-2.2
-2.4
-2.3
-2.6
-1.5
0.1
-0.2
0.3
0.6
1.3
-1.0
-0.3
-0.6
0.3
1.0
1.2
1.9
1.8
0.8
0.2
0.0
0.1
0.6
-0.3
-0.2
-1.2
-0.2
0.9
1.5
1.3
1.0
1.2
0.3
2.4
2.1
0.3
-0.3
-0.3
-0.9
-1.1
-1.5
-0.9
-0.3
-1.6
-0.8
0.4
0.1
-0.8
-1.1
-2.2
-1.7
-2.2
-1.7
-0.6
-0.5
-0.1
0.8
-0.3
-0.4
0.0
-1.3
-1.0
-0.9
-2.2
-0.5
0.3
0.5
0.7
0.4
-0.3
-0.6
-1.9
-1.7
-2.7
-2.7
-2.5
-1.9
-1.0
-1.8
-1.3
-1.3
-0.9
-1.6
-1.8
-2.0
-1.5
-1.1
-1.4
-1.9
-1.7
-1.6
-2.0
-1.7
-2.0
-1.0
-1.6
-1.3
-0.7
-0.4
-0.7
-1.8
-1.7
-1.9
-2.5
-2.6
-1.3
-0.3
0.3
-0.1
0.2
-0.3
-0.5
-1.6
-1.8
-1.5
-2.2
-1.7
-0.6
0.4
-0.1
-1.2
-1.2
-1.4
-1.2
-1.1
-1.2
0.0
-0.8
0.3
0.6
1.2
1.1
0.6
1.0
0.2
-0.7
-1.3
-2.1
-2.5
-2.0
-2.2
-1.8
-1.7
-1.0
-0.2
-0.1
-1.4
-1.2
-1.1
0.4
0.2
0.9
0.1
0.7
0.3
0.3
0.1
1.0
0.8
-0.1
-1.1
-2.5
-2.9
-3.6
-3.6
-2.2
-0.9
0.0
0.0
-1.2
-0.2
-0.4
0.7
0.0
-0.2
0.1
0.8
1.0
1.5
1.7
1.7
2.2
1.6
0.4
0.0
-0.3
-1.0
0.2
-0.7
0.1
0.0
-0.1
-0.5
-1.2
-1.6
-1.5
0.1
-0.3
-0.1
-0.5
-0.4
-0.6
-0.2
0.1
0.0
0.9
0.3
1.6
1.5
1.5
0.8
1.0
-0.5
0.3
0.4
-0.2
-0.2
-0.3
-0.4
-0.2
0.1
0.3
0.5
0.5
1.6
0.7
0.4
-0.6
-1.0
-0.5
-0.9
-1.9
-0.9
-1.7
-1.7
-0.9
-1.5
-1.5
-2.0
-2.1
-2.0
-1.2
-0.7
-0.7
-0.4
-0.8
-0.5
-0.8
-1.0
-1.4
-1.9
-1.2
-1.2
-1.1
-1.4
-2.0
-1.3
-1.4
-2.0
-2.1
-2.6
-1.3
-1.9
-1.2
-0.6
-0.6
-0.3
0.6
0.6
0.4
1.0
1.1
0.1
-0.4
-0.1
-0.3
0.2
-0.8
-1.4
-2.2
-2.2
-2.0
-1.8
-1.0
-1.3
-1.5
0.4
-0.8
0.0
-0.5
-0.4
0.2
0.5
1.6
1.3
1.0
1.2
1.2
0.9
0.9
-0.6
0.3
0.0
-0.7
-1.5
-2.1
-2.7
-2.2
-0.3
0.6
0.0
-0.2
-1.4
-1.3
-0.8
-1.5
-0.4
0.8
0.1
-0.1
-0.3
0.4
0.7
1.1
0.7
0.7
1.4
0.5
-0.9
0.0
0.6
1.2
1.6
1.3
0.2
0.8
-0.2
-0.9
-1.1
-2.4
-3.5
-2.5
-2.2
-2.1
-0.2
-0.8
-0.2
0.4
-0.5
-0.7
-1.0
-2.7
-1.4
0.3
-0.1
0.1
-0.4
0.0
0.9
1.0
-0.9
-1.7
-1.8
-1.3
0.2
-1.6
-2.1
-2.4
-1.4
-1.0
-0.5
-1.2
-1.0
-0.5
0.3
-0.4
-0.5
-1.0
-1.6
0.0
-0.9
0.2
-0.3
-0.7
-0.4
-1.4
-1.6
-2.1
-2.2
-2.0
-2.8
-3.5
-3.1
-1.8
-2.7
-3.1
-1.9
-1.4
0.0
0.0
-1.4
0.1
0.2
0.7
-0.1
-1.4
-2.2
-1.2
0.6
0.1
0.7
0.4
0.9
-0.3
-1.4
-2.1
-3.0
-2.5
-2.8
-2.3
-1.5
-1.7
-1.8
-1.6
-0.9
-1.1
-0.8
-0.6
-0.3
0.0
0.0
0.5
0.0
0.0
0.0
-0.1
-0.7
-0.6
-1.2
-1.9
-2.5
-0.7
-0.5
-0.6
-1.2
-1.7
-1.5
-0.8
-1.1
-0.6
-1.3
-1.9
-2.5
-1.7
-1.7
-2.0
-1.2
-2.0
-1.3
-1.0
-0.2
0.0
-0.4
-1.1
-0.5
-0.3
0.0
-1.0
-1.5
-1.3
-2.3
-2.3
-1.5
-1.2
-1.3
-1.6
-1.8
-2.1
-2.9
-3.6
-3.0
-2.3
-2.3
-1.9
-1.1
-1.2
-0.7
-0.6
-0.1
-0.2
-1.2
-1.1
-0.5
-1.2
-2.0
-3.0
-3.5
-3.5
-2.3
-2.1
-1.4
-1.5
-1.2
-1.1
-0.6
-1.6
-1.4
-2.0
-1.9
-2.3
-2.0
-2.1
-0.9
-1.4
-1.4
-1.3
-1.2
-1.5
-1.9
-0.9
-2.1
-1.8
-2.0
-2.8
-2.3
-2.2
-2.5
-1.9
-1.7
-2.4
-1.8
-1.8
-1.4
-0.5
-1.1
-1.9
-1.9
-0.3
-0.6
0.0
-1.7
-2.8
-2.1
-1.6
-2.5
-2.5
-1.0
-0.2
0.0
-1.3
-0.5
0.0
0.0
-1.4
-1.4
-1.9
-1.8
-1.3
-0.9
-1.7
-0.8
-1.2
-0.8
-0.6
0.0
0.5
0.1
0.0
0.2
0.9
0.5
1.1
0.9
-0.1
-0.7
-1.7
-1.5
-0.5
0.4
1.9
1.3
2.0
1.3
1.3
1.1
0.7
0.2
-0.3
-1.2
-0.9
-0.1
-0.8
-0.6
-1.1
-1.3
-1.4
-1.2
-0.5
-0.7
0.0
-0.5
-0.3
-1.5
-2.6
-1.2
-1.2
-1.4
-1.0
-1.1
-1.3
-1.8
-1.5
-1.2
-0.9
-0.9
-0.4
-0.8
-0.7
-0.2
0.0
-0.4
-0.7
-0.4
-0.3
-0.2
-0.5
-1.0
-0.4
-1.0
-0.4
-1.1
-0.4
-0.5
-1.7
-2.0
-1.0
-1.1
-1.2
-0.8
-0.8
0.0
-0.5
-1.9
-1.6
-1.2
-0.9
-0.4
-0.8
0.3
-0.1
-0.5
-1.5
-1.7
-2.0
-1.8
-2.0
-1.3
-1.0
-1.6
-2.7
-1.7
-1.8
-2.2
-0.9
-1.6
-1.5
-1.1
-2.2
-1.6
-1.7
-1.4
-2.0
-1.7
-1.4
-1.7
-0.8
-0.6
-0.8
-1.7
-1.9
-2.0
-1.5
-1.4
-2.1
-2.4
-1.6
-2.1
-2.2
-2.0
-1.7
-1.5
-1.3
-1.8
-1.2
-1.3
-2.0
-1.7
-1.6
-1.2
-0.9
-1.3
-0.4
-1.1
-1.3
-1.7
-1.5
-1.5
-2.8
-2.1
-1.8
-2.3
-2.3
-2.0
-1.8
-1.9
-2.0
-2.3
-1.5
-1.3
-1.6
-2.2
-2.0
-1.2
-1.5
-3.0
-3.0
-2.1
-1.8
-1.4
-2.5
-2.5
-3.3
-3.5
-3.1
-1.8
-1.7
-2.5
-2.1
-1.8
-2.4
-1.0
-1.7
-0.6
-1.2
-1.7
-2.9
-1.9
-1.8
-0.4
-0.8
-0.7
-1.0
-0.8
-2.1
-2.3
-3.3
-2.8
-1.6
-1.9
-1.5
-1.6
-0.7
0.0
-0.2
-0.6
-0.4
-1.4
-1.7
-1.2
-1.0
-0.7
-1.2
-3.2
-3.2
-2.9
-2.7
-2.5
-1.9
-2.2
-0.9
-0.2
-0.4
-1.5
-1.4
-1.8
-1.3
-1.9
-2.0
-1.4
-1.3
-1.0
-1.3
-1.2
-1.4
-1.1
-1.4
-1.8
-1.9
-1.7
-1.7
-2.3
-1.6
-1.2
-1.3
-0.9
-1.0
-0.5
-0.4
-0.7
-2.1
-2.1
-3.0
-1.7
-2.1
-2.0
-2.2
-2.3
-2.3
-2.3
-2.6
-3.2
-3.1
-2.1
-1.7
-0.8
-0.8
-1.4
-1.5
-1.7
-1.7
-1.9
-2.8
-3.5
-4.2
-3.0
-2.7
-1.3
-1.3
-1.7
-2.3
-1.8
-0.6
-1.1
-0.4
-1.7
-1.3
-0.3
-1.7
-2.6
-2.4
-2.3
-2.0
-1.9
-2.3
-2.6
-1.4
-1.9
-0.9
-0.7
-0.5
-1.4
-1.8
-2.2
-2.0
-1.7
-2.2
-1.9
-1.3
-0.4
-1.4
-1.8
-1.7
-1.0
-0.9
-1.4
-2.3
-1.9
-1.9
-0.9
-0.9
-1.5
-2.3
-1.2
-1.1
-1.3
-1.3
-1.4
-1.4
-1.8
-0.3
-0.7
0.0
-0.8
-1.0
-0.7
-1.2
-1.1
-1.7
-1.5
-0.5
-0.5
0.8
0.2
0.4
-0.2
-0.8
-1.3
-0.4
0.1
-0.6
-0.5
-0.6
-0.7
-0.4
-0.8
-1.3
-0.9
-1.3
-0.7
-0.7
-0.8
-2.5
-2.5
-2.4
-2.3
-1.9
-1.9
-0.6
-1.0
-2.2
-3.2
-2.9
-1.6
-2.0
-3.4
-3.7
-3.8
-2.1
-1.5
-1.4
-1.0
-1.4
-1.8
-1.9
-1.3
-1.0
-1.4
-1.3
-1.6
-1.6
-1.1
-2.5
-2.5
-1.9
-2.1
-2.0
-2.6
-3.1
-2.6
-2.1
-1.8
-2.2
-2.7
-2.8
-1.8
-0.6
-1.4
-1.5
-3.0
-3.0
-3.0
-3.2
-2.1
-3.3
-2.0
-2.7
-2.6
-2.9
-3.0
-2.4
-2.3
-2.8
-2.8
-2.1
-2.2
-2.5
-3.2
-1.8
-1.8
-1.3
-2.4
-2.4
-2.1
-2.0
-1.8
-2.2
-1.7
-1.8
-1.6
-1.9
-1.6
-2.3
-2.9
-2.6
-1.2
-1.3
-1.2
-0.8
-1.8
-0.6
-1.6
-0.9
-0.8
-1.8
-2.1
-1.2
-1.2
-2.6
-2.2
-2.6
-2.0
-2.0
-2.5
-3.7
-3.2
-2.3
-2.7
-2.5
-3.4
-2.9
-2.2
-2.4
-3.2
-2.4
-2.5
-2.1
-2.0
-2.5
-1.9
-1.5
-1.6
-1.5
-1.4
-2.1
-1.6
-2.1
-1.1
-1.5
-2.1
-2.6
-1.9
-2.2
-1.5
-1.8
-1.6
-1.9
-2.4
-2.1
-1.0
-1.1
-1.5
-2.5
-2.9
-1.7
-0.9
-1.2
-2.2
-2.5
-2.4
-1.9
-1.8
-2.0
-1.2
-1.1
-1.3
-2.7
-2.9
-2.5
-2.3
-1.3
-1.7
-2.4
-2.3
-2.8
-2.4
-2.1
-2.3
-2.2
-3.0
-2.9
-3.0
-1.8
-2.2
-2.4
-1.4
-1.5
-1.0
-1.6
-1.4
-1.5
-1.1
-2.3
-2.5
-2.8
-3.4
-3.9
-1.5
-2.4
-1.3
-1.7
-1.9
-1.6
-2.2
-1.7
-2.1
-1.9
-1.6
-2.3
-1.7
-2.7
-1.1
-0.9
-0.6
-0.5
-1.8
-2.0
-2.8
-1.6
-1.6
-0.9
-1.3
-1.4
-0.2
-0.6
-0.6
-1.0
-1.3
-2.1
-1.1
-1.2
-0.1
-0.2
-1.2
-2.4
-1.7
-1.6
-1.0
-1.1
-2.2
-1.9
-1.0
-1.6
-0.8
-1.5
-1.5
-0.2
-0.7
-1.1
-2.0
-2.7
-1.7
-1.4
-1.6
-1.1
-1.0
0.0
-0.9
-1.1
-0.7
0.3
-0.4
-0.8
-1.5
-2.0
-2.5
-2.9
-3.0
-2.3
-2.6
-3.1
-4.0
-3.9
-3.3
-3.0
-2.4
-2.4
-2.2
-3.1
-2.5
-2.9
-1.4
-2.1
-2.9
-2.5
-3.6
-2.4
-1.5
-2.4
-1.6
-2.3
-2.0
-2.2
-2.7
-2.1
-2.1
-2.4
-1.7
-2.4
-2.1
-2.5
-1.8
-1.8
-2.5
-2.5
-1.6
-1.2
-1.4
-2.7
-2.3
-1.5
-1.8
-0.8
-1.5
-2.6
-2.9
-2.2
-1.8
-2.5
-2.5
-2.9
-3.3
-3.7
-3.3
-3.0
-3.2
-3.3
-4.1
-3.0
-3.3
-3.9
-4.2
-3.1
-2.6
-2.3
-3.0
-3.0
-3.2
-2.8
-3.3
-3.3
-2.8
-3.9
-3.5
-3.1
-2.2
-1.9
-2.3
-2.3
-2.7
-2.0
-1.8
-3.1
-3.0
-2.9
-2.4
-2.7
-2.8
-3.4
-2.9
-2.3
-3.4
-2.1
-2.4
-2.5
-1.9
-2.7
-2.9
-1.0
-2.4
-1.7
-1.8
-3.2
-2.8
-2.4
-2.9
-2.2
-2.9
-2.0
-2.2
-2.3
-2.2
-2.0
-2.4
-1.7
-2.5
-1.3
-2.2
-1.7
-0.4
-0.7
-2.4
-3.3
-3.3
-1.7
-1.7
-2.2
-1.7
-1.3
-1.9
-2.2
-1.9
-2.5
-2.4
-2.7
-2.3
-1.8
-2.3
-1.3
-1.7
-1.5
-2.6
-2.8
-2.7
-1.9
-3.5
-3.4
-3.4
-3.0
-2.5
-2.8
-4.8
-3.2
-3.1
-2.4
-2.1
-2.2
-2.2
-2.4
-2.0
-3.4
-2.4
-2.1
-1.6
-1.7
-1.9
-1.4
-1.7
-2.0
-1.0
0.1
-2.1
-2.3
-3.3
-2.9
-2.7
-3.5
-2.2
-1.8
-1.9
-2.1
-0.5
-1.1
-0.6
-1.4
-2.6
-1.5
-2.5
-3.0
-3.4
-2.0
-0.7
-0.6
-1.2
-2.2
-1.9
-1.3
-1.7
-1.2
-1.7
-1.7
-2.1
-2.1
-1.5
-1.3
-2.5
-3.6
-3.0
-3.5
-3.2
-2.8
-2.2
-2.2
-2.9
-2.3
-1.2
-1.7
-2.3
-3.0
-2.6
-1.6
-1.1
-1.1
-2.3
-2.9
-1.6
-2.0
-2.0
-2.3
-1.9
-1.5
-1.3
-1.7
-1.1
-1.4
-0.9
-1.1
-1.4
-1.3
-1.7
-1.9
-1.9
-1.1
-0.8
-0.3
-1.5
-2.2
-2.8
-3.1
-3.0
-2.6
-1.4
-1.8
-0.9
-1.3
-1.3
-1.4
-2.1
-2.6
-1.7
-2.7
-3.4
-1.9
-1.7
-1.1
-1.2
-1.2
-1.4
-1.4
-2.5
-1.9
-1.1
-2.0
-2.8
-1.6
-1.2
-0.6
-1.6
-1.7
-1.6
-1.7
-1.3
-2.7
-2.1
-2.5
-2.0
-2.5
-2.0
-3.2
-2.0
-1.0
-0.6
0.0
-2.0
-2.9
-1.9
-2.3
-1.4
-2.4
-2.2
-1.6
-1.5
-2.0
-0.9
-1.2
-1.1
-0.4
0.0
-0.8
-0.9
-2.0
-1.0
0.0
0.0
-0.4
-1.0
-1.0
-2.1
-1.3
-0.6
-0.7
-0.6
-0.9
-0.8
-1.9
-2.8
-2.6
-2.0
-2.2
-2.4
-2.2
-3.0
-3.2
-3.2
-1.5
-1.5
-2.1
-2.2
-2.5
-2.2
-1.9
-1.8
-1.2
-1.8
-2.2
-2.0
-2.0
-1.3
-1.2
-1.6
-2.2
-1.6
-2.0
-0.8
-0.9
-0.4
0.5
-1.5
-2.9
-3.1
-2.1
-2.5
-1.9
-1.6
-1.3
-1.5
-1.6
-2.2
-1.4
-2.2
-1.8
-1.5
-0.5
-1.5
-1.1
-1.4
-0.6
-0.9
-2.1
-2.7
-2.2
-1.2
-0.9
-1.2
-1.8
-1.6
-1.4
-0.8
-1.7
-2.5
-2.2
-2.1
-2.2
-1.4
-1.7
-1.2
-1.9
-2.5
-1.2
-1.3
-1.7
-1.4
-1.6
-1.7
-2.8
-2.1
-0.9
-0.6
-1.3
-1.2
-1.8
-1.1
-1.7
-1.3
-1.2
-1.9
-2.2
-2.0
-1.2
-1.7
-1.5
-2.1
-2.3
-1.2
-1.7
-1.8
-1.0
-1.6
-2.1
-1.5
-1.1
-0.7
-2.2
-1.5
-1.3
-0.8
0.0
-1.1
-0.9
-0.9
-2.4
-1.5
-1.2
-1.8
-1.9
-1.2
-1.4
-1.2
-0.5
-1.5
-0.8
-0.4
-1.1
-1.3
-1.9
-2.5
-1.9
-2.0
-2.0
-1.6
-2.0
-1.3
-2.1
-1.4
-2.0
-1.8
-1.4
-2.4
-1.7
-2.6
-2.2
-2.5
-2.1
-1.1
-1.1
-2.0
-1.8
-2.6
-2.5
-2.2
-1.7
-0.6
-1.7
-1.8
-1.7
-1.2
-2.0
-2.1
-1.4
-1.1
-1.0
-1.1
-0.6
-0.9
-0.1
-0.6
0.0
-1.0
-0.7
-0.2
0.3
-1.0
-1.9
-1.7
-0.9
-1.0
-1.7
-2.7
-2.4
-1.7
-1.3
-0.8
-0.9
-0.7
-0.6
-1.3
-1.7
-0.5
-2.4
-2.0
-1.0
0.2
-0.2
-0.9
-1.9
-1.7
-0.8
-1.9
-1.0
-0.6
0.0
0.1
0.3
0.5
0.0
-0.4
0.0
-0.7
-0.6
-1.5
-1.9
-2.0
-1.7
-1.5
-1.2
-0.4
-0.4
0.0
0.3
0.0
0.0
-0.3
-1.1
-0.7
0.4
0.7
1.2
0.5
1.0
0.9
0.0
0.0
-0.7
-0.9
-0.9
-0.5
-0.2
0.3
0.2
0.1
0.5
-0.1
-0.1
-1.0
0.0
-0.6
-0.9
-0.7
0.5
1.2
0.9
-0.1
-1.3
-0.7
-0.6
-0.8
0.4
-0.1
0.2
0.0
0.0
0.9
1.3
0.9
0.1
0.0
0.4
-0.1
0.1
-0.1
0.6
0.5
-0.3
-0.3
-0.5
-0.3
0.3
0.5
1.1
1.7
1.6
0.8
2.0
0.6
1.2
0.1
-0.4
-0.4
-0.1
0.0
0.9
0.0
0.5
0.0
1.1
1.9
1.4
0.4
-0.6
-1.7
-1.2
-1.4
-0.5
-0.3
1.5
0.6
1.4
0.0
-0.7
-1.3
-0.9
-0.2
0.0
-0.4
0.7
0.3
0.8
0.0
-0.4
-0.7
-0.5
-0.5
-1.4
-1.1
-0.1
0.3
0.1
-0.8
-1.0
0.0
0.4
0.6
0.5
0.0
-0.1
0.7
0.5
-0.4
-0.4
-0.1
1.1
0.2
1.5
2.2
2.7
1.3
1.1
-0.2
0.6
1.1
0.6
1.0
0.2
0.5
0.6
0.4
0.9
0.1
-0.5
0.3
-0.4
0.3
-0.3
-0.8
0.0
-0.8
-1.6
-1.8
-1.4
-2.1
-1.7
-1.7
-1.1
-0.3
-1.5
-0.8
-1.5
-1.5
-1.8
-2.6
-2.6
-2.5
-1.1
-1.4
-3.0
-3.0
-2.4
-2.9
-1.9
-1.6
-0.8
1.5
0.4
0.9
-0.5
-1.6
-1.2
-1.1
-1.6
-3.1
-3.1
-0.9
-0.1
0.7
1.0
0.6
0.2
1.0
0.9
1.0
-0.1
-0.1
0.8
0.6
0.3
0.8
1.0
2.0
1.9
1.6
0.6
1.1
0.0
0.8
0.4
0.2
0.9
0.3
1.4
1.3
1.2
1.9
1.9
1.4
1.1
0.6
0.4
2.6
1.5
1.2
0.3
0.0
0.5
1.6
-0.1
-0.1
0.2
1.4
2.9
2.6
1.1
1.0
1.1
1.1
1.1
1.2
1.1
0.0
1.0
1.0
0.8
0.8
0.9
1.0
0.4
0.1
0.0
-0.3
0.5
0.9
0.0
0.4
1.5
2.6
1.7
0.9
-0.6
0.0
-1.5
-3.0
-2.5
-1.7
-0.4
0.8
1.4
1.5
1.2
0.4
-0.2
-0.6
0.0
-0.2
-0.3
0.2
0.1
1.2
1.4
1.6
2.0
2.2
0.9
1.1
1.2
-0.1
0.9
0.0
-0.1
-0.9
0.8
1.8
1.4
-0.4
0.4
0.6
0.6
-0.8
-0.4
0.2
0.1
1.4
1.7
0.4
0.7
0.3
0.7
0.6
1.1
0.3
0.7
-0.7
0.4
1.2
1.1
0.0
-0.2
-1.6
-0.9
-0.4
0.4
1.7
1.8
1.5
0.9
0.9
0.7
0.0
-0.2
-0.9
-0.3
0.0
0.1
0.2
-0.6
0.0
0.4
0.6
0.4
-0.1
0.7
1.7
1.0
0.2
-0.7
0.1
0.5
0.7
0.6
1.7
0.9
0.0
0.2
0.1
-0.2
0.6
0.3
1.0
0.8
0.3
0.7
-0.3
-0.2
0.1
1.6
0.1
0.9
1.4
1.0
0.0
-0.4
-0.2
-0.2
0.0
0.1
0.5
0.1
-0.6
-0.3
0.0
-0.3
0.4
0.1
0.2
-0.4
-0.6
-0.7
-1.5
-0.4
-0.2
0.1
0.2
-0.4
-0.6
-1.0
-1.2
-0.9
-1.3
-1.3
-1.3
-1.3
-2.2
-1.2
-0.7
0.2
-0.5
-0.7
-0.9
-0.6
-1.0
0.1
0.2
-0.2
-0.6
-1.0
-1.4
-0.1
0.0
0.1
0.1
-0.5
0.2
0.2
-0.5
-0.8
0.4
0.9
1.5
1.1
0.6
1.0
1.0
0.3
0.5
0.2
1.1
1.4
0.4
-0.1
-0.2
0.3
1.1
2.2
2.5
1.9
0.7
0.8
1.1
0.5
-0.2
0.7
1.2
1.7
1.0
1.0
1.8
2.0
1.9
1.7
1.8
1.5
1.7
2.1
0.5
-0.6
0.2
-0.3
1.7
1.9
0.8
1.2
1.0
0.6
-0.1
0.5
-0.1
0.6
0.1
-1.3
-1.1
-0.5
-0.5
0.0
0.1
-0.7
-0.8
-1.2
-1.5
-0.7
-0.6
0.6
0.5
0.1
-1.2
-1.9
-0.7
0.5
-0.1
-0.8
-0.8
0.2
1.1
2.0
1.4
0.7
1.0
0.5
-0.2
0.4
0.8
1.2
0.6
1.2
0.0
0.0
0.0
0.0
0.8
1.2
0.6
1.0
0.8
0.3
0.0
0.3
-0.5
0.6
0.8
0.7
0.0
-0.3
-0.2
-0.9
-0.4
-1.0
-0.9
0.1
0.3
0.8
0.4
-0.3
-0.8
-1.0
-1.3
-0.6
-0.1
-0.1
-0.7
-0.6
0.1
-0.1
-0.7
-1.1
-0.9
1.5
1.4
1.5
0.0
-0.5
0.7
0.5
0.5
0.1
0.2
0.5
0.2
-0.6
0.3
0.7
0.4
0.5
-0.1
0.8
0.7
-0.1
0.1
0.2
0.7
0.6
0.7
0.7
0.5
0.6
0.7
0.7
0.1
0.8
0.4
0.4
-0.5
-1.4
-1.3
-1.6
-1.8
-2.2
-1.7
-2.0
-1.0
-0.5
-0.8
-1.2
-1.7
0.3
0.3
0.0
-1.9
-0.9
-0.5
0.1
-0.3
-0.9
-0.4
-0.6
-1.1
-0.9
-1.1
-1.1
-0.5
-1.1
-0.5
0.3
0.2
0.1
0.2
0.6
0.5
-0.1
-1.7
0.1
-0.4
-1.7
-1.3
-1.7
-0.3
-0.5
-0.4
-0.2
0.2
-0.5
0.8
-0.1
-0.8
-1.6
-0.6
-1.0
-0.1
0.1
0.4
0.2
-0.4
0.3
0.0
-0.7
-1.1
0.0
0.3
-0.7
-0.2
-0.4
0.4
0.1
-0.6
-0.3
-0.6
-2.0
-1.4
-0.9
-0.9
-0.6
-0.3
-1.3
-0.1
-0.3
-0.4
-0.3
-1.1
-1.1
-0.5
-1.3
-2.2
-1.3
-2.0
-1.6
-1.8
-1.5
-0.8
-0.8
-1.8
-1.8
-1.6
-1.3
-1.5
-2.4
-3.6
-2.9
-2.6
-0.4
-0.4
-0.6
-0.8
-1.3
-2.8
-2.3
-2.0
-2.9
-2.2
-3.3
-3.2
-1.9
-1.6
-1.1
-0.6
-1.3
-0.4
-0.3
-1.1
-0.9
-1.7
-2.2
-2.3
-2.1
-1.9
-1.2
-1.3
0.0
-0.9
-1.0
-1.9
-0.6
-1.2
-1.9
-1.8
-1.5
-0.3
-1.9
-2.7
-2.5
-2.2
-0.2
-1.2
-1.0
-1.0
-1.4
-1.8
-2.2
-2.3
-2.8
-1.1
-1.0
-0.8
-1.5
-1.5
-2.6
-2.0
-1.9
-1.1
-1.6
-2.0
-2.4
-1.7
-2.3
-2.6
-1.8
-1.6
-1.7
-1.0
-0.8
-1.3
-2.5
-2.7
-3.0
-0.9
-1.8
-1.1
-1.7
-1.1
-0.8
-1.4
-2.0
-2.0
-1.6
-1.4
-2.5
-1.7
-2.5
-2.7
-2.4
-1.1
-1.8
-2.0
-2.7
-2.0
-1.5
-1.8
-2.5
-2.2
-2.2
-2.8
-3.8
-3.7
-2.5
-1.9
-1.2
-2.0
-2.2
-2.6
-1.9
-2.8
-1.8
-2.5
-2.6
-2.6
-1.1
-1.4
-1.5
-1.5
-2.2
-2.3
-2.2
-2.3
-0.8
-2.1
-2.0
-2.6
-2.5
-3.7
-2.3
-2.2
-1.3
-1.7
-2.5
-2.4
-2.6
-2.1
-2.6
-2.2
-2.2
-2.1
-1.4
-2.6
-2.7
-3.5
-2.2
-2.2
-1.9
-1.7
-1.8
-1.6
-2.0
-1.4
-1.1
-1.5
-1.5
-0.8
-0.5
-1.5
-1.3
-0.8
-0.3
-1.6
-1.4
-1.3
-1.2
-1.1
-1.8
-1.2
-2.1
-1.9
-2.1
-3.0
-0.9
-1.1
-0.8
-1.7
-1.9
-1.8
-2.6
-3.4
-2.7
-2.7
-2.1
-3.0
-3.1
-2.9
-2.6
-3.0
-2.2
-1.0
-0.7
-1.4
-2.6
-2.9
-2.5
-2.0
-1.2
-0.8
-1.2
-0.7
-2.0
-2.3
-2.9
-2.0
-1.6
-2.7
-2.6
-1.4
-0.7
-0.7
-1.8
-2.8
-2.9
-3.3
-2.1
-2.4
-2.3
-2.8
-1.6
-1.5
-2.0
-2.3
-1.5
-1.7
-3.1
-3.8
-2.7
-1.5
-1.2
-2.3
-3.0
-2.7
-2.5
-2.8
-3.3
-2.6
-2.1
-2.3
-2.4
-2.0
-2.7
-2.6
-3.3
-3.5
-2.7
-2.7
-2.6
-3.1
-3.1
-1.5
-2.1
-2.2
-3.2
-3.0
-2.9
-2.7
-3.1
-2.6
-2.1
-2.3
-2.9
-3.2
-3.6
-2.7
-2.3
-1.7
-1.8
-2.3
-2.4
-2.0
-1.9
-2.0
-3.6
-3.5
-3.1
-1.8
-2.0
-1.9
-1.3
-2.6
-2.5
-2.2
-1.9
-2.0
-2.1
-1.8
-1.8
-1.8
-1.7
-2.2
-2.2
-3.3
-3.3
-2.1
-2.7
-2.5
-2.7
-3.0
-2.9
-1.8
-2.2
-2.8
-3.8
-4.0
-3.2
-3.2
-2.5
-2.4
-3.0
-2.9
-3.8
-3.1
-2.9
-2.8
-2.2
-3.7
-3.7
-2.9
-2.4
-2.0
-2.5
-2.6
-1.7
-2.4
-2.5
-2.5
-2.8
-3.2
-4.4
-4.6
-2.2
-2.0
-2.8
-3.9
-3.5
-2.8
-2.5
-2.5
-2.2
-1.4
-2.9
-2.6
-2.3
-2.8
-3.2
-3.2
-2.4
-1.2
-1.9
-1.0
-1.3
-2.1
-3.2
-3.5
-3.2
-3.0
-2.3
-1.9
-1.7
-2.2
-2.6
-2.0
-2.2
-3.4
-2.9
-2.4
-3.1
-3.6
-4.3
-3.2
-2.9
-2.5
-3.2
-2.4
-1.8
-1.3
-1.0
-2.0
-2.8
-2.4
-2.6
-2.0
-2.9
-3.0
-3.1
-1.7
-2.2
-2.4
-3.0
-2.7
-2.6
-3.9
-4.2
-3.9
-2.8
-2.1
-1.4
-1.7
-2.2
-3.4
-3.1
-3.6
-3.8
-3.7
-2.9
-3.4
-3.0
-2.7
-2.0
-2.1
-2.9
-1.6
-0.8
-0.2
-0.8
-1.9
-0.9
-1.0
-1.8
-1.1
-1.9
-1.6
-1.9
-2.2
-2.2
-2.1
-2.5
-1.5
-2.1
-1.7
-1.5
-0.2
-1.0
-1.1
-1.0
-2.3
-2.8
-5.1
-4.8
-3.8
-2.9
-2.2
-2.9
-3.6
-5.1
-4.8
-4.0
-3.2
-3.4
-3.4
-3.4
-2.7
-3.2
-2.3
-3.5
-3.1
-3.5
-3.0
-2.4
-1.9
-1.9
-0.9
-1.3
-1.5
-2.8
-2.2
-3.1
-3.2
-3.3
-3.2
-1.8
-1.5
-3.5
-3.2
-3.1
-3.4
-2.5
-3.1
-2.2
-1.3
-1.8
-2.4
-2.2
-2.3
-2.1
-2.1
-2.2
-2.5
-1.8
-1.9
-2.2
-1.1
-1.2
-0.8
-0.6
-1.3
-1.9
-2.7
-3.2
-2.6
-2.6
-1.5
-0.9
-0.8
-0.8
-1.8
-1.2
-1.6
-2.4
-2.9
-3.9
-4.6
-3.0
-3.2
-2.7
-3.2
-2.7
-0.1
0.5
-0.3
-2.5
-2.8
-2.7
-3.2
-2.6
-2.8
-2.5
-2.8
-0.8
-1.1
-0.7
-1.3
-0.9
-0.3
-1.6
-2.3
-3.5
-4.0
-3.5
-3.2
-2.7
-1.5
-1.3
-1.5
-1.7
-2.6
-3.0
-3.2
-3.4
-2.3
-2.4
-3.0
-3.7
-2.6
-1.9
-1.6
-2.2
-2.4
-2.2
-1.8
-2.3
-2.2
-1.4
-2.1
-2.5
-2.3
-1.8
-2.3
-3.2
-2.5
-2.6
-2.3
-2.8
-2.0
-2.1
-1.9
-2.3
-0.4
-1.0
-1.7
-3.0
-3.5
-2.9
-3.4
-3.7
-2.5
-1.7
-1.1
-1.2
-2.3
-2.5
-2.4
-2.4
-3.1
-3.7
-3.4
-2.9
-1.9
-3.0
-2.2
-2.7
-2.5
-1.5
-1.7
-2.5
-2.6
-3.0
-2.6
-2.6
-2.1
-2.6
-1.5
-1.2
-1.6
-1.6
-2.5
-1.1
-1.0
-1.6
-2.9
-2.0
-1.2
0.2
0.1
-0.3
-1.7
-2.9
-2.1
-1.1
-1.3
-1.4
-0.4
0.7
1.2
1.3
0.8
0.6
-0.6
0.2
-0.8
0.2
-1.3
-1.6
-1.5
-1.1
-1.4
-2.3
-2.6
-0.9
-0.7
0.0
-1.4
-1.7
-2.2
-2.7
-2.8
-3.5
-3.5
-3.3
-3.0
-1.9
-3.2
-3.1
-2.4
-2.8
-2.3
-3.2
-3.2
-3.2
-2.8
-3.4
-1.7
-0.9
-2.1
-2.5
-4.7
-3.9
-3.1
-3.7
-2.7
-3.0
-1.3
-1.1
-1.9
-2.0
-2.2
-3.3
-4.3
-2.4
-1.5
-1.7
-2.4
-2.9
-3.8
-3.5
-3.8
-2.2
-1.7
-1.0
-0.6
0.5
-0.9
-2.5
-2.8
-1.3
0.7
-0.6
0.0
-0.7
-0.8
-0.3
-1.2
-1.9
-1.5
-2.0
-1.8
-2.2
-1.2
-0.8
-0.5
-0.7
-0.2
-0.8
-1.0
-1.6
-0.6
-0.6
-0.2
-0.1
1.4
1.1
0.4
-0.4
-0.7
-1.9
-2.9
-3.3
-1.6
-1.2
-0.6
-0.1
-0.3
-0.1
0.0
0.0
-0.4
-1.3
-2.6
-1.8
-2.2
-2.5
-1.7
-1.5
0.0
-0.6
-1.0
-2.7
-2.8
-2.4
-2.2
-2.2
-2.5
-2.0
-0.4
-1.4
-1.3
-0.5
0.0
-0.5
-0.3
-0.1
-0.2
0.1
-0.9
-1.0
-0.5
-0.9
-1.9
-1.6
-2.2
-1.9
-1.4
-2.0
-1.8
-3.0
-3.4
-4.0
-3.7
-3.5
-3.0
-3.0
-2.1
-3.0
-3.3
-3.8
-4.5
-4.1
-3.3
-2.3
-2.4
-2.4
-2.0
-2.1
-2.6
-3.0
-2.9
-3.6
-4.9
-4.7
-4.4
-3.1
-3.0
-3.1
-3.6
-3.7
-3.7
-3.2
-3.7
-4.5
-3.6
-4.0
-3.5
-3.8
-3.3
-2.5
-2.5
-2.3
-2.0
-2.8
-3.1
-4.0
-3.4
-2.9
-2.5
-1.7
-2.9
-3.6
-4.1
-3.2
-3.9
-2.5
-1.7
-2.1
-2.5
-3.2
-3.4
-3.0
-2.7
-3.2
-3.4
-3.4
-2.8
-3.0
-3.1
-2.5
-1.2
-1.3
-2.1
-3.2
-1.9
-3.2
-3.8
-3.6
-1.6
-1.6
-1.5
-2.3
-2.1
-2.7
-3.2
-3.4
-3.2
-3.3
-2.9
-2.4
-3.1
-4.2
-3.7
-2.7
-2.9
-3.1
-3.0
-3.2
-2.5
-3.4
-2.9
-3.4
-2.8
-3.2
-3.3
-2.0
-3.4
-2.9
-2.8
-2.6
-1.8
-1.5
-2.8
-3.4
-3.1
-2.3
-2.0
-1.1
-1.5
-2.1
-1.8
-2.3
-2.2
-1.7
-2.4
-2.5
-3.3
-1.9
-1.2
-0.8
-1.0
-2.4
-2.5
-3.0
-2.1
-2.1
-2.4
-2.9
-2.7
-2.4
-2.7
-2.0
-2.5
-1.8
-2.2
-2.5
-3.6
-2.8
-2.8
-3.2
-2.0
-2.6
-1.9
-1.7
-2.6
-2.5
-1.5
-1.2
-2.8
-2.7
-1.2
-1.9
-1.7
-1.8
-0.5
-0.4
-1.5
-2.3
-2.9
-3.2
-3.7
-2.2
-1.3
-2.1
-2.1
-3.7
-2.9
-4.4
-4.5
-3.6
-4.4
-5.3
-4.7
-3.5
-2.6
-2.5
-3.6
-3.5
-4.1
-4.5
-5.4
-5.7
-5.8
-5.0
-3.5
-2.2
-3.1
-3.3
-2.8
-2.9
-2.4
-3.0
-3.4
-4.2
-4.2
-4.4
-3.8
-3.5
-3.5
-3.9
-2.9
-2.6
-1.8
-1.9
-2.3
-2.3
-1.9
-2.3
-3.1
-3.6
-3.3
-0.9
-1.2
-0.6
-1.7
-0.9
-1.5
-2.2
-1.2
-1.7
-0.9
-1.4
-0.7
-1.4
-1.4
-1.8
-2.5
-2.6
-3.6
-2.6
-2.6
-2.3
-1.3
-1.1
-1.6
-1.8
-1.2
-2.2
-2.7
-3.6
-3.8
-3.5
-4.0
-2.6
-3.2
-2.8
-2.9
-3.1
-2.2
-2.0
-3.4
-3.9
-5.3
-5.2
-4.6
-4.3
-4.1
-2.2
-1.2
-1.8
-2.6
-3.5
-4.2
-4.7
-5.4
-5.0
-4.8
-3.9
-3.7
-3.7
-4.1
-4.5
-4.6
-5.0
-5.7
-5.6
-3.3
-2.9
-1.8
-2.1
-2.4
-3.0
-3.6
-4.6
-4.9
-6.1
-3.4
-1.5
-1.6
-2.8
-2.5
-2.5
-1.3
-2.3
-2.8
-2.8
-2.9
-2.2
-1.6
-1.4
-1.9
-2.2
-2.0
-2.5
-1.7
-2.1
-1.7
-2.1
-1.6
-0.8
-1.4
-1.3
-1.8
-2.8
-3.0
-3.7
-3.6
-2.8
-3.0
-3.8
-1.9
-1.2
-1.5
-2.6
-1.7
-1.8
-1.4
-1.7
-1.2
1.3
-1.4
-0.9
-2.9
-0.6
-3.7
-0.9
-1.8
-0.2
-3.0
-3.2
0.0
-2.0
-0.1
-1.2
-2.9
-0.3
-4.7
-1.2
-3.1
-3.3
-1.2
-3.5
-3.1
-3.7
-4.4
-2.5
-3.9
-3.7
-3.4
-3.2
-2.9
-2.4
-2.3
-1.7
-2.4
-3.1
-3.1
-4.4
-2.8
-3.7
-2.3
-2.6
-2.7
-2.3
-3.2
-3.1
-4.0
-3.8
-3.6
-3.7
-3.8
-4.5
-3.8
-4.6
-2.7
-3.5
-4.8
-4.2
-4.1
-3.1
-4.6
-5.0
-4.5
-4.9
-3.5
-4.1
-3.8
-3.0
-4.3
-3.8
-4.9
-5.0
-5.6
-4.6
-5.4
-5.5
-5.1
-5.0
-3.0
-3.8
-5.2
-2.3
-5.1
-4.9
-6.2
-5.6
-4.3
-4.8
-3.5
-3.8
-4.3
-4.8
-6.5
-6.0
-6.3
-4.8
-4.5
-4.7
-4.7
-5.5
-5.4
-6.5
-6.9
-6.5
-6.5
-5.8
-5.4
-7.3
-7.1
-7.7
-7.9
-7.4
-6.4
-7.7
-8.1
-8.4
-7.1
-7.2
-6.9
-5.7
-4.8
-5.1
-6.1
-7.5
-6.9
-6.4
-6.4
-5.1
-5.1
-4.6
-5.0
-6.1
-6.5
-6.8
-6.3
-4.9
-6.0
-6.0
-5.8
-6.1
-5.0
-5.8
-5.6
-4.9
-4.3
-3.9
-5.1
-5.7
-6.0
-6.1
-5.3
-5.8
-5.1
-5.1
-5.7
-5.9
-6.4
-6.9
-6.1
-5.1
-5.4
-4.5
-5.1
-4.9
-5.5
-6.0
-6.5
-4.9
-4.7
-2.8
-3.1
-2.2
-4.1
-3.5
-4.4
-5.2
-5.3
-4.8
-3.8
-3.4
-5.0
-4.9
-5.1
-5.0
-6.5
-4.8
-4.9
-3.6
-3.8
-4.8
-4.9
-4.9
-5.5
-6.4
-7.3
-7.1
-7.1
-5.7
-5.5
-6.0
-5.3
-5.3
-5.6
-4.7
-5.6
-5.4
-6.9
-6.0
-6.0
-4.3
-3.6
-5.1
-6.0
-6.4
-6.9
-6.0
-7.2
-5.3
-6.6
-5.7
-6.3
-6.2
-6.6
-5.8
-5.9
-5.9
-6.0
-8.2
-9.1
-11.3
-13.2
-14.6
-16.0
-17.1
-18.9
-19.8
-20.8
-20.9
-21.6
-22.6
-23.0
-24.3
-24.4
-24.7
-25.3
-25.5
-26.4
-27.7
-28.8
-29.1
-29.6
-30.7
-31.0
-32.4
-32.5
-33.3
-35.0
-35.1
-36.3
-37.6
-38.8
-40.1
-40.5
-41.0
-41.3
-41.6
-42.2
-44.3
-44.2
-46.9
-46.5
-47.1
-47.8
-48.5
-49.9
-51.1
-51.4
-51.8
-53.9
-53.2
-55.0
-54.4
-54.8
-56.1
-57.2
-59.0
-60.7
-60.8
-61.1
-60.5
-61.0
-59.9
-61.9
-62.6
-64.6
-65.2
-65.4
-66.3
-67.3
-67.6
-67.1
-67.7
-67.8
-67.8
-69.5
-70.5
-68.7
-68.6
-66.5
-66.4
-66.8
-67.3
-67.9
-67.8
-66.7
-66.9
-67.5
-66.7
-66.5
-66.2
-66.5
-66.8
-66.5
-66.8
-66.2
-65.7
-65.1
-65.8
-65.4
-65.5
-65.0
-65.1
-64.7
-64.6
-63.8
-63.2
-63.0
-62.7
-63.2
-63.3
-63.3
-63.1
-63.2
-62.9
-62.1
-62.2
-61.2
-62.4
-61.2
-62.2
-60.7
-60.2
-59.6
-59.4
-60.3
-60.1
-60.6
-60.2
-60.0
-56.4
-60.2
-58.4
-59.5
-58.7
-59.3
-58.4
-59.6
-59.6
-60.3
-60.7
-57.8
-60.5
-59.7
-61.2
-59.8
-61.5
-60.2
-59.4
-59.9
-59.3
-59.0
-57.8
-57.5
-57.3
-56.7
-56.8
-57.2
-56.9
-54.7
-53.3
-53.8
-53.4
-54.1
-55.0
-54.9
-53.2
-52.0
-50.1
-50.3
-50.1
-50.4
-49.8
-49.7
-48.9
-49.5
-50.0
-50.8
-51.5
-49.7
-49.1
-48.6
-47.9
-47.8
-47.6
-47.3
-48.0
-47.4
-48.2
-47.5
-48.0
-47.8
-47.0
-45.9
-45.6
-45.9
-46.4
-47.0
-46.1
-45.4
-46.3
-44.0
-45.2
-44.2
-42.7
-42.5
-42.9
-43.5
-43.2
-43.4
-43.4
-44.2
-44.2
-43.3
-43.6
-43.4
-43.4
-42.5
-41.6
-40.4
-39.8
-39.9
-39.2
-41.3
-41.5
-42.4
-42.7
-43.2
-41.5
-42.7
-41.5
-41.9
-43.4
-42.3
-42.2
-42.1
-41.5
-41.0
-40.9
-41.1
-40.7
-40.2
-40.6
-40.1
-39.4
-39.3
-37.4
-37.9
-39.5
-38.6
-36.9
-39.5
-38.5
-39.2
-37.5
-35.9
-36.5
-37.6
-37.0
-37.9
-36.2
-34.9
-35.7
-35.8
-36.0
-34.3
-34.3
-35.2
-34.7
-34.8
-34.0
-35.7
-35.1
-34.2
-33.6
-33.7
-34.2
-34.6
-33.2
-33.2
-32.0
-32.2
-32.8
-33.5
-34.4
-33.4
-34.2
-33.5
-33.2
-33.4
-33.2
-33.3
-33.5
-33.7
-34.4
-34.3
-34.7
-35.0
-35.3
-34.6
-36.0
-35.6
-35.5
-35.4
-36.2
-35.9
-37.4
-37.5
-37.5
-37.3
-37.5
-37.0
-37.7
-38.2
-38.3
-39.3
-39.1
-39.6
-40.0
-40.2
-39.8
-40.2
-40.4
-40.9
-42.2
-40.7
-40.9
-40.5
-41.2
-42.0
-42.0
-42.2
-43.5
-43.4
-43.2
-44.2
-43.8
-44.7
-44.6
-44.9
-45.4
-44.9
-45.0
-46.2
-46.6
-47.4
-47.8
-48.0
-48.7
-48.9
-48.1
-48.9
-48.4
-49.2
-50.2
-49.6
-50.0
-49.2
-49.9
-51.0
-50.1
-49.3
-49.4
-48.7
-49.5
-50.7
-50.7
-48.9
-50.1
-51.6
-50.4
-50.5
-50.1
-50.4
-50.9
-49.4
-50.4
-52.5
-50.9
-50.4
-50.9
-50.7
-48.1
-48.9
-50.5
-52.3
-51.5
-51.6
-50.4
-50.7
-50.0
-52.0
-55.4
-52.2
-51.8
-51.6
-52.1
-52.8
-53.5
-52.7
-53.6
-51.5
-52.6
-52.0
-53.8
-54.1
-54.4
-54.7
-53.9
-54.3
-54.6
-55.0
-53.1
-54.7
-54.7
-55.8
-55.8
-56.0
-55.9
-56.2
-54.8
-55.6
-56.2
-55.6
-55.9
-55.8
-56.2
-56.7
-58.5
-59.0
-56.9
-57.4
-58.0
-58.4
-59.5
-58.5
-59.2
-59.8
-58.6
-59.5
-60.4
-61.6
-62.2
-61.9
-62.6
-62.6
-63.3
-63.4
-64.8
-64.7
-64.2
-64.1
-64.2
-65.4
-65.2
-64.6
-64.0
-63.7
-62.7
-64.1
-63.3
-64.6
-62.8
-63.5
-62.4
-62.6
-62.4
-62.2
-61.6
-62.8
-62.2
-62.2
-60.7
-61.9
-63.0
-61.8
-64.0
-57.9
-65.9
-63.0
-64.6
-64.5
-63.8
-63.8
-64.9
-63.9
-63.5
-63.8
-63.5
-63.8
-64.0
-65.0
-63.3
-64.2
-64.8
-64.6
-64.9
-64.1
-63.1
-62.3
-62.2
-63.4
-65.2
-65.2
-65.0
-64.1
-64.3
-64.3
-64.5
-65.9
-66.4
-66.1
-66.2
-69.5
-73.1
-73.5
-72.7
-71.5
-72.3
-70.7
-75.4
-75.0
-76.3
-72.4
-75.5
-76.1
-76.4
-75.8
-73.9
-77.5
-75.4
-74.1
-75.4
-76.2
-75.5
-74.3
-74.9
-74.0
-74.8
-73.3
-75.2
-74.9
-75.0
-74.6
-76.3
-75.4
-75.5
-73.5
-76.9
-76.3
-75.1
-73.8
-74.3
-75.3
-76.0
-77.4
-76.4
-76.9
-76.1
-74.3
-75.3
-75.5
-75.6
-74.5
-76.4
-75.5
-74.4
-75.1
-74.1
-73.6
-74.3
-74.8
-72.6
-76.3
-72.9
-75.5
-74.6
-73.8
-74.7
-76.4
-75.4
-74.2
-73.5
-73.6
-72.4
-72.5
-73.0
-72.3
-73.6
-73.1
-72.6
-71.0
-75.4
-74.6
-76.3
-75.0
-75.4
-75.8
-74.1
-73.2
-73.7
-73.5
-74.4
-74.6
-74.2
-73.9
-73.9
-76.2
-75.8
-74.1
-74.3
-74.7
-73.5
-72.5
-72.5
-71.6
-73.8
-72.2
-70.1
-75.1
-75.1
-75.6
-74.9
-74.5
-73.8
-72.7
-71.1
-72.5
-70.8
-70.9
-70.5
-72.7
-73.0
-73.2
-71.8
-74.0
-73.7
-74.1
-73.6
-71.1
-71.4
-72.5
-72.8
-73.3
-73.3
-72.3
-71.1
-71.7
-71.8
-71.4
-71.5
-71.9
-71.7
-73.1
-73.3
-72.7
-71.6
-72.2
-72.6
-71.7
-69.6
-70.6
-71.1
-73.7
-73.1
-72.8
-72.8
-72.8
-72.2
-72.5
-73.0
-72.2
-71.3
-71.0
-71.8
-71.5
-72.1
-71.4
-72.6
-72.6
-73.9
-71.9
-71.7
-71.8
-71.3
-72.8
-71.6
-72.7
-72.7
-73.3
-72.8
-73.0
-73.1
-72.7
-70.9
-72.5
-71.6
-71.6
-72.0
-71.7
-73.6
-72.8
-71.4
-73.9
-74.8
-75.0
-73.7
-73.5
-72.5
-72.6
-72.5
-71.9
-74.3
-75.3
-74.7
-75.5
-74.1
-74.4
-74.5
-74.3
-75.5
-75.6
-77.1
-78.0
-77.4
-78.2
-75.5
-75.3
-74.8
-74.8
-75.8
-76.6
-76.6
-77.9
-77.5
-78.0
-78.1
-78.8
-78.5
-78.0
-78.3
-77.9
-78.0
-78.0
-78.7
-78.5
-79.5
-79.2
-79.0
-80.3
-78.0
-80.7
-80.7
-81.4
-81.5
-80.6
-80.8
-81.6
-81.1
-81.3
-80.3
-79.7
-80.5
-80.5
-81.6
-80.5
-81.2
-81.6
-82.9
-83.1
-83.5
-82.6
-82.1
-82.6
-82.8
-82.7
-83.1
-83.2
-84.0
-84.5
-83.8
-83.2
-82.6
-84.3
-85.0
-84.5
-85.0
-84.7
-85.3
-85.8
-85.1
-86.1
-85.3
-85.7
-86.8
-86.9
-85.9
-84.9
-84.6
-84.8
-84.2
-85.2
-85.5
-86.4
-86.0
-85.9
-85.4
-86.1
-87.2
-86.3
-86.4
-85.7
-85.3
-87.3
-86.6
-87.3
-87.0
-87.0
-86.0
-86.5
-87.5
-87.2
-86.6
-87.4
-86.3
-86.0
-85.8
-85.5
-85.0
-86.0
-85.9
-88.6
-88.5
-87.9
-86.6
-86.7
-85.8
-85.6
-85.5
-86.8
-87.0
-87.4
-86.9
-86.3
-85.9
-85.6
-85.1
-85.0
-84.8
-85.3
-85.4
-86.0
-85.3
-84.0
-84.3
-83.0
-82.9
-84.6
-84.5
-84.4
-83.1
-82.5
-83.2
-84.9
-83.2
-82.6
-82.8
-81.4
-81.4
-81.1
-80.6
-80.3
-79.6
-81.2
-80.8
-80.1
-79.9
-78.6
-79.2
-78.0
-79.9
-81.9
-81.8
-80.7
-78.8
-79.1
-78.7
-78.3
-79.0
-80.2
-78.9
-79.5
-79.1
-78.5
-78.8
-77.2
-77.5
-77.6
-76.9
-77.0
-77.4
-77.5
-76.9
-76.0
-76.5
-76.5
-76.3
-76.7
-77.0
-76.6
-75.4
-74.2
-73.7
-74.3
-74.1
-73.8
-73.7
-72.5
-73.3
-73.1
-73.1
-73.1
-72.4
-72.0
-71.6
-71.9
-70.8
-72.6
-71.6
-73.3
-71.5
-70.7
-70.8
-69.7
-69.9
-68.3
-69.6
-70.0
-68.6
-70.2
-70.3
-70.5
-70.4
-69.7
-69.4
-69.5
-68.3
-67.3
-68.9
-68.1
-69.4
-69.3
-68.3
-68.4
-67.8
-68.4
-67.7
-66.6
-65.9
-65.8
-65.4
-65.2
-65.2
-63.2
-65.0
-64.2
-64.0
-63.0
-61.9
-63.0
-63.0
-62.2
-61.7
-61.7
-61.5
-60.7
-60.2
-61.1
-61.1
-61.7
-61.3
-60.5
-59.9
-59.6
-59.8
-60.1
-59.7
-59.9
-59.5
-59.3
-59.5
-58.1
-59.0
-58.1
-59.1
-58.7
-58.8
-57.6
-55.9
-56.8
-57.1
-57.4
-57.4
-58.0
-57.2
-56.6
-55.5
-55.8
-55.9
-56.0
-56.3
-56.3
-56.3
-56.8
-55.5
-55.0
-53.4
-54.1
-54.1
-53.2
-53.0
-52.8
-52.7
-53.2
-51.8
-52.5
-52.3
-51.6
-51.8
-52.7
-53.1
-52.4
-50.9
-51.9
-50.9
-52.7
-51.4
-50.9
-51.0
-50.3
-50.2
-50.7
-50.4
-50.2
-49.6
-49.4
-49.9
-49.6
-48.8
-47.8
-47.5
-47.2
-46.9
-48.6
-49.7
-49.8
-49.2
-48.5
-48.5
-47.2
-47.2
-46.4
-47.0
-46.7
-47.4
-46.2
-46.4
-46.0
-46.0
-46.2
-46.7
-46.7
-47.0
-46.0
-45.8
-45.3
-45.0
-44.0
-45.2
-44.9
-44.8
-44.7
-45.2
-46.7
-45.7
-44.0
-45.0
-43.4
-43.5
-43.1
-44.6
-44.8
-43.7
-44.1
-43.3
-44.9
-44.3
-44.7
-43.4
-43.3
-42.9
-43.2
-43.0
-42.0
-43.5
-44.2
-43.7
-42.4
-41.8
-41.7
-40.8
-42.3
-42.1
-41.5
-41.7
-41.8
-42.4
-42.0
-41.3
-41.1
-41.0
-41.1
-41.7
-40.6
-40.1
-40.2
-40.3
-40.0
-38.4
-38.7
-38.5
-38.2
-38.1
-37.1
-37.1
-37.0
-38.5
-38.2
-37.9
-36.7
-36.7
-36.4
-37.1
-38.1
-37.8
-37.6
-37.4
-37.0
-37.2
-37.2
-37.1
-37.3
-36.3
-36.3
-36.4
-36.6
-37.2
-37.2
-37.5
-37.5
-36.9
-36.0
-37.1
-36.5
-37.8
-37.3
-37.0
-36.5
-37.3
-37.4
-36.4
-37.1
-36.7
-37.2
-36.2
-35.9
-35.5
-36.4
-35.1
-36.6
-36.3
-36.6
-36.7
-35.6
-34.9
-33.7
-34.5
-35.1
-35.5
-36.5
-36.6
-35.3
-35.9
-34.5
-35.2
-34.6
-35.7
-34.6
-35.1
-35.1
-34.5
-33.9
-31.1
-33.7
-32.6
-34.9
-34.7
-34.5
-34.3
-33.8
-34.5
-32.7
-33.5
-32.1
-31.6
-32.3
-31.1
-31.6
-31.5
-30.9
-30.3
-30.4
-29.8
-30.0
-30.1
-29.7
-30.8
-31.1
-31.8
-29.0
-32.0
-30.5
-32.0
-29.9
-29.9
-30.0
-29.7
-29.9
-30.5
-30.0
-29.4
-29.6
-30.1
-31.2
-31.2
-31.1
-30.9
-29.3
-29.1
-29.0
-27.4
-28.0
-27.6
-28.5
-29.3
-28.9
-29.2
-26.8
-26.0
-25.2
-26.2
-25.7
-26.1
-26.8
-27.2
-26.2
-26.2
-27.1
-26.9
-26.9
-27.1
-25.9
-25.9
-26.7
-26.2
-26.2
-25.7
-24.3
-24.9
-23.8
-23.6
-23.4
-23.8
-23.8
-23.4
-24.2
-23.4
-22.5
-22.3
-22.1
-22.4
-22.5
-22.0
-22.0
-21.5
-21.1
-20.7
-21.9
-21.7
-21.0
-20.5
-19.7
-18.7
-17.5
-16.5
-17.6
-19.0
-20.2
-18.4
-19.6
-18.1
-18.7
-18.3
-18.1
-18.8
-18.7
-18.4
-18.6
-18.2
-18.8
-17.6
-18.2
-17.2
-18.1
-19.6
-19.5
-19.6
-19.6
-18.4
-17.5
-17.7
-17.8
-18.7
-18.5
-18.3
-17.5
-18.7
-18.3
-18.6
-18.1
-17.9
-17.7
-16.7
-17.1
-17.1
-15.9
-15.8
-15.5
-16.1
-15.8
-15.2
-14.9
-14.9
-14.9
-14.9
-14.9
-17.0
-15.8
-16.0
-15.0
-14.7
-14.9
