0.3
0.1
1.2
-0.5
-0.3
0.4
-0.9
-0.1
0.0
0.1
0.1
-2.0
1.2
-0.7
0.1
0.7
1.3
2.0
0.4
-0.2
-0.9
0.2
0.7
0.8
1.7
2.0
1.6
1.9
1.8
1.6
0.9
0.0
-1.6
0.1
1.1
2.0
1.3
0.9
1.1
0.8
0.5
0.6
0.5
1.4
0.5
2.3
1.1
1.2
-1.5
1.0
1.1
1.1
1.2
-0.8
0.5
-0.4
0.0
0.3
0.9
0.0
0.0
0.2
-0.7
-0.6
0.3
0.0
2.0
0.1
0.7
1.1
1.0
0.8
0.4
0.5
0.2
0.1
-0.5
0.8
0.5
0.7
0.8
0.7
0.0
0.3
-0.2
-0.5
0.6
0.7
1.3
0.6
1.1
-1.4
0.5
0.1
0.1
0.5
-0.1
0.9
0.8
0.5
-0.1
1.6
0.4
1.4
1.2
1.7
0.9
0.1
1.0
0.7
1.5
1.3
2.1
1.8
1.5
0.7
0.4
1.5
1.4
0.5
0.0
0.9
1.3
1.1
0.0
-0.6
1.4
0.0
0.8
-0.4
-0.3
0.5
1.3
1.0
1.6
1.2
2.9
1.9
0.7
0.8
0.3
1.4
0.0
1.1
1.1
0.3
0.0
0.8
-0.3
0.9
-0.3
-0.6
-0.9
-0.3
-0.6
-0.4
-0.6
0.0
1.8
2.1
2.2
0.5
0.8
0.1
-1.4
0.0
1.1
0.1
-0.1
-0.4
-1.7
-2.5
-1.4
-0.8
1.8
0.8
1.3
1.7
1.7
0.0
0.3
0.4
-0.4
0.6
-0.2
0.7
0.7
-1.8
0.5
0.3
0.3
-0.2
-0.1
1.1
-0.1
0.4
-0.3
0.7
0.6
0.2
0.0
-0.7
-1.7
-0.1
-0.1
0.4
-0.4
-1.2
-0.8
0.0
-1.4
0.7
1.1
1.4
0.9
-0.5
0.0
-0.1
0.1
0.0
-0.9
-0.8
0.0
-0.2
-0.4
0.6
1.7
2.2
1.3
-0.2
1.0
0.4
-0.1
-0.7
-0.3
-1.3
0.4
0.5
0.6
0.8
1.3
1.6
-0.8
1.1
1.1
1.1
2.3
1.6
1.8
1.1
1.3
1.3
1.2
1.5
0.9
1.2
0.1
0.4
1.2
1.6
-0.4
0.3
0.7
0.8
1.0
2.5
0.8
0.9
0.8
1.6
0.3
0.3
-0.5
-0.3
1.0
0.9
1.2
0.4
0.0
1.0
0.5
1.6
1.7
2.3
1.4
0.8
0.0
0.6
-0.9
0.0
-0.9
-1.4
0.5
-0.5
-0.9
-0.7
-0.6
-0.3
-3.3
-0.9
-0.2
1.3
0.6
-0.6
-0.4
-0.8
-2.4
-2.2
-2.9
-1.7
-2.0
-0.5
0.0
0.7
1.2
0.1
-0.1
-0.6
0.2
-0.4
0.0
-0.6
-2.6
-1.0
-1.1
-0.3
-0.6
-0.6
-0.9
-0.3
-0.2
-0.2
-0.5
-0.7
-0.5
-1.5
-0.3
-0.6
0.3
-0.5
-1.6
-1.0
-0.8
-0.1
-0.5
-0.4
-1.2
0.2
-0.8
-1.3
-1.4
-2.2
-0.5
-0.7
-1.1
-0.1
-1.3
-1.0
-1.2
-0.5
-0.9
-1.8
-1.1
0.5
0.5
-0.2
-1.2
0.0
-0.5
-1.6
-2.3
-1.6
-0.8
-0.2
-0.9
0.2
-1.1
-0.7
-0.4
-2.1
0.1
-3.2
-0.4
-1.2
0.0
0.5
-0.6
-0.7
-0.7
-1.1
-1.7
-1.7
-1.7
-2.9
-2.2
-1.7
-2.2
0.9
-1.5
-0.9
-0.4
-1.7
-0.8
-0.9
-2.6
-1.5
-0.8
0.5
0.7
0.3
-2.0
-1.4
-1.5
-2.2
-1.0
-1.7
-0.5
-1.1
-1.7
-1.4
-1.3
-1.4
-0.9
-1.2
-2.5
-1.1
-0.7
-1.7
-2.0
0.3
0.3
1.0
-1.4
-0.6
-1.7
-3.0
-1.8
-2.4
-1.0
-2.3
-1.8
-1.4
-1.7
-1.1
-0.8
-1.2
-1.4
-3.7
-2.6
-0.7
-0.4
0.2
-2.2
-1.8
-0.6
-2.8
-2.5
-1.5
-1.0
-0.8
-1.2
-1.2
-0.6
-2.3
-1.9
-2.9
-2.0
-1.2
-1.8
-1.6
-1.5
-2.5
-2.0
-2.1
-1.6
-0.5
-2.6
-0.6
-1.8
-3.4
-1.5
-2.1
-1.2
-0.9
-2.5
-2.6
-1.2
-2.7
-1.9
-1.0
-1.7
-1.2
-1.9
-1.4
-2.3
-1.5
-1.7
-2.3
-3.0
-2.2
-0.8
-0.6
-2.0
-2.7
-1.9
-2.2
-1.5
-1.6
-1.5
-1.9
-2.4
-1.8
-1.6
-1.9
-3.0
-2.1
-3.1
-1.7
-3.7
-1.4
-2.0
-1.1
-2.5
-2.0
-2.7
-2.4
-2.2
-1.8
-1.6
-0.4
-1.3
-2.8
-2.8
-3.4
-1.5
-2.3
-2.9
-2.1
-2.8
-2.7
-1.6
-2.2
-2.1
-3.1
-3.3
-4.1
-1.9
-1.7
-1.8
-2.3
-1.8
-2.3
-1.4
-2.4
-2.6
-0.5
-1.8
-0.7
-2.5
-2.7
-3.9
-1.5
-1.8
-2.1
-1.9
-2.1
-2.0
-2.2
-0.8
-0.6
-1.8
-2.1
-1.7
-0.2
0.3
-2.2
-1.5
-1.8
-1.4
-2.1
-1.5
-2.0
-0.5
-0.6
-1.6
-1.0
-2.3
-2.3
-1.8
-1.4
-2.2
-2.6
-1.2
-0.7
-1.4
-3.9
-1.4
-1.6
-1.7
-3.5
-2.7
-1.3
-1.2
-1.1
-1.0
-2.3
-2.1
-1.6
-0.8
-0.8
-2.5
-2.0
-2.3
-2.0
-2.0
-2.0
-2.2
-1.8
-1.2
-0.6
-0.5
-0.8
-0.1
-0.8
-2.0
-1.4
-2.9
-1.5
-3.2
-2.2
-1.7
-1.8
-2.1
-1.5
-1.4
-1.1
-0.2
-0.4
-0.3
-0.1
-0.4
-1.7
0.0
-0.7
-1.3
0.5
0.0
0.0
-1.6
-3.5
0.0
-0.3
0.0
-0.3
-1.3
-0.4
-0.4
-0.1
-0.4
-0.6
-0.8
-0.4
-1.7
0.2
-1.0
-1.5
-2.0
-0.6
-0.8
-1.9
-1.7
-1.8
-1.4
-1.1
-0.2
-0.5
-2.2
-3.2
-1.2
-1.9
-2.5
-3.4
-3.3
-2.9
-2.5
-1.3
-0.8
-1.4
-3.0
-2.1
-1.9
-3.0
-2.5
-1.3
-0.5
-1.2
-1.4
-2.4
-2.6
-2.7
-2.8
-2.5
-1.0
-0.9
-1.5
-2.9
-2.1
-3.4
-2.6
-3.2
-4.7
-2.6
-2.6
-2.9
-2.0
-3.2
-2.2
-2.7
-3.4
-2.7
-1.2
-0.5
-0.4
-1.8
-0.8
-3.3
-2.8
-1.6
-0.7
-1.0
-2.1
-3.1
-2.1
-0.6
-2.4
-4.0
-2.6
-1.5
-1.3
-0.7
-0.7
0.1
-0.4
-2.1
-3.7
-0.2
-1.4
-1.2
-0.7
-1.6
-1.4
-1.1
-1.3
-1.5
-1.8
-2.9
-1.3
-1.7
-2.8
-2.9
-1.6
-1.0
-2.9
-1.6
-2.6
-0.8
-2.1
-2.3
-1.9
-1.1
-2.1
-1.0
-2.5
-2.5
-3.0
-3.0
-2.3
-2.3
-1.0
-0.9
-2.5
-2.2
-2.7
-2.5
-2.8
-1.8
-1.1
-1.3
-2.3
-4.3
-3.3
-2.3
-1.8
-2.4
-3.4
-2.9
-2.6
-2.3
-1.6
-2.1
-2.6
-1.7
-1.8
-2.1
-0.6
-1.4
-1.6
-2.4
-3.1
-2.9
-2.5
-3.5
-1.1
-0.8
-1.3
-2.2
-3.5
-1.5
-1.9
-2.1
-0.5
-1.0
0.5
-1.2
-2.0
-1.0
-2.3
-1.4
-1.2
-1.7
-2.7
-4.4
-1.6
-1.4
-2.5
-2.2
-2.5
-1.9
-0.4
-2.0
-2.7
-4.0
-4.3
-4.5
-3.7
-4.0
-3.2
-0.9
-2.1
-1.2
-2.2
-1.9
-2.2
-3.3
-3.0
-4.0
-2.7
-4.5
-2.2
-2.2
-3.6
-3.5
-3.1
-1.3
-2.5
-2.3
-2.4
-2.6
-1.7
-3.7
-1.3
-1.5
-2.9
-2.1
-2.7
-1.7
-1.1
-1.7
-3.3
-2.9
-3.1
-1.7
-2.6
-1.4
-1.7
-3.0
-2.9
-3.4
-1.0
-1.7
-2.5
-3.4
-2.5
-2.5
-2.5
-2.5
-2.2
-2.9
-2.7
-2.8
-2.5
-2.7
-2.7
-2.2
-2.0
-0.5
-2.2
-2.0
-4.1
-2.9
-4.0
-4.8
-4.0
-2.8
-1.2
-1.4
-1.2
-0.8
-2.1
-0.4
-0.5
-1.8
-3.2
-3.3
-5.0
-3.7
-4.7
-2.1
-1.5
-2.6
-3.4
-4.6
-2.4
-3.1
-1.9
-3.1
-2.1
-2.9
-2.4
-0.5
-0.2
-1.2
-3.3
-1.9
-2.0
-2.4
-3.2
-4.9
-4.4
-2.2
-1.6
-1.3
-2.0
-2.6
-2.2
-2.2
-2.9
-1.1
-2.5
-2.1
-2.7
-2.0
-2.2
-4.2
-0.9
-1.8
-1.0
-2.8
0.0
0.2
-0.1
-1.1
-1.4
-1.7
-2.3
-0.9
-2.4
-1.9
-1.7
0.0
-0.3
-0.6
-2.4
-0.2
-2.5
-3.3
-1.9
-0.9
-3.4
-1.5
-1.5
-1.8
-1.0
-2.6
-2.3
-0.8
-1.3
-2.1
-1.4
-2.8
-3.4
-2.4
-2.9
-3.5
-2.9
-1.8
-1.2
-0.9
-0.6
-1.5
-1.2
-3.0
-2.6
-0.5
-1.4
-3.2
-2.7
-2.1
-2.3
-1.6
-2.3
-0.5
-1.0
-0.9
-1.6
-1.0
-2.5
-1.8
-1.6
-1.0
-3.5
-2.9
-2.2
-0.9
-2.9
-2.4
-2.5
-2.1
-2.0
-1.5
-2.1
-1.3
-2.1
-5.0
-1.3
-2.7
-2.8
-1.6
-2.7
-3.4
-1.9
-2.1
-2.3
-2.0
-4.0
-2.5
-1.6
-2.4
-1.7
-1.7
-3.2
-4.8
-4.1
-4.4
-2.9
-2.5
-1.8
-2.8
-3.0
-2.8
-2.9
-1.5
-4.6
-2.0
-1.9
-3.4
-2.4
-2.8
-2.4
-3.4
-4.1
-2.9
-2.2
-3.4
-4.0
-3.5
-4.1
-4.2
-4.6
-3.1
-2.5
-3.7
-3.5
-3.5
-4.1
-4.0
-1.8
-1.6
-3.9
-3.3
-2.6
-1.0
-2.4
-2.6
-2.1
-1.2
-4.4
-2.7
-1.2
-1.7
-4.2
-1.9
-1.7
-0.8
-1.0
-2.0
-0.1
-0.8
-2.9
-1.8
-3.1
-3.0
-1.6
-3.7
-2.9
-2.1
-3.4
-1.6
-2.3
-1.2
-0.5
-1.7
-1.4
-1.2
-2.2
-1.6
-1.7
-1.3
-2.6
-2.2
-1.8
-0.6
-1.3
-1.2
-1.9
-2.0
-1.0
-2.8
-0.8
-2.0
0.1
-1.1
-1.8
-0.8
-1.0
-1.2
-2.5
-2.1
0.0
0.8
0.0
-1.8
-0.2
-0.9
-5.8
-1.8
-1.5
0.4
-0.9
-2.5
-0.8
-1.7
-4.5
-2.3
-1.7
-0.4
-3.9
0.0
-0.8
-0.8
-2.5
0.1
-0.2
-0.7
-3.1
-1.7
-2.3
-0.4
-1.5
-0.9
-2.4
-1.9
-0.8
-0.3
-1.4
-2.5
-3.3
-1.8
-1.7
-0.7
-0.4
-1.4
-1.3
-2.3
-3.9
-3.4
-5.6
-2.9
-2.2
-2.8
-1.0
-1.9
-0.5
0.4
-1.0
-1.8
-3.1
-3.2
-2.8
-2.0
-4.3
-2.8
-2.4
-1.5
-1.6
-1.7
-2.5
-1.7
-3.9
-1.0
-2.9
-4.0
-2.6
-5.5
-2.5
-2.5
-3.3
-1.7
-2.5
-3.2
-1.1
-2.0
-1.5
-1.6
-3.5
-2.5
-2.9
-2.2
-4.0
-2.6
-3.0
-2.3
-1.6
-2.0
-1.0
-0.8
0.7
0.6
-0.2
-2.1
-2.6
-3.4
-2.0
-1.3
-2.7
-1.4
-2.5
-2.0
-2.5
-2.3
-1.4
-2.6
-2.5
-2.6
-1.3
-2.4
-3.1
-2.8
-2.4
-2.6
-1.8
-2.3
-1.8
-5.1
-2.6
-1.4
-1.2
-1.7
-2.9
-3.0
-1.6
-1.5
-1.9
-1.3
-3.4
-2.2
-2.4
-2.4
-2.2
-1.6
-1.3
-1.6
-3.6
-4.8
-2.6
-2.0
-2.8
-3.7
-3.9
-2.9
-2.0
-1.8
-2.5
-1.9
-2.5
-4.9
-0.8
-1.1
-2.1
-2.7
-2.7
-3.3
-0.6
-3.5
-2.0
-1.5
-4.5
-4.6
-1.7
-0.8
-1.4
-0.8
-2.7
-0.5
-1.1
-1.2
-1.0
-1.5
-3.3
-1.6
-0.8
-1.6
-1.1
-3.8
-2.7
-1.4
-1.1
-1.0
-1.0
-2.1
-1.1
-1.7
-0.2
-2.3
-1.9
-1.4
-0.9
-0.8
-1.6
-3.7
-1.2
-1.9
-1.7
-2.0
-3.4
-1.8
0.0
-0.7
-0.9
-2.0
-3.0
-1.7
-2.5
-2.0
-4.5
-1.8
-1.1
-1.4
-2.0
-2.2
-2.0
-0.7
-1.9
-0.7
-1.0
-0.7
-1.6
-1.6
-2.5
-2.0
-0.7
-0.8
-3.5
-1.2
-2.5
-1.1
-2.2
-1.6
-1.2
-1.7
-3.0
-0.4
0.0
-1.1
-2.0
-2.8
-1.3
-1.9
-0.9
-1.5
-1.2
-1.2
-2.8
-2.5
-0.6
-1.6
-1.4
-2.2
-2.1
-1.4
-1.1
-2.6
-1.3
-0.4
-1.3
-2.3
-2.5
-2.0
-1.9
-2.8
-3.0
-3.5
-1.6
-2.2
-2.4
-1.2
-3.8
-2.8
-1.2
-1.4
-3.4
-2.5
-2.0
-2.5
-1.8
-3.3
-2.2
-4.3
-1.5
-2.0
-1.1
-1.7
-2.3
-1.2
-0.4
-2.2
0.2
-1.7
-1.6
-4.4
-3.5
-2.0
-2.2
-2.0
-3.4
-3.1
-2.1
-3.9
-2.8
-3.1
-2.5
-2.6
-2.9
-2.1
-1.8
-2.3
-2.6
-2.0
-2.1
-2.2
-4.4
-0.8
-1.9
-0.6
-2.1
-4.6
-2.4
-2.0
-1.2
-1.0
-1.5
-2.0
-1.3
-1.2
-2.7
-0.5
-1.4
-1.7
-0.7
-4.5
-2.4
-3.5
-0.4
0.5
-1.7
-3.4
-0.6
-0.8
-0.5
-0.7
-1.6
-1.2
-2.5
-2.5
-3.3
-2.1
-1.8
-0.3
-0.1
-0.4
-0.8
-2.7
0.1
-0.8
-0.6
-1.2
-1.1
-1.6
-1.6
-0.6
-2.2
0.0
-1.2
-0.7
-2.5
-1.2
-0.6
-0.6
-0.9
-2.2
-1.6
-2.7
-1.5
-0.3
-0.6
-2.7
-2.7
-1.7
-1.4
-1.5
-2.1
-1.5
-2.6
-3.5
-2.3
-2.2
-2.3
-1.4
-3.2
-1.2
-1.1
-1.2
-1.3
-1.5
-1.1
-1.3
-1.1
-2.4
-1.0
-0.8
-2.4
-3.3
-1.1
-4.1
-2.8
-1.5
-1.2
0.0
-1.4
-0.8
-1.1
-1.8
-2.3
-2.1
-1.6
-2.8
-2.2
-2.9
-1.4
-1.7
-2.8
-1.4
-3.0
-1.0
-1.3
-1.7
-1.3
-0.7
-0.7
-1.7
0.2
0.3
0.3
-0.1
-2.5
-0.5
-1.7
-0.5
-0.5
0.1
0.0
-0.8
-0.7
-0.1
1.0
1.2
0.3
1.4
-0.3
0.3
0.1
2.4
0.8
-0.3
1.4
-2.4
1.2
0.3
0.6
-0.1
-1.2
1.0
1.3
2.1
1.6
0.9
0.0
-0.3
-2.4
0.6
-0.8
-0.2
1.3
-0.9
-0.3
-1.8
-1.2
-1.7
-0.3
0.2
0.3
-0.2
-0.6
-0.9
1.3
-0.8
-0.7
-0.7
-2.2
-1.5
-0.1
-0.3
0.0
-2.3
-2.3
-1.3
-2.2
-0.4
-0.7
-1.1
-0.8
-1.9
-2.1
-1.4
-0.3
-2.2
-1.4
-1.4
-1.0
0.7
-0.4
-1.6
-2.8
-2.1
-0.3
-1.2
-2.0
-2.1
-0.8
1.0
-3.2
-2.6
-0.1
-0.8
0.0
-1.1
-1.5
-1.2
-1.2
-3.2
-1.1
-3.7
-1.1
-1.5
-0.5
-2.1
-2.3
-1.0
-1.2
-1.3
-1.5
-2.0
-4.1
-2.8
0.0
-0.2
0.4
-2.9
-1.0
0.0
-1.8
-2.4
-0.8
-2.3
-0.9
-2.1
-1.2
-0.8
-1.7
-0.2
-0.5
-3.4
-1.8
-2.1
-0.9
-2.2
-1.2
-1.5
-3.2
-2.3
-3.2
-1.2
-2.5
-0.5
-1.2
-1.2
-1.6
-1.3
-1.5
-1.4
-1.8
-1.3
-1.5
-2.5
-2.8
-2.4
-3.1
-2.0
-2.5
-1.3
-1.7
-1.5
-1.2
-1.5
-1.4
-2.2
-0.4
-1.5
-1.8
-1.5
-2.7
-3.3
-0.9
-0.7
-0.1
-0.6
-2.7
-0.2
-0.6
-1.2
-1.8
-1.5
-0.9
0.0
-2.5
-0.3
-3.6
-1.0
0.2
-0.2
-0.3
-2.3
-0.6
-2.2
-0.3
-1.1
-1.5
-0.7
-1.4
0.3
-0.5
-1.8
-1.0
0.5
0.5
1.3
-1.1
0.5
0.5
-1.7
0.4
0.3
0.1
0.8
-0.3
-1.3
1.7
-0.7
-0.1
0.2
-1.0
1.7
0.3
0.9
0.4
0.5
0.8
-0.4
0.0
-0.1
0.0
-0.8
0.1
-0.8
-0.9
-0.4
-0.4
0.5
-1.0
-1.1
-0.8
1.4
0.9
-0.4
0.6
-1.2
0.5
-1.0
0.5
-1.0
0.6
0.2
0.7
0.0
-0.2
-0.9
0.6
0.1
0.8
-0.8
0.6
-0.5
1.2
0.9
1.5
0.6
-0.5
-3.1
0.2
-0.5
1.9
0.0
-0.4
-0.8
1.2
1.7
1.9
1.4
0.3
1.8
2.0
1.3
-1.7
-1.2
0.6
-0.9
0.9
0.4
1.7
0.6
0.7
1.9
2.4
1.7
-0.1
0.9
1.4
1.8
2.6
2.6
2.5
1.3
0.7
-1.3
1.9
1.3
3.4
2.0
1.7
1.2
1.9
1.6
1.8
1.1
0.6
0.6
0.7
0.5
0.3
0.8
0.6
-0.7
0.4
1.0
0.4
-0.3
0.5
0.2
0.6
0.2
-0.8
0.8
-0.5
-0.2
0.7
-0.1
0.5
-0.2
0.0
0.2
-2.1
-2.4
-0.5
-1.2
-0.2
1.5
3.1
1.8
-0.1
-1.0
-0.5
0.0
0.6
0.9
-1.4
0.1
-1.9
0.5
-1.1
0.3
0.9
1.4
0.8
-0.6
0.9
-2.7
0.2
-0.3
-0.6
-0.6
-0.2
0.0
0.3
-0.8
0.2
0.3
-0.7
-0.5
-0.3
0.0
0.0
-1.1
0.4
-1.6
0.7
-1.0
-0.4
-0.1
0.3
0.1
-0.4
0.3
0.1
0.3
-0.2
-1.7
1.1
-0.4
0.7
-2.1
-0.3
2.1
1.7
1.2
0.2
-1.1
0.6
-0.3
0.3
-0.9
-0.4
1.0
1.0
0.8
-0.3
1.2
0.3
1.5
0.4
1.0
-0.2
0.8
0.8
1.8
0.4
2.0
3.1
2.2
0.0
0.8
1.5
1.2
0.2
0.0
-1.4
0.1
-1.6
1.6
2.0
2.2
3.2
1.2
0.8
0.1
1.1
1.1
1.6
-1.2
-1.1
-1.3
-0.2
-1.1
-1.2
-0.6
-0.7
-1.0
-0.1
0.5
-0.2
0.0
1.2
1.1
0.8
2.8
1.7
2.9
0.9
1.4
1.7
0.8
1.2
-1.2
0.0
0.4
-0.7
0.1
0.6
0.4
1.8
-0.3
0.4
1.7
1.0
1.5
1.3
1.5
-1.2
-0.8
1.0
1.5
1.7
-0.2
-0.7
-0.7
-2.7
-1.6
-0.8
-0.2
0.6
0.7
0.0
0.0
0.8
1.1
1.6
1.2
0.9
1.7
1.9
1.2
2.3
0.8
0.2
0.7
1.0
2.3
1.6
0.6
-0.9
0.5
-0.1
0.3
0.9
0.9
1.3
1.6
1.4
1.1
1.3
0.6
0.7
2.0
1.2
1.3
0.0
0.4
-0.6
1.6
0.7
1.8
0.2
0.0
1.4
0.6
0.4
0.3
1.2
0.6
2.0
0.9
1.3
0.9
-0.9
1.9
0.3
-0.3
1.4
1.4
2.6
2.2
1.3
1.5
0.3
-0.2
0.0
-1.7
-1.2
0.5
2.3
1.8
2.0
1.1
2.8
1.5
1.4
1.9
1.3
-0.5
0.5
1.2
1.7
2.2
-0.7
1.7
1.2
1.7
1.5
0.4
-0.5
0.0
1.4
0.4
1.0
0.4
0.8
2.2
1.3
0.8
-0.3
0.6
1.7
2.4
2.0
0.7
0.5
0.3
-0.1
0.2
0.5
0.0
-0.4
-1.4
1.2
1.3
0.9
0.5
-0.3
-0.3
0.4
0.0
0.0
-0.7
0.8
-0.8
1.7
1.2
0.7
-1.2
-2.7
-1.0
-0.1
1.6
2.0
1.2
-0.2
-0.8
-0.8
1.7
1.9
0.5
-1.2
0.6
-1.2
-0.7
0.5
1.2
0.6
0.9
-0.6
1.3
0.2
1.1
-0.1
0.4
-0.8
1.2
0.1
0.9
-0.4
-0.6
-0.6
-0.5
1.1
0.4
0.0
-2.6
-0.5
0.4
0.1
0.3
-0.9
-1.0
0.0
0.0
0.4
0.6
0.7
0.1
0.7
-2.4
-0.4
-0.4
-0.8
-0.6
-0.9
-0.2
0.4
-0.4
0.8
0.0
0.1
-1.2
-2.3
0.0
0.1
0.9
1.4
-0.7
-1.5
0.5
-0.2
0.2
-1.0
-0.6
-0.8
0.1
0.4
1.0
0.3
-0.5
-0.2
0.5
0.1
0.5
0.1
-0.5
0.5
-0.8
-0.8
-0.4
-0.2
0.6
1.6
-0.5
-0.5
0.8
1.1
1.2
-0.4
0.0
0.0
0.6
-1.7
-0.4
1.7
1.6
1.3
1.7
0.6
0.8
-1.9
0.4
-0.5
0.5
-1.2
0.5
0.5
0.9
0.4
0.1
0.3
-0.5
-0.1
1.0
0.5
0.3
-1.4
-0.4
-0.5
-1.2
0.8
-0.6
-0.8
-0.7
-1.6
-1.3
-0.2
-0.8
1.6
0.8
0.3
-1.0
-0.4
-0.6
0.0
-0.5
-0.6
-0.3
-0.6
-1.4
-0.8
-1.1
-1.5
-2.2
0.0
-0.2
-0.7
-0.7
0.2
0.5
-0.1
-0.1
0.1
0.0
-1.0
-1.0
-1.7
-1.2
-0.2
0.7
0.4
-0.4
-1.1
0.8
0.0
-0.2
-0.3
0.9
0.8
-0.4
-0.8
0.0
0.1
-0.8
0.1
0.1
-0.3
-1.1
-0.3
-0.8
0.1
-1.7
-1.6
-2.5
-2.7
-1.2
-0.4
0.1
-0.3
0.3
-0.6
-0.5
-1.3
-0.2
-1.2
-1.9
-1.7
-2.5
-1.5
-1.6
-1.0
-0.2
-1.6
-0.1
-1.3
-0.3
-0.7
-1.8
-0.5
-1.7
0.0
-0.9
-1.2
-0.9
-0.8
-1.7
-0.2
-0.5
0.2
-2.1
-1.9
-1.1
0.1
-1.5
-3.0
-1.0
-0.4
-0.6
-1.0
-1.2
-0.4
-0.6
-1.1
-2.6
-1.8
-1.8
-2.3
-2.2
0.0
-1.4
0.0
-0.5
-1.3
-1.7
-3.0
-0.8
0.6
-1.7
-0.5
-1.7
0.2
-1.0
-3.0
-0.6
-1.4
0.0
-0.3
-0.9
-2.0
-1.1
-1.7
-1.7
-1.6
-1.6
-2.2
1.5
0.3
2.2
0.3
0.3
0.1
-0.8
-0.6
-1.7
-1.0
-1.4
-2.4
0.1
-1.2
0.8
-1.1
-2.3
-2.3
-2.1
-2.7
-1.3
-2.2
-1.5
0.0
-0.3
0.0
-1.1
0.5
1.1
0.7
0.3
-0.2
-1.0
-1.7
-0.5
-0.7
-0.6
0.0
-1.1
0.2
-0.6
-0.9
-0.4
0.1
-2.6
0.5
-0.3
0.7
0.6
0.8
0.8
0.5
1.1
0.6
-0.1
-0.1
1.3
1.8
1.7
-0.7
2.0
2.4
0.5
-0.2
0.1
-1.6
0.2
0.9
0.5
-0.8
-1.4
-0.6
0.2
0.0
0.6
1.2
1.9
0.4
0.8
0.0
1.4
-1.1
0.4
-0.8
-2.4
-2.9
-2.5
-2.1
-1.2
-1.3
-0.9
-0.5
-1.8
1.0
1.0
2.9
2.5
1.2
-0.3
0.0
-1.2
-1.2
-0.6
-2.9
-1.2
-2.4
-0.7
-2.7
-1.9
-0.3
-1.2
-0.8
-2.8
-1.5
-0.1
-1.1
-0.2
-1.4
-0.6
-0.3
0.4
0.2
-2.0
0.1
-0.6
-0.8
-1.0
-2.3
-1.0
-2.7
-2.8
-0.9
-1.5
-0.3
-1.0
-2.8
-0.1
-0.4
-1.0
-0.2
-2.1
-2.0
-1.6
-1.6
-1.5
-1.3
-1.7
-2.3
-1.9
-1.9
-2.1
-1.1
-0.7
0.2
-0.3
0.6
-0.5
-0.9
-1.1
-0.3
-0.7
0.8
0.3
0.9
0.4
-0.3
-0.7
0.5
1.0
0.6
-0.3
0.1
0.2
0.3
0.5
0.1
-1.5
-0.1
-0.7
-0.1
-1.6
-0.6
-2.4
-1.0
-1.8
-1.0
-0.5
0.2
0.0
0.3
-0.2
-0.8
0.0
-0.6
-0.9
-1.5
-1.2
-2.6
-3.7
-1.1
-1.3
0.1
0.0
-0.9
0.7
0.7
0.5
0.2
0.9
-0.5
-0.2
-0.9
-0.8
-0.1
1.0
1.7
2.2
-0.1
0.2
0.2
-0.7
0.0
-0.8
0.4
0.3
1.1
1.9
0.0
-1.6
-2.6
-1.0
-1.6
-0.7
-1.0
-1.3
-0.2
-0.5
0.9
2.2
2.2
1.2
1.4
1.2
1.2
0.0
1.2
-0.7
-1.1
0.0
-1.1
0.8
0.9
-1.2
0.7
0.1
-0.1
-0.8
0.6
0.9
1.5
2.0
0.7
0.8
0.6
0.0
0.0
0.8
-1.4
-0.1
0.0
-1.5
-0.8
0.2
0.3
0.9
1.2
1.6
-0.3
0.6
0.7
1.7
1.0
0.2
0.0
-0.5
-0.3
-0.9
-0.4
-1.2
-1.4
-0.2
0.0
-0.5
-0.1
-0.8
-0.6
-1.8
0.2
0.4
0.0
-0.5
2.2
1.7
1.8
0.5
1.2
0.8
0.3
-1.3
-0.6
0.5
-0.5
-2.8
0.3
-0.3
1.2
0.3
-0.2
0.2
-0.2
1.7
1.5
2.6
1.4
-0.5
0.4
-1.6
0.7
0.0
1.6
1.9
3.2
2.6
2.1
-0.6
0.7
0.2
-0.3
-0.9
-0.2
-2.0
-0.2
-0.2
1.5
0.2
0.8
-0.7
0.6
1.2
0.5
0.6
0.6
-0.8
-0.5
0.3
0.7
1.6
1.5
1.0
-0.7
1.9
0.8
-0.3
1.4
-0.5
0.9
2.0
1.4
1.3
1.0
-1.2
-0.7
-0.8
-1.3
-1.7
-1.5
-0.9
0.0
1.0
1.2
0.2
-0.5
-1.3
0.1
0.5
-0.6
-0.8
-0.2
-1.3
0.0
-0.7
1.4
1.0
1.0
-0.1
-0.1
-0.5
-1.0
-0.6
-0.4
-1.6
-2.2
-3.4
-1.0
-0.7
-1.2
-2.3
-1.8
-0.1
-1.2
-2.3
-1.9
-0.8
-0.7
-0.8
-0.9
-0.6
-0.4
-0.3
-0.1
0.7
-1.7
-0.7
-2.1
-2.8
-4.0
-4.5
-3.3
-3.5
-2.9
-1.5
-1.1
-1.1
-1.5
-1.0
0.3
0.1
0.3
0.2
-0.6
-1.3
-1.8
-2.0
-2.1
-1.2
-0.9
-1.7
-0.3
0.1
-0.5
0.3
0.1
0.1
-0.4
-1.5
-3.5
-3.0
-4.5
-2.6
-2.6
-2.2
-1.3
-0.5
0.3
-0.1
2.5
0.7
0.4
0.2
-0.5
-1.7
-1.1
-3.7
-1.6
-2.1
-0.7
-1.3
-2.0
-1.9
-2.1
-1.7
-1.3
0.2
0.8
0.4
-2.2
0.4
1.0
2.0
0.4
-0.7
0.1
0.0
0.3
1.5
1.9
0.6
-1.4
-0.5
-0.6
0.7
-0.8
-1.5
-2.5
-1.7
-2.0
-0.8
-0.6
-2.4
-3.0
-2.7
-1.9
-3.4
-1.6
-2.4
0.6
-0.1
0.2
0.2
0.1
0.2
-0.2
-0.2
-1.1
-1.7
-3.3
-0.6
-1.8
-0.8
-0.7
0.0
-0.6
0.0
0.3
0.3
-0.9
-1.7
-2.0
-0.9
-1.2
-0.5
-0.1
0.2
0.0
0.2
-1.2
0.0
0.2
1.1
0.7
-0.3
-1.3
-1.3
-0.1
-1.2
-1.0
-1.1
-3.3
-3.1
-1.3
-1.1
-1.6
-0.5
-1.8
-0.9
-0.2
-0.1
0.5
-0.5
-2.4
-1.5
-0.1
-1.0
-0.4
-1.8
-0.8
-0.7
0.1
0.7
-0.6
0.2
0.0
-0.6
-1.9
-2.0
-1.6
-1.6
-0.4
-0.5
-0.3
-1.1
-0.3
1.0
0.8
1.6
0.4
0.5
-1.2
0.0
1.6
-0.2
-0.5
-1.9
-1.6
0.7
1.3
2.0
1.6
0.2
1.5
1.7
2.1
1.3
1.3
-1.5
-0.5
-0.3
0.3
1.8
0.9
2.2
1.9
0.8
0.8
1.2
0.7
1.9
0.5
1.6
-0.9
-0.1
-0.1
-1.6
0.2
-0.3
0.8
0.9
-0.1
-0.6
0.8
0.3
-0.8
2.8
1.6
1.7
0.5
-0.9
-0.2
-0.7
-0.4
-1.6
-1.5
-0.3
-1.2
-0.2
-1.0
-2.2
-1.0
-1.5
-0.7
-0.5
-0.6
-0.8
-1.2
-0.8
-0.3
0.4
-0.4
-2.1
0.2
-2.7
-1.4
-2.3
0.0
0.6
0.0
-2.3
-1.7
-1.0
-1.1
-1.3
-1.6
-2.2
-2.1
-1.8
-0.1
1.0
0.4
0.1
-0.1
-0.8
-1.4
-3.2
-3.5
-1.0
-0.9
-0.5
0.4
0.6
0.3
0.0
0.3
-0.3
0.9
1.2
1.3
-0.2
0.0
-1.0
-0.3
-1.7
-0.3
-1.0
-1.5
0.3
-1.1
2.2
-0.6
-0.5
-0.6
0.3
-0.2
0.1
0.0
-1.3
0.0
-0.9
-0.3
-1.7
-0.3
-0.4
0.7
-1.4
0.0
-0.3
0.7
1.2
1.7
1.0
0.7
0.2
-0.4
-1.3
-3.2
-2.3
-2.0
0.6
1.2
1.7
1.7
0.0
0.0
-0.1
-1.2
-0.9
0.0
0.6
-0.6
-0.5
-0.7
0.8
-1.2
1.2
0.4
0.3
-0.4
-1.6
-1.6
-0.5
0.7
0.0
1.7
0.8
-0.6
0.2
-0.6
0.2
-0.5
-1.9
-2.2
-1.5
-2.0
-1.3
-0.3
-0.7
0.8
0.0
0.1
0.0
-0.5
-0.4
0.3
-0.4
-2.1
-0.9
1.1
-0.8
-0.7
-4.5
0.3
-0.3
-0.3
-0.1
0.1
1.2
0.3
-1.0
-0.1
-1.1
0.0
0.4
0.2
0.2
0.0
0.6
0.1
-1.1
-1.4
-0.8
-0.9
-1.1
0.7
0.5
1.7
1.0
-0.7
-1.2
-0.4
-0.8
-0.6
-0.2
-0.2
0.5
0.7
-1.1
0.7
0.4
0.6
-0.1
-1.6
-0.7
-2.7
-0.5
-1.2
0.6
0.7
0.4
0.5
1.2
0.8
-0.6
-0.1
0.0
0.5
-0.1
0.0
1.0
0.4
0.0
-1.5
0.8
0.3
1.1
0.0
-0.5
0.0
-1.6
0.0
-0.1
-1.0
0.0
0.3
-0.3
1.2
0.5
2.1
2.2
0.8
0.5
0.3
-0.6
-0.8
-1.2
-1.2
-1.3
0.0
0.1
0.0
-0.5
-0.2
-0.8
-0.4
-1.6
0.2
0.0
-0.3
-0.5
0.0
0.0
0.2
0.6
-0.6
1.0
0.5
0.0
-0.6
0.3
0.3
-0.8
-1.3
-1.2
0.0
0.5
0.2
0.3
0.3
0.2
0.8
0.8
-0.9
0.9
0.1
-0.3
0.5
-0.3
1.3
0.5
1.0
1.0
0.7
-0.8
0.1
0.1
0.1
-0.4
-0.3
0.0
-0.2
0.6
0.4
0.0
0.0
0.7
1.5
1.2
-0.1
0.9
0.5
-0.1
-1.2
-0.3
-0.1
0.9
0.7
0.2
-1.5
-1.1
-0.8
0.0
1.0
-1.2
0.3
1.2
0.3
0.8
-0.3
1.3
0.4
0.0
-0.7
-1.2
0.0
-0.2
0.1
-0.3
-0.5
-0.9
-0.5
0.0
0.1
-1.6
-0.8
-0.9
0.0
0.3
-2.4
-0.9
0.0
-1.5
-0.7
-0.8
-0.9
-0.8
-1.3
-0.2
0.4
-0.3
-0.8
-1.4
0.2
-1.5
-0.4
-2.2
-0.1
0.0
-0.4
-1.3
-1.3
-1.1
-1.7
-0.6
-1.0
-1.2
-1.7
-0.2
0.3
-0.5
0.2
-1.2
-0.6
-1.7
-2.5
-0.6
-1.3
-0.7
-0.4
-0.5
-1.0
-0.4
-0.7
-0.1
-0.7
-1.0
-1.5
-0.7
-1.4
-3.4
-3.4
-1.3
-1.3
-1.3
-4.0
-2.8
-0.7
-0.7
-0.6
-1.3
-1.5
-3.0
-1.9
-0.9
-0.5
-1.2
-1.8
-2.2
-0.7
-1.4
-1.4
-0.5
0.0
-0.6
-2.2
-2.6
-1.7
-1.2
-0.7
-0.6
0.5
0.2
-0.1
-1.2
-1.2
-2.2
-3.5
-3.7
-1.5
-0.6
-0.4
-0.7
-1.0
-0.7
-2.6
-1.4
-2.1
-0.8
-2.1
-1.9
-2.4
-1.1
-1.3
-0.5
-1.2
1.2
-0.3
-0.4
-1.6
-2.2
0.1
-0.1
-0.2
-0.3
-0.7
-1.2
-1.0
-0.4
-0.5
0.5
-0.9
-0.4
-2.9
-3.9
-2.4
-1.7
-1.0
-0.9
-1.6
-0.9
-0.2
-1.4
-2.1
-0.9
-1.4
-1.3
-0.9
-2.1
-0.1
-0.5
-1.5
-1.8
-3.0
-6.2
-3.9
-2.0
-0.9
-0.6
-0.6
-0.7
-1.0
-0.7
-1.6
0.5
-0.9
-0.7
-2.7
-0.1
-1.9
-2.1
-2.8
-2.5
-2.3
-1.6
-1.8
-1.7
-2.1
-1.2
-0.5
-0.2
-0.7
-1.0
-0.4
-0.8
-0.3
-0.8
0.0
-0.4
-1.0
-1.0
-1.0
-1.2
-1.5
-1.2
-2.2
-2.2
-3.3
-0.7
-0.5
-0.2
-1.0
-0.6
-0.4
-0.9
-1.3
-0.9
-1.1
0.4
-0.6
-0.4
-1.2
-2.3
1.1
0.7
0.6
-0.4
-0.6
0.4
0.6
0.5
0.5
0.1
0.3
-1.4
-0.3
0.5
1.0
0.2
-1.3
-0.8
-0.8
-1.2
-1.0
-0.6
-0.9
-1.5
-0.3
-1.8
-0.4
-1.5
-1.2
-0.5
-0.1
-0.5
-1.7
-2.0
-1.7
-1.6
-3.1
-3.7
-3.5
-2.2
-1.2
-1.2
-1.8
-0.7
-1.2
-1.4
-1.1
-1.3
-0.8
-1.1
-1.6
-1.2
-2.6
-1.9
-3.9
-1.7
-2.0
-1.6
-1.2
-1.8
-0.2
-0.6
-1.7
-1.7
-2.3
-2.0
-0.8
-1.4
-1.1
-1.5
-0.9
-0.3
-1.2
-1.2
-0.5
-0.9
-2.8
-1.2
-0.5
-0.6
-1.4
-2.0
-2.7
-0.6
-2.1
-1.9
-2.2
-1.9
-1.9
-1.6
-1.8
-0.7
-0.4
-1.3
-2.5
-2.0
-2.0
-2.6
-2.3
-1.0
-1.1
-1.3
-2.0
-1.1
-2.8
-0.3
-3.0
-1.9
-2.2
-2.0
-1.9
-2.1
-2.0
-2.6
-1.0
-0.9
0.0
0.0
-0.6
-1.0
-1.9
-4.3
-0.8
-2.1
-1.6
-0.4
-2.4
-2.4
-1.1
-2.4
-0.9
-0.9
-0.4
-0.3
-1.6
-1.8
-3.0
-1.6
-1.6
-2.3
-1.2
-2.1
-2.1
-1.5
-1.8
-3.5
-3.0
-2.7
-1.7
-1.9
-1.8
-1.2
-1.6
-0.9
-4.0
-1.0
-2.8
-2.3
-2.9
-3.5
-4.1
-3.7
-2.5
-2.5
-2.2
-0.9
-1.4
-1.3
-1.0
-2.0
-1.4
-1.6
-1.5
-1.8
-2.7
-5.3
-3.7
-1.6
-0.4
-1.4
-1.4
-1.4
-0.4
-0.2
-1.4
-2.7
-2.3
-2.0
-1.6
-1.5
-2.4
-2.0
-2.2
-2.2
-2.0
-2.1
-1.8
-2.2
-2.3
-2.4
-2.1
0.0
-1.7
-2.0
-1.2
-1.1
-1.7
-1.5
-3.4
-2.2
-1.3
-2.4
-2.6
-2.3
-0.6
0.0
-0.7
-1.0
-1.7
-3.2
-1.6
-1.0
-0.7
-0.3
-2.5
-2.3
-3.1
-2.5
-2.7
-1.6
-2.8
-0.9
-0.8
-1.2
-3.4
-1.5
-1.9
-2.6
-3.4
-0.8
-1.3
-1.1
-1.8
-2.6
-1.4
-1.1
-1.1
-1.4
-3.7
-0.4
-1.2
-1.6
-1.3
-1.8
-1.0
-0.5
-2.5
-3.1
-0.9
-1.4
-1.4
-1.6
-1.6
-1.2
-1.5
-1.0
-1.8
-1.2
-1.6
-1.7
-1.7
-2.2
-1.8
-2.0
-3.1
-3.0
-2.0
-1.7
-1.0
-1.4
-1.5
-1.9
-3.5
-2.1
-3.0
-3.6
-1.9
-1.8
-1.0
-2.6
-1.7
-2.7
-2.6
-3.2
-2.9
-1.0
-1.9
-5.0
-1.1
-1.9
-1.3
-2.7
-2.6
-2.7
-2.5
-1.8
-2.0
-1.0
-1.7
-1.2
-0.8
-0.9
-4.6
-2.4
-2.0
-1.2
-1.1
-1.1
-2.6
-1.3
-1.4
-0.9
-0.6
-2.5
-1.2
-0.2
-0.8
-0.8
-1.9
0.0
-0.8
0.1
-1.7
-0.9
-0.9
0.4
0.3
0.0
-1.8
-0.8
0.0
-0.6
-0.3
-0.3
-1.0
-1.5
0.0
-0.9
0.2
-1.3
-1.4
-0.3
-1.6
-0.7
-0.3
-0.6
-1.6
-2.0
-0.8
-1.6
-0.9
-2.5
-1.9
-1.5
-1.0
-0.3
-0.8
-1.6
-1.1
-1.7
-1.6
-1.2
-2.2
-1.3
-1.7
-1.5
-1.9
-1.7
-1.8
-1.2
-1.1
-2.5
-3.1
-3.7
-2.2
-2.2
-3.5
-0.7
-0.8
-0.9
-0.9
-3.3
-1.9
-1.5
-1.9
-1.4
-0.9
-3.6
-2.3
-3.5
-2.0
-2.2
-2.5
-2.2
-2.0
-2.0
-2.0
-1.9
-4.0
-2.6
-1.4
-0.6
-1.6
-2.7
-3.8
-2.2
-2.0
-0.7
-0.8
-0.6
-2.5
-2.7
-1.8
-1.9
-2.2
-2.7
-4.6
-1.7
-4.6
-1.1
-1.4
-1.3
-1.4
-0.8
-2.6
-0.7
-3.2
-3.1
-2.2
-1.8
-2.2
-1.1
-0.7
-1.8
-2.0
-2.9
-1.0
-0.8
-1.0
-2.1
-0.9
-1.9
-2.1
-1.7
-2.2
-1.1
-2.2
-1.2
-1.6
-2.0
-0.7
-1.5
-1.2
-3.2
-3.3
-1.2
-0.5
-0.2
-0.9
-1.6
-2.1
-1.8
-2.3
-2.1
-2.1
-1.5
-1.6
-1.4
-1.2
-2.4
-3.0
-2.6
-1.5
-2.1
-2.1
-1.8
-1.4
-2.1
-2.3
-2.0
-0.1
-1.5
-1.1
-2.1
-1.8
-2.9
-2.0
-1.3
-2.6
-1.7
-0.4
-1.4
-2.5
-3.7
-2.0
-0.1
-1.7
-1.4
-2.3
-1.0
-1.9
-0.7
-0.9
-0.3
-1.4
-1.4
-1.5
-0.9
-1.2
-1.0
-2.2
-2.9
-1.4
0.1
0.6
-0.5
-2.1
-2.6
-0.7
-1.1
0.8
-0.8
-1.2
-1.7
-0.9
-1.3
-1.5
-1.8
-1.6
-2.5
-0.2
-0.9
-1.1
-3.0
-1.2
-1.3
-0.9
-1.7
-2.0
-1.3
-0.8
-2.5
0.2
0.0
-0.3
-0.8
-1.9
-1.9
-1.3
-1.1
0.3
0.1
-0.1
0.0
-1.5
-1.7
-1.8
-1.4
-1.2
-0.8
-2.3
-1.4
-1.2
-0.2
-0.9
-3.0
-2.1
-1.5
-0.6
-0.6
-1.3
-0.6
-1.1
-1.3
-1.7
-1.8
-0.8
-0.5
-0.1
-2.6
-0.9
-1.7
-0.3
-1.0
-0.8
-0.7
0.0
-0.1
-0.2
0.3
-0.6
-0.2
0.0
-0.7
-0.2
-0.2
-0.2
0.6
-1.6
-2.4
-0.4
-0.8
0.3
-1.3
-1.4
-0.4
-0.2
-1.3
-2.2
-0.9
-0.6
-1.1
0.0
0.0
0.5
-1.0
-1.9
-1.9
-0.7
-2.2
1.4
0.9
0.8
0.2
-1.2
-3.4
-0.3
-0.4
1.0
-0.6
0.5
0.3
0.5
-0.8
-0.4
0.0
-1.9
-2.0
-0.4
0.1
-1.3
-0.5
-1.3
-0.8
-1.2
-0.9
-0.2
-0.9
-0.8
-0.5
0.7
-1.7
-0.7
-0.1
0.5
0.6
-0.7
-0.4
0.1
-0.6
-0.8
0.5
0.3
1.0
0.1
-1.6
-1.4
-1.2
-0.6
-0.1
0.0
-0.8
0.5
0.7
1.0
0.5
0.0
-0.9
-0.6
-0.7
-0.6
-0.3
-0.1
0.2
2.5
0.6
1.9
1.7
1.3
1.5
0.3
1.9
2.1
3.7
1.2
1.2
0.0
1.2
1.5
1.8
1.8
0.9
-1.5
2.2
1.2
2.7
1.2
0.7
1.7
0.6
-0.3
0.7
1.4
0.7
0.3
0.0
-0.3
0.8
0.6
1.5
0.8
0.3
0.7
-0.7
0.4
0.0
1.3
1.5
0.0
0.5
0.6
-1.2
-0.5
-2.7
-0.6
0.5
0.8
1.1
1.2
-0.1
0.2
-0.9
-0.4
-1.0
-0.4
0.3
0.5
0.3
0.6
0.1
-0.7
-0.3
-1.0
-1.0
-1.1
-0.7
0.2
0.1
-0.6
0.8
0.7
1.2
1.2
1.2
0.5
-0.1
0.9
-0.6
0.2
-0.9
0.0
-1.4
1.1
1.1
0.4
0.7
1.1
-0.3
1.2
-1.3
0.7
-0.5
1.0
-0.1
0.1
0.2
0.5
2.2
1.1
0.3
-0.5
0.1
0.3
1.1
-0.1
-0.4
-0.5
-0.5
0.0
-0.1
-0.9
-0.9
-0.1
-0.1
1.1
-0.2
-0.2
0.5
0.3
0.8
0.4
0.3
-0.3
0.8
0.8
1.0
1.8
0.8
0.4
-0.2
-1.2
-0.5
-0.1
-1.6
-0.2
-1.0
0.2
1.4
0.0
0.9
0.7
0.6
1.2
0.4
0.8
0.7
-0.5
-1.0
-1.1
0.7
0.5
1.0
1.0
0.8
-0.8
0.1
0.6
-0.2
1.9
-0.1
0.6
-0.3
-1.1
1.5
0.9
0.6
0.7
-1.0
1.4
0.0
0.2
0.0
-0.5
0.8
2.2
1.6
0.9
-0.1
0.4
-0.1
0.5
-0.7
1.2
0.6
2.0
0.6
0.6
-0.4
0.9
-0.1
0.8
-1.0
0.5
0.7
1.5
1.4
1.5
1.2
1.4
1.0
3.1
1.7
1.9
1.4
1.0
1.1
-0.2
-0.3
0.8
2.0
2.4
1.4
2.2
2.8
0.3
1.1
-1.2
2.0
1.7
1.3
1.0
1.4
0.6
0.0
1.3
0.5
-0.2
0.0
0.6
1.2
1.3
0.4
0.4
1.1
0.9
1.3
2.0
0.5
2.2
2.1
1.4
0.2
0.0
1.0
1.5
1.8
-0.4
2.1
2.2
2.0
1.3
0.5
0.6
0.1
-0.7
-0.8
0.3
0.0
-0.3
1.3
1.2
2.3
2.2
1.5
1.3
0.2
0.3
0.9
1.2
-1.1
0.7
-0.2
2.2
-0.4
0.6
1.3
2.1
2.0
1.3
1.2
0.0
0.3
1.0
1.6
0.7
0.0
0.4
0.2
2.0
0.1
1.9
0.3
0.0
0.1
0.1
0.8
1.2
1.6
1.8
1.1
-1.2
-0.2
0.6
1.3
0.9
0.2
0.5
1.1
1.6
1.8
2.2
-0.3
1.2
-0.1
1.2
0.5
0.1
1.1
0.8
1.8
-1.3
0.8
1.1
1.6
2.2
2.2
3.9
4.4
3.6
3.5
3.2
3.4
1.3
3.1
2.3
2.3
2.0
2.1
3.3
3.5
4.5
3.8
4.1
3.0
3.3
2.2
4.0
3.5
3.8
2.2
1.1
1.6
1.7
1.7
3.1
3.0
2.0
1.2
1.7
1.1
2.4
2.0
3.4
2.8
3.3
2.7
2.7
2.9
2.5
2.2
1.8
1.7
0.8
1.3
1.7
0.2
0.7
3.5
3.3
2.5
0.9
1.3
2.2
1.0
2.7
1.9
3.2
1.3
2.2
2.0
1.2
1.4
3.3
3.6
3.3
2.2
2.4
2.3
3.0
2.8
3.2
2.5
2.8
2.8
1.5
1.7
1.1
-0.5
2.4
1.9
2.4
2.9
1.4
1.5
1.5
-0.3
2.0
2.1
2.8
2.5
1.3
3.6
2.2
1.5
0.8
1.8
3.1
3.0
2.5
1.5
1.4
2.8
4.3
3.2
3.3
2.1
2.3
1.2
0.5
1.2
3.0
2.1
1.6
-0.3
2.9
3.2
2.4
0.0
0.4
2.0
2.1
1.9
1.2
1.5
2.4
2.0
1.4
1.7
2.7
3.1
4.0
3.5
1.5
2.4
2.9
3.4
4.0
3.1
2.8
3.1
3.5
2.1
1.2
0.3
1.8
2.9
3.3
2.2
3.2
3.1
2.3
1.5
2.7
3.7
4.1
2.2
1.7
2.5
2.0
2.2
1.8
0.4
3.0
2.5
1.8
1.9
3.7
4.8
4.4
2.5
3.2
1.3
2.1
1.3
2.3
2.6
1.9
2.7
2.7
2.6
1.5
0.5
1.3
0.8
1.5
1.2
2.7
3.3
3.5
2.0
1.9
1.5
2.1
1.8
0.9
0.6
1.7
3.0
2.5
2.7
1.2
1.5
1.6
-0.9
2.8
3.2
2.1
2.5
2.2
1.9
2.2
1.2
1.6
1.9
2.6
2.2
2.5
1.2
0.0
2.8
2.1
1.8
2.5
2.8
3.6
2.8
2.3
3.3
2.7
1.9
2.4
1.1
0.8
2.2
2.0
1.6
2.8
2.2
4.5
3.9
1.0
3.0
3.2
2.7
3.4
2.6
1.1
2.4
0.8
1.4
1.8
3.5
2.7
1.9
0.8
2.0
2.9
1.1
0.4
2.0
2.0
1.7
2.1
2.0
3.0
2.2
3.2
2.5
0.7
1.5
2.5
3.7
4.1
2.9
3.5
2.0
2.9
0.8
2.4
1.6
3.7
3.3
3.8
1.1
2.7
3.0
2.3
3.5
2.5
4.6
4.2
1.3
3.9
2.2
2.1
2.7
2.3
3.8
2.0
2.2
2.5
2.9
1.6
0.1
3.3
3.3
3.7
4.3
3.2
3.7
1.8
2.1
2.4
4.2
2.8
2.1
2.1
2.8
3.6
2.6
1.5
1.4
3.3
3.4
2.7
1.7
3.0
2.6
2.7
3.8
2.2
2.7
2.0
1.6
3.1
2.6
2.8
3.1
2.9
1.6
1.5
1.1
1.9
2.4
2.8
0.0
2.6
2.7
4.1
2.5
2.7
2.2
2.6
1.2
3.3
2.0
0.5
3.1
2.3
2.9
2.9
2.7
4.6
3.1
2.9
2.0
1.1
1.8
2.3
3.4
3.4
3.5
3.0
3.4
2.4
2.9
2.8
1.6
0.8
2.5
3.0
3.4
2.8
1.4
3.0
2.3
2.9
2.7
3.1
3.7
3.0
4.6
3.5
1.3
4.2
2.5
4.4
4.2
2.8
3.8
4.8
3.9
3.7
3.7
4.5
4.7
3.5
2.4
1.2
3.7
3.1
3.1
4.3
3.3
3.6
2.9
1.9
2.8
2.6
2.0
3.6
2.9
2.4
1.5
1.2
1.9
2.8
0.7
1.2
2.7
3.1
3.1
1.9
1.1
1.8
3.1
1.9
2.6
1.2
1.4
0.7
1.6
0.3
2.7
1.8
2.4
1.7
2.7
3.3
0.4
2.1
1.4
2.1
1.7
2.2
1.1
1.0
1.6
3.0
3.1
2.2
1.7
1.7
1.5
1.6
1.7
1.8
2.2
2.2
2.3
0.9
1.5
1.5
2.6
1.9
2.0
2.4
1.7
2.2
2.2
1.6
2.4
2.6
1.7
3.0
0.5
1.5
0.3
0.4
2.3
1.2
2.6
1.3
1.2
1.2
1.8
1.6
1.7
1.1
2.2
1.9
1.5
2.2
2.3
0.4
2.1
2.0
1.6
2.3
1.9
0.4
2.0
1.4
1.5
2.5
1.6
1.2
1.6
1.5
1.2
1.2
0.5
1.4
0.6
1.1
-0.2
1.0
3.1
3.1
2.8
1.5
2.4
1.6
2.5
2.5
1.6
2.7
1.2
1.9
1.8
1.1
0.4
2.0
2.0
2.0
0.8
1.6
2.7
2.3
1.6
0.2
1.2
0.7
1.3
2.2
1.1
0.4
0.0
0.8
0.8
2.4
2.7
3.1
1.3
1.7
1.1
1.4
0.6
0.4
-0.5
0.8
0.6
1.5
1.0
2.4
3.1
2.0
0.3
-0.4
1.0
-0.2
1.0
1.9
2.7
1.9
1.8
1.2
2.1
1.2
1.6
0.0
0.5
1.1
2.3
1.7
1.4
1.4
2.0
1.2
0.8
1.2
1.4
1.4
2.3
2.5
1.7
1.1
0.3
0.4
0.2
1.1
1.2
-0.3
1.1
1.6
2.1
2.5
0.8
0.6
0.9
0.7
1.6
0.6
-0.1
1.1
1.3
1.2
0.6
-1.0
1.9
1.4
1.3
0.7
0.1
-0.3
0.1
0.2
2.3
1.7
1.5
0.2
2.0
0.9
1.2
0.2
-0.4
-0.4
0.9
1.1
-0.5
0.8
-0.2
1.3
0.4
0.6
0.0
1.5
0.5
2.0
0.9
1.8
1.8
1.8
0.0
1.0
1.6
1.7
1.8
1.2
0.5
1.1
0.8
0.3
1.3
1.4
1.6
3.8
1.6
2.1
0.5
1.6
0.6
-0.3
-0.9
-2.6
0.3
0.6
2.2
0.8
0.6
1.6
1.3
0.7
1.7
1.6
1.2
2.6
0.0
0.0
-1.5
-2.4
-0.5
-1.1
0.2
-0.1
1.7
1.1
1.5
-0.5
-0.1
1.1
1.8
1.6
1.4
1.9
-0.6
0.6
0.7
0.0
0.4
-1.2
-0.1
0.5
0.1
0.4
0.8
0.9
0.0
0.6
-0.8
-3.9
-1.2
-0.9
0.6
0.6
0.3
-0.8
0.0
-1.4
-0.3
-0.3
-0.7
0.1
-0.3
-1.0
-1.8
-0.4
0.0
-1.0
1.0
-0.8
-1.0
-0.2
-0.1
-0.6
-1.6
-2.6
0.0
0.6
0.0
-1.6
-1.6
-2.8
0.0
-1.1
0.5
-2.0
-1.9
0.4
-0.5
-0.3
-1.2
-2.1
-1.3
-1.0
-0.6
-1.2
-3.1
-1.3
-1.0
-1.0
0.4
-0.5
-0.2
0.0
-1.3
-1.2
-1.4
-2.0
-1.4
-1.8
-2.4
-2.1
-2.1
-1.0
-0.2
0.0
-1.2
-1.3
-1.1
-0.2
-0.3
-0.6
-0.8
-1.9
-2.7
-0.5
-1.0
-1.2
-1.0
-2.5
0.0
-0.5
-0.8
-1.2
-3.9
-1.8
0.0
0.2
0.0
-0.8
-0.8
-1.1
-1.1
-2.9
-1.5
-1.1
0.2
-0.6
-2.1
-2.9
-2.1
-1.2
-1.4
-1.0
-1.1
-0.7
0.0
-1.8
-0.6
-2.1
-3.2
-0.3
-1.4
-1.7
-2.9
-1.9
-1.3
-0.5
-3.0
-2.7
0.3
0.0
-0.9
-1.8
-1.5
0.1
0.4
0.4
-0.8
-1.4
-1.9
-0.2
-0.3
0.2
0.2
-1.2
-0.7
-1.0
-1.9
0.0
0.2
1.9
2.2
1.3
1.3
1.4
0.7
0.0
-3.3
0.0
0.0
-0.3
0.1
-0.3
0.5
-0.6
-0.3
0.8
2.7
1.9
1.9
3.2
2.4
3.0
1.8
0.0
-1.8
-2.8
-1.6
-2.6
-1.0
0.0
1.5
1.2
1.8
-0.5
0.9
0.2
-0.5
-1.9
-2.3
-1.5
-1.1
-1.2
-3.8
-2.9
-5.2
-5.3
-5.5
-6.3
-5.8
-5.5
-3.4
-1.7
-1.1
-0.2
-1.3
0.0
0.2
-1.1
-0.6
-0.5
-0.8
-1.1
-1.9
0.0
0.3
-1.0
-1.9
-2.1
-5.0
-4.4
-4.7
-2.3
-1.8
-2.5
-1.9
-1.1
-1.5
-0.1
0.4
0.5
0.7
-0.6
0.0
-0.9
-2.0
-4.3
-3.2
-3.1
-1.1
-2.3
-3.4
-4.6
-4.9
-5.1
-4.9
-4.1
-2.3
-3.1
-2.3
-1.9
-1.3
-0.3
-1.3
-0.5
0.8
-0.2
-0.2
-0.4
-1.6
-3.9
-2.0
-2.9
-3.6
-4.5
-3.8
-1.8
-1.3
-3.7
-3.8
-2.5
-3.0
-2.7
-3.0
-2.9
-2.0
-2.1
-4.9
-1.2
-2.7
-1.5
-0.7
-1.7
-1.7
-0.8
-1.2
-1.9
-1.5
-2.5
-4.0
-3.3
-4.2
-4.0
-2.6
-4.6
-2.6
-1.1
-0.7
-1.6
-1.3
-2.4
-1.7
-2.9
-2.0
-1.4
-1.1
-1.3
-1.6
-2.0
-1.4
0.0
-0.2
-0.5
-2.7
-3.6
-1.8
-1.4
-0.8
-1.6
-0.8
-1.5
-1.5
-2.3
-3.3
-3.7
-4.0
-2.8
-1.6
-1.2
-0.7
-0.6
-1.9
-3.7
-3.6
-3.6
-3.0
-3.6
-3.3
-4.3
-3.5
-2.1
-2.4
-3.7
-2.3
-1.7
-0.9
-2.2
-2.2
-3.9
-3.3
-3.7
-2.6
-1.8
-3.7
-4.0
-3.2
-2.8
-3.5
-2.4
-1.6
-1.4
-1.3
-3.2
-3.3
-2.2
-2.4
-2.5
-2.6
-2.2
-2.2
-2.1
-3.0
-2.5
-3.4
-2.0
-2.7
-3.6
-1.5
-3.2
-2.0
-1.7
-0.9
-1.2
-1.3
-1.7
-1.8
-4.2
-2.0
-2.1
-1.3
-1.9
-2.1
-1.7
-0.3
-1.8
-1.5
-1.4
-0.9
-2.3
-2.2
-3.4
-2.6
-2.5
-0.6
-2.5
-1.0
-1.4
-1.4
-0.8
-2.2
-1.7
-1.0
-2.0
-0.3
-0.5
-1.5
-1.2
-1.2
-0.5
-2.4
-2.3
-3.0
-3.4
-2.3
-3.2
-2.5
-1.8
-2.2
-1.6
-3.0
-1.9
-2.6
-2.9
-2.8
-3.2
-2.6
-2.4
-1.5
-1.0
-1.0
-2.0
-1.5
-1.6
-2.5
-1.7
-1.9
-1.5
-1.9
-2.7
-2.2
-1.4
-1.5
-2.2
0.1
-1.2
1.2
0.0
-0.2
0.6
0.3
0.6
-1.0
-0.3
0.5
0.0
-1.3
-2.0
1.2
1.0
1.2
0.0
-0.6
-0.3
-0.7
-0.4
0.2
0.5
0.3
0.5
0.6
-1.0
-1.4
-0.6
-0.6
-1.7
-1.6
-1.5
0.0
0.6
-0.7
-2.0
-0.5
-1.0
-1.7
-0.8
-1.2
-1.1
-1.3
-1.5
-1.8
-1.3
-2.3
-2.0
-1.7
-2.9
-2.9
-3.6
-4.0
-3.0
-1.4
-0.1
-1.7
-1.5
-1.7
-1.6
-1.4
-1.8
-1.2
-0.8
-0.9
-1.5
-2.1
-2.0
-2.0
-1.5
-2.2
-1.5
-2.6
-0.7
-0.5
-0.1
0.8
0.0
-0.6
-0.4
-1.2
0.1
0.0
0.0
-1.3
-0.2
0.1
0.1
-0.6
-0.1
1.3
2.5
0.8
0.8
1.3
1.5
1.9
0.5
-1.7
-1.0
-1.8
-0.4
-0.1
-0.9
0.2
-0.7
-1.9
0.8
-0.7
0.3
-1.0
-0.4
0.3
-0.6
-1.5
-1.0
0.5
-0.3
-0.8
-0.8
-0.6
-1.0
-2.9
-1.6
-2.3
-1.8
-2.3
-2.4
-1.4
-1.6
-1.5
-1.4
-1.7
-1.0
-0.3
0.0
-0.4
-0.9
-1.3
-1.1
-1.5
-2.0
-3.7
-3.4
-2.0
-0.6
-1.0
-2.8
-2.0
-1.5
0.0
-1.5
-1.7
-1.7
-2.1
-0.7
-0.4
-0.7
-1.5
-1.6
-1.0
-0.5
-0.5
-1.2
-0.4
-0.4
-0.8
-0.6
-1.5
0.0
-1.5
0.3
-1.1
-0.1
-1.6
-1.2
-1.5
-2.1
-1.2
-1.1
-0.2
-0.1
0.1
0.1
-0.9
-0.7
-1.8
0.6
-1.5
0.6
3.2
0.3
-2.1
0.7
-4.1
-1.9
-0.9
-1.6
-2.5
-0.5
0.9
-5.1
1.2
-0.8
2.3
4.3
-2.9
0.5
4.0
-4.4
2.8
-3.6
1.9
0.6
-1.5
-0.4
-2.8
-2.0
0.3
-1.6
-0.4
0.6
-2.2
1.7
1.1
4.1
0.9
0.0
4.0
-1.7
0.8
-2.1
-0.1
-2.9
-2.0
1.7
-0.9
0.0
1.3
0.9
4.2
-1.6
2.2
2.0
1.0
0.4
2.4
2.6
1.0
-3.2
3.5
-0.8
4.2
-1.9
0.4
-1.4
-0.8
-1.7
1.7
0.1
3.8
-5.1
1.3
-4.0
-2.8
0.0
-0.2
-3.9
1.0
1.1
-2.6
-4.7
-4.2
0.7
2.9
-4.7
0.1
-4.3
-0.6
-2.6
-1.5
0.3
-2.5
-3.1
2.3
-1.3
-4.6
-2.8
-1.1
-4.7
0.5
-3.5
-2.7
-0.6
-3.3
-4.0
-4.5
-2.4
0.0
-3.3
-3.5
-3.1
-3.9
-4.5
-2.6
-4.2
-2.4
-3.2
-3.2
-2.8
-2.8
-5.1
-1.0
-3.2
-1.0
-1.9
-2.6
-2.0
-1.2
-1.8
-1.5
-1.8
-1.2
-5.5
-3.1
-3.7
-3.5
-2.6
-2.1
-2.4
-2.2
-4.2
-3.0
-3.0
-2.2
-2.1
0.1
-3.1
0.0
-4.6
-0.8
-3.4
-3.4
-1.0
-1.3
-1.6
-1.8
-3.5
-3.9
-3.7
-6.4
-6.8
-4.9
-3.7
-4.6
-2.0
-4.6
-2.0
-3.0
-1.5
-4.0
-2.1
-4.4
-1.2
-5.0
-4.2
-3.0
-0.1
-1.9
-4.0
-2.8
-3.1
-3.2
-2.1
-4.1
-1.6
-2.3
-3.9
-2.4
-4.1
-2.8
-2.5
-5.6
-2.7
-3.5
-3.5
-4.1
-4.7
-3.3
-3.6
-4.6
-4.4
-4.6
-5.9
-4.3
-4.5
-5.2
-5.3
-3.7
-4.5
-3.9
-4.3
-3.3
-3.0
-4.0
-2.9
-2.3
-2.5
-2.8
-3.2
-3.9
-2.9
-2.8
-3.6
-4.9
-6.6
-7.1
-9.6
-11.4
-13.7
-13.1
-14.0
-15.8
-17.1
-18.4
-19.3
-21.7
-20.6
-20.7
-20.5
-21.9
-20.9
-21.7
-23.1
-24.2
-25.1
-26.0
-26.8
-28.2
-29.0
-29.2
-30.4
-30.9
-31.2
-32.8
-33.4
-34.4
-35.1
-36.5
-37.6
-37.7
-37.9
-38.7
-40.0
-42.1
-41.4
-41.2
-44.3
-44.4
-45.2
-45.6
-45.6
-49.1
-47.4
-47.7
-47.9
-49.7
-50.0
-52.3
-52.6
-53.8
-54.5
-55.6
-55.3
-56.7
-55.8
-57.5
-59.2
-59.8
-59.9
-61.6
-62.0
-62.8
-62.5
-63.4
-65.0
-65.0
-66.8
-68.0
-66.5
-66.3
-65.3
-66.2
-66.8
-66.2
-66.0
-65.3
-65.7
-65.5
-65.5
-65.4
-65.2
-66.0
-63.7
-63.6
-63.5
-63.4
-63.7
-63.3
-64.1
-64.1
-64.1
-63.5
-64.3
-63.9
-62.3
-63.1
-63.7
-61.0
-61.9
-62.0
-62.3
-62.5
-61.6
-62.5
-61.9
-63.0
-60.8
-61.5
-61.8
-61.2
-61.0
-60.7
-60.6
-60.3
-61.5
-59.9
-61.5
-59.9
-59.9
-59.0
-59.0
-59.0
-58.5
-58.8
-58.7
-57.6
-57.5
-57.6
-57.1
-57.5
-57.6
-59.0
-59.0
-58.3
-58.5
-59.7
-59.2
-59.0
-58.7
-58.7
-61.2
-58.7
-60.1
-60.3
-60.3
-59.3
-59.8
-56.4
-57.5
-57.4
-55.9
-57.3
-58.0
-56.6
-56.1
-54.2
-53.5
-55.3
-53.1
-52.7
-54.0
-54.9
-53.5
-52.3
-48.5
-51.4
-50.7
-52.1
-50.6
-49.8
-48.0
-50.2
-49.3
-48.5
-49.7
-46.6
-49.6
-48.9
-48.0
-48.1
-49.5
-47.1
-49.2
-46.8
-48.0
-47.3
-46.4
-47.1
-45.7
-44.9
-44.3
-45.3
-46.0
-45.4
-43.9
-45.1
-44.9
-43.7
-44.6
-44.7
-43.3
-43.6
-42.3
-42.8
-41.9
-41.5
-41.9
-42.3
-41.6
-41.3
-40.5
-42.9
-40.3
-41.6
-42.0
-41.5
-41.2
-40.8
-41.5
-42.6
-42.4
-40.7
-40.9
-40.9
-41.2
-41.8
-41.6
-41.3
-41.5
-42.0
-42.0
-41.1
-43.0
-42.3
-40.7
-41.8
-40.3
-40.2
-40.0
-38.7
-41.8
-41.2
-38.5
-36.5
-38.9
-39.5
-38.4
-40.5
-39.1
-39.3
-36.8
-36.7
-36.2
-38.9
-36.0
-38.1
-37.7
-37.4
-36.0
-34.1
-34.5
-33.4
-35.2
-35.3
-35.2
-36.6
-37.2
-34.1
-36.0
-33.8
-34.6
-34.1
-32.7
-35.0
-33.6
-35.2
-32.5
-34.3
-34.2
-32.8
-33.9
-33.3
-34.2
-32.4
-36.0
-32.9
-33.4
-33.6
-33.2
-35.3
-34.2
-33.7
-35.4
-32.5
-33.0
-32.0
-36.1
-36.7
-34.9
-35.0
-36.4
-32.1
-37.3
-35.2
-37.0
-37.0
-38.2
-38.6
-37.1
-38.7
-36.6
-40.2
-38.8
-38.5
-41.0
-39.9
-40.7
-42.3
-40.3
-40.6
-42.0
-41.2
-41.8
-40.8
-41.6
-42.6
-44.1
-41.4
-43.4
-42.8
-43.5
-45.9
-45.8
-46.3
-44.4
-45.6
-46.2
-44.8
-46.2
-48.1
-50.3
-48.7
-49.6
-47.6
-50.3
-50.5
-52.3
-50.9
-49.4
-50.9
-51.6
-52.3
-51.4
-57.3
-53.3
-54.8
-51.5
-48.1
-63.9
-55.2
-53.5
-52.5
-54.0
-53.2
-55.3
-54.8
-56.7
-58.9
-54.0
-52.4
-58.4
-52.7
-54.3
-55.1
-50.8
-53.2
-59.5
-52.3
-52.2
-58.1
-55.7
-56.8
-50.8
-53.0
-54.2
-59.5
-47.5
-58.0
-57.2
-56.5
-58.1
-53.0
-54.3
-53.0
-58.2
-55.3
-59.2
-54.7
-54.3
-53.4
-58.1
-59.1
-54.8
-52.7
-57.6
-58.0
-56.7
-57.1
-58.5
-54.8
-59.8
-54.5
-56.6
-60.4
-57.0
-61.6
-58.5
-58.7
-58.5
-57.9
-58.3
-59.8
-57.5
-58.4
-58.5
-60.3
-58.9
-58.5
-59.3
-59.9
-60.9
-60.8
-62.0
-62.5
-62.5
-63.6
-63.7
-64.5
-64.6
-63.9
-65.0
-64.3
-65.2
-65.7
-66.3
-66.2
-66.0
-65.9
-66.4
-66.3
-65.6
-66.1
-66.3
-67.0
-65.6
-66.4
-65.4
-66.0
-64.8
-64.5
-64.6
-64.0
-64.0
-63.3
-63.4
-63.7
-64.1
-63.7
-64.4
-65.5
-65.6
-66.0
-65.5
-64.6
-64.6
-64.1
-64.1
-65.2
-65.1
-64.6
-65.3
-65.9
-65.6
-65.3
-65.6
-64.9
-65.8
-66.2
-63.8
-66.3
-65.2
-65.6
-66.0
-66.0
-66.5
-65.5
-67.0
-64.4
-65.7
-65.1
-65.7
-66.8
-66.6
-67.3
-68.1
-68.7
-69.8
-71.7
-69.8
-72.0
-72.8
-73.8
-74.9
-73.8
-75.1
-75.8
-75.4
-79.1
-77.6
-77.1
-76.9
-76.9
-78.7
-78.5
-77.8
-79.0
-77.9
-77.0
-78.8
-79.3
-78.7
-79.6
-76.9
-77.7
-77.5
-78.4
-79.9
-78.4
-77.7
-77.5
-78.3
-78.9
-79.4
-78.9
-78.5
-79.4
-79.3
-79.4
-80.3
-80.3
-80.2
-79.8
-79.8
-79.8
-80.3
-80.2
-80.5
-79.4
-80.6
-77.9
-79.0
-79.1
-79.1
-80.5
-79.6
-79.3
-79.0
-79.2
-79.8
-77.1
-78.0
-78.1
-79.5
-79.1
-78.4
-79.8
-78.1
-79.5
-77.8
-78.7
-78.5
-77.7
-78.8
-79.4
-79.6
-79.5
-77.5
-77.5
-77.7
-78.9
-78.7
-77.3
-79.3
-78.2
-78.8
-79.5
-77.4
-77.5
-77.2
-77.6
-78.8
-77.6
-79.1
-78.2
-79.2
-77.1
-78.0
-77.9
-76.5
-76.6
-76.4
-76.4
-77.0
-76.7
-77.3
-76.4
-77.3
-76.1
-76.5
-76.4
-76.0
-76.7
-77.4
-78.5
-74.8
-77.1
-74.8
-75.9
-75.4
-74.6
-74.8
-75.3
-75.6
-76.5
-74.3
-75.4
-75.4
-75.8
-76.7
-75.3
-75.4
-75.1
-74.5
-74.3
-74.8
-74.6
-74.9
-75.9
-76.5
-76.4
-77.0
-76.7
-77.3
-75.8
-75.8
-74.0
-73.9
-74.8
-75.1
-75.8
-75.6
-75.2
-77.3
-76.1
-76.0
-75.2
-76.5
-76.4
-75.5
-74.8
-76.2
-77.2
-76.7
-76.3
-76.1
-76.8
-76.6
-76.5
-76.3
-74.8
-75.3
-77.0
-75.9
-78.1
-75.9
-77.3
-76.1
-76.7
-76.5
-76.7
-75.6
-78.3
-76.7
-78.2
-75.9
-76.7
-78.1
-77.8
-77.1
-77.3
-77.7
-79.6
-78.2
-79.5
-79.3
-79.8
-80.6
-79.3
-79.4
-78.7
-78.8
-79.2
-79.1
-78.7
-79.9
-79.6
-80.5
-80.9
-80.9
-80.6
-80.5
-82.0
-80.9
-81.4
-81.5
-80.3
-81.8
-80.8
-81.4
-84.1
-80.8
-81.1
-81.0
-82.8
-83.3
-82.5
-82.1
-82.1
-82.6
-82.8
-82.4
-84.0
-82.1
-83.2
-83.2
-84.0
-84.1
-85.2
-84.2
-84.1
-84.9
-84.6
-85.5
-86.3
-87.9
-85.7
-85.1
-84.1
-85.3
-85.2
-84.8
-84.3
-85.8
-86.2
-86.1
-86.9
-88.2
-87.6
-87.1
-87.8
-87.1
-87.6
-87.6
-87.5
-87.2
-88.1
-87.7
-88.1
-87.8
-90.1
-88.6
-90.0
-88.3
-88.6
-88.7
-88.7
-89.4
-89.5
-89.5
-87.6
-89.3
-89.9
-89.3
-87.8
-88.8
-87.4
-88.6
-88.1
-88.1
-88.7
-88.1
-87.9
-89.0
-89.3
-88.2
-88.7
-89.6
-89.0
-88.8
-88.9
-89.5
-90.0
-89.8
-89.4
-88.8
-90.7
-89.8
-90.6
-90.6
-90.2
-90.7
-89.1
-89.6
-89.0
-90.6
-89.9
-88.5
-90.1
-89.8
-90.5
-89.8
-89.7
-90.1
-91.2
-90.2
-90.2
-89.2
-88.4
-89.8
-89.0
-89.6
-89.4
-89.3
-90.4
-87.6
-88.1
-87.3
-87.7
-88.9
-87.9
-89.2
-86.6
-87.5
-87.5
-87.3
-87.3
-87.6
-86.8
-87.4
-87.0
-86.2
-86.7
-85.6
-85.7
-85.9
-85.5
-85.3
-86.0
-85.5
-86.0
-84.1
-84.2
-83.9
-83.9
-84.3
-84.2
-84.0
-85.6
-84.4
-83.8
-82.6
-82.7
-83.5
-83.0
-83.2
-83.6
-82.9
-83.1
-82.5
-82.6
-83.0
-82.4
-81.9
-82.5
-80.2
-81.7
-80.4
-81.3
-81.2
-80.9
-81.5
-80.6
-80.6
-80.1
-79.6
-79.0
-77.8
-78.4
-78.2
-78.8
-79.2
-78.6
-78.3
-77.9
-77.6
-77.3
-76.9
-76.9
-76.9
-76.1
-75.6
-75.7
-76.4
-77.0
-75.6
-75.5
-74.5
-74.9
-74.5
-73.6
-73.7
-74.3
-75.2
-73.8
-72.8
-73.2
-72.8
-73.3
-72.6
-72.7
-72.5
-73.1
-72.0
-72.3
-72.0
-71.4
-71.4
-71.5
-72.1
-70.9
-70.7
-70.1
-69.8
-69.7
-69.7
-69.5
-69.9
-68.3
-66.8
-67.0
-67.0
-67.5
-66.9
-67.3
-64.9
-64.4
-63.5
-64.6
-63.6
-64.5
-64.1
-63.2
-62.9
-62.3
-62.5
-62.6
-61.6
-61.9
-60.4
-60.8
-63.2
-60.0
-61.0
-58.9
-60.2
-61.0
-59.8
-59.7
-60.9
-60.5
-58.9
-58.9
-59.4
-59.3
-59.1
-59.1
-57.4
-58.2
-57.9
-57.1
-57.8
-57.0
-56.9
-56.4
-55.8
-56.2
-55.5
-56.4
-55.7
-55.4
-54.5
-54.2
-56.0
-55.2
-56.0
-53.9
-54.2
-52.8
-52.5
-52.7
-51.8
-51.4
-52.3
-52.4
-53.9
-53.5
-51.4
-49.6
-48.7
-51.4
-51.4
-51.5
-50.6
-51.5
-51.2
-50.5
-49.4
-50.5
-50.6
-48.1
-48.8
-49.0
-48.7
-49.4
-47.4
-47.0
-47.7
-50.6
-48.2
-49.7
-48.4
-47.9
-48.6
-48.2
-46.5
-47.3
-46.5
-46.2
-47.3
-46.6
-46.3
-47.0
-47.6
-46.2
-45.9
-45.9
-45.1
-45.7
-46.0
-45.6
-46.7
-45.9
-44.9
-43.7
-45.7
-43.3
-44.1
-44.0
-43.4
-43.9
-43.8
-45.6
-47.4
-44.0
-44.3
-43.7
-43.5
-44.0
-41.2
-44.3
-44.4
-43.9
-43.7
-41.9
-42.5
-42.5
-43.0
-43.2
-43.3
-41.6
-40.8
-42.8
-39.5
-40.8
-40.8
-41.5
-41.7
-41.6
-41.2
-40.9
-41.6
-41.0
-41.5
-41.1
-39.7
-39.4
-39.9
-40.2
-39.7
-39.5
-39.2
-38.8
-39.4
-39.2
-38.8
-40.0
-37.0
-37.3
-37.6
-37.9
-37.5
-37.2
-36.9
-36.8
-35.4
-35.4
-36.5
-36.2
-35.1
-36.2
-36.0
-36.6
-36.0
-35.2
-36.9
-36.4
-34.6
-35.9
-33.3
-33.6
-33.5
-34.9
-35.6
-35.6
-34.3
-36.6
-34.1
-36.0
-34.5
-36.4
-34.8
-34.6
-35.3
-35.4
-32.9
-34.7
-34.1
-35.8
-35.2
-35.0
-34.1
-35.3
-32.2
-33.6
-32.6
-32.6
-33.6
-35.0
-34.8
-37.3
-33.7
-31.5
-31.8
-32.7
-32.1
-32.5
-31.3
-33.7
-32.5
-32.7
-33.3
-31.7
-36.6
-27.9
-31.2
-32.7
-33.4
-32.5
-31.9
-35.1
-32.8
-32.7
-31.0
-32.7
-34.8
-36.6
-30.8
-30.2
-31.2
-33.0
-30.4
-32.3
-28.7
-33.0
-29.4
-31.3
-29.2
-32.2
-28.3
-28.0
-32.1
-28.0
-28.5
-27.9
-29.2
-27.5
-29.0
-26.0
-31.2
-27.7
-29.4
-29.5
-27.3
-26.8
-27.6
-26.6
-29.6
-26.0
-27.2
-27.7
-26.6
-28.7
-26.9
-25.8
-24.6
-25.9
-26.8
-25.1
-24.9
-24.8
-27.2
-24.2
-25.9
-23.9
-25.3
-24.7
-25.9
-23.5
-23.1
-23.6
-23.8
-25.0
-22.4
-23.0
-23.2
-22.1
-24.8
-23.0
-22.1
-24.6
-21.5
-23.7
-22.1
-19.2
-23.0
-21.8
-23.1
-21.8
-21.7
-20.9
-23.5
-21.0
-20.7
-21.5
-20.0
-19.1
-19.8
-19.7
-20.3
-19.3
-18.0
-18.6
-18.7
-18.5
-18.0
-17.8
-16.4
-18.2
-16.8
-16.4
-14.6
-16.0
-16.2
-17.3
-16.5
-15.6
-16.9
-14.5
-14.6
-14.6
-15.6
-17.5
-14.9
-17.0
-13.8
-15.5
-16.2
-19.7
-14.6
-14.6
-13.5
-14.8
-15.1
-14.3
-15.7
-16.8
-14.9
-13.4
-14.7
-14.0
-15.7
-14.9
-13.5
-13.6
-14.2
-15.8
-15.5
-12.1
-12.0
-14.0
-14.9
-15.3
-13.7
-11.8
-12.2
-11.4
-13.0
-12.1
-12.3
-12.4
-12.1
-12.7
-13.6
-11.0
-12.3
-11.6
-13.0
-11.9
