7.8
8.1
7.4
7.7
8.5
9.5
8.9
7.9
8.3
8.9
7.8
6.6
6.9
7.7
8.0
8.5
8.3
8.2
9.5
9.7
9.5
9.6
8.5
7.4
7.8
8.9
10.3
9.9
8.5
7.5
8.1
8.7
8.2
8.7
9.4
9.2
9.0
9.4
9.2
7.8
7.4
8.6
9.7
9.9
10.4
9.3
8.7
9.6
10.6
10.0
9.6
9.6
9.1
7.9
7.4
8.0
8.9
9.1
9.0
8.3
8.0
9.0
9.7
10.1
10.7
10.8
9.7
9.1
9.3
8.9
8.5
8.8
9.1
9.4
9.7
8.7
8.7
9.7
11.0
10.9
10.0
9.6
10.2
10.2
9.4
8.6
8.6
8.8
8.0
8.2
9.8
11.3
11.6
10.3
8.9
8.8
9.6
9.6
9.1
10.0
11.5
10.3
9.1
9.6
10.3
9.4
9.4
10.0
10.0
10.1
9.8
9.4
9.5
9.2
9.5
9.4
9.0
8.9
10.2
11.4
11.9
12.2
11.5
9.8
9.5
11.1
10.5
9.3
9.8
10.2
10.8
10.5
10.2
10.3
10.6
10.1
10.7
11.6
12.3
12.0
11.1
11.2
11.2
11.0
10.9
11.1
11.4
11.7
12.4
12.1
11.3
10.8
10.8
10.8
11.3
12.2
12.2
12.2
12.6
12.1
12.1
11.8
11.6
10.2
10.2
11.1
11.3
11.1
10.8
10.1
9.8
9.9
10.2
10.9
11.5
11.2
11.2
11.2
11.1
11.3
11.2
10.3
10.2
10.6
11.0
12.0
13.2
12.8
12.0
11.8
11.0
10.4
10.3
10.2
10.5
11.3
12.2
11.8
11.1
11.1
10.3
10.1
10.1
10.5
10.5
9.7
9.8
10.2
10.6
10.9
10.3
9.7
9.1
9.5
10.6
11.4
11.0
9.9
10.1
11.3
11.9
11.4
10.1
9.8
9.4
9.3
10.5
11.3
10.9
9.9
9.4
9.3
9.3
10.2
10.4
10.2
9.4
9.6
10.2
10.1
9.7
9.9
10.6
11.1
10.7
10.2
10.0
10.3
10.2
10.9
11.0
10.1
9.0
9.1
10.2
10.9
11.0
10.2
9.3
8.8
9.8
11.0
11.3
10.6
9.9
10.2
10.9
11.6
11.4
10.8
10.2
11.5
11.6
10.8
10.4
10.4
10.8
10.5
9.8
9.8
9.4
9.7
10.5
11.2
11.4
10.3
9.2
9.8
10.8
11.0
9.6
8.3
9.2
10.8
11.5
11.3
10.7
10.7
11.2
10.9
10.3
10.2
10.4
9.8
9.6
9.7
9.4
9.0
9.2
9.9
11.4
12.1
10.7
9.6
9.8
10.8
11.4
11.3
10.9
10.1
10.5
11.5
11.7
11.7
11.2
11.2
11.4
11.2
11.3
11.3
11.2
12.0
12.2
11.5
10.9
10.4
10.3
10.3
10.4
10.7
10.9
11.2
10.9
10.5
10.7
11.3
11.4
11.2
10.6
10.6
11.0
11.6
11.1
10.8
11.7
11.5
11.4
11.8
11.6
11.3
10.7
10.6
10.9
11.6
11.2
10.5
10.6
11.3
11.4
11.2
10.3
9.8
10.2
10.5
10.9
10.6
10.5
10.5
11.5
11.9
11.3
11.0
11.0
11.0
10.3
9.8
10.1
10.4
10.3
9.5
9.8
10.1
9.7
9.9
10.6
11.1
10.7
10.5
10.3
9.6
9.3
9.4
10.1
10.5
10.0
9.8
9.9
9.5
10.4
11.4
11.4
10.8
10.6
11.3
11.2
11.3
11.3
11.1
10.5
10.3
11.2
11.7
11.2
10.1
10.3
10.4
10.3
11.2
13.1
13.8
11.5
9.8
9.8
10.4
10.8
10.6
10.3
10.3
10.6
10.6
10.6
11.1
11.2
10.6
10.9
10.7
10.6
10.6
11.5
12.0
11.6
11.0
10.3
10.3
9.9
10.0
10.6
10.7
11.3
11.5
10.9
10.5
10.8
10.7
9.8
9.4
10.0
10.6
11.2
11.6
11.1
10.0
9.9
10.4
10.7
11.3
11.2
11.1
10.5
10.1
10.5
11.7
12.1
12.2
12.3
11.9
11.4
12.3
12.6
12.2
12.0
12.1
12.1
11.8
12.5
13.5
14.2
13.0
12.1
11.9
12.7
13.1
13.4
13.5
12.7
12.8
13.8
14.9
14.8
13.8
13.6
14.0
14.1
13.4
13.6
13.7
13.8
13.9
14.1
14.1
14.4
14.8
15.2
15.4
15.0
14.7
14.3
13.8
13.6
14.2
15.0
14.2
14.0
15.0
15.4
15.2
14.7
14.4
14.1
14.4
15.0
15.0
14.7
14.4
14.8
15.0
14.7
14.3
13.8
13.6
13.5
13.1
12.8
12.6
12.5
12.8
13.2
13.3
12.7
12.6
13.1
13.8
14.2
14.1
13.7
13.3
13.5
13.3
13.1
13.8
13.9
14.1
13.8
13.9
15.5
16.2
15.4
14.9
14.9
14.3
13.5
13.2
12.9
12.6
12.9
13.8
14.7
15.5
14.6
13.4
13.7
14.7
14.6
14.6
14.2
13.8
13.6
12.9
13.0
13.9
14.2
13.0
12.4
13.0
13.8
14.4
14.8
14.9
15.1
15.0
14.7
14.5
14.5
14.5
14.8
15.5
14.9
14.0
13.9
14.3
13.7
13.6
13.8
13.8
14.2
15.3
15.7
15.0
14.9
14.6
14.6
14.5
14.3
14.2
14.2
15.3
15.4
15.3
14.7
14.5
15.0
15.0
14.9
14.8
15.1
15.4
15.7
15.6
15.3
15.0
15.1
15.9
15.7
14.8
14.4
14.8
15.3
15.8
16.1
16.3
15.8
15.3
14.9
15.5
15.9
16.4
16.2
15.9
15.7
15.7
16.4
16.3
15.6
14.7
15.1
15.4
15.6
15.9
16.6
17.3
17.0
17.0
16.8
16.4
16.0
15.3
15.5
16.0
16.2
16.7
17.2
17.9
17.6
16.2
15.3
15.4
16.3
16.9
16.3
15.6
16.3
17.3
17.6
17.6
17.5
17.0
16.3
16.1
16.0
15.9
15.8
16.5
17.1
17.7
17.3
16.7
17.1
17.6
18.3
17.6
16.8
17.1
17.9
18.8
19.1
18.5
18.3
18.4
18.3
17.7
17.4
17.6
18.2
18.8
18.8
18.1
17.8
18.9
19.7
19.2
18.9
19.2
18.9
18.1
17.9
17.6
17.7
18.5
18.8
18.0
17.9
18.7
19.1
19.3
19.0
18.1
17.8
18.5
19.0
19.0
19.3
19.5
19.5
20.1
20.0
19.5
19.4
19.3
19.5
20.0
20.4
20.0
20.0
20.0
20.0
20.1
20.0
20.0
19.7
19.5
19.4
20.0
20.6
20.3
20.5
20.9
20.9
21.1
21.2
21.3
21.9
21.5
21.1
21.3
21.2
20.5
20.9
21.8
21.9
22.0
22.3
21.8
21.6
22.4
22.6
22.6
22.5
22.2
22.2
22.5
22.3
22.3
23.0
22.6
22.3
22.5
22.7
22.3
22.6
23.2
23.3
23.4
23.2
23.3
23.0
23.0
22.8
23.0
23.2
22.7
23.0
24.4
24.5
24.3
24.6
25.7
26.1
24.7
24.3
24.4
23.8
23.0
24.0
25.3
25.1
24.7
24.9
24.9
24.8
24.6
24.7
25.1
25.5
24.6
23.9
24.4
25.2
25.4
25.0
25.0
25.2
25.0
25.3
26.2
26.1
26.8
26.3
25.1
24.2
24.3
24.7
25.5
25.9
25.5
25.1
25.6
26.5
26.5
27.1
26.1
24.5
24.3
25.3
25.5
25.6
25.5
26.1
26.9
26.6
26.5
26.7
26.9
27.0
26.1
26.3
26.9
27.3
27.3
27.1
27.4
27.6
27.7
27.1
26.7
27.5
28.7
28.6
28.0
28.5
28.4
27.6
27.3
27.4
27.7
28.1
28.9
29.5
28.7
28.7
28.9
29.1
29.5
29.5
29.1
29.7
29.3
28.8
28.9
30.0
30.4
29.9
29.5
29.0
29.4
31.2
31.3
30.6
31.0
31.4
30.1
28.7
29.6
31.1
32.8
32.2
30.7
30.5
31.2
32.0
31.1
31.6
31.3
30.1
30.2
30.6
30.3
31.0
31.4
31.4
30.8
29.5
29.3
29.8
30.6
30.8
31.0
30.6
30.8
31.0
30.7
29.1
28.6
30.0
31.0
31.1
30.7
30.4
30.7
30.3
30.8
32.4
32.3
31.2
31.5
31.3
30.7
31.1
32.7
33.1
32.2
30.9
31.3
31.5
31.6
32.8
32.9
32.0
32.0
32.0
30.9
30.2
30.7
31.7
31.7
31.8
31.5
31.1
32.1
32.4
31.8
31.8
31.6
33.5
35.7
33.0
30.2
30.2
30.4
32.0
34.0
32.6
31.1
32.8
35.7
34.5
32.7
32.7
31.6
30.4
31.4
31.7
31.1
31.8
34.4
34.2
33.9
34.4
33.4
32.2
33.6
35.7
34.2
33.1
33.5
34.6
35.0
36.1
36.0
34.1
32.8
32.0
33.9
35.7
35.8
34.2
34.7
35.4
34.5
34.7
34.4
35.6
37.0
39.3
40.4
36.0
36.4
39.7
38.3
34.5
34.1
36.2
36.2
35.4
40.7
39.7
35.2
35.6
35.5
35.6
35.4
35.9
33.9
32.2
37.6
43.0
40.6
36.6
36.0
39.9
40.7
34.1
32.1
37.5
40.5
39.0
38.9
38.4
36.2
33.5
34.2
36.7
36.7
35.1
35.0
37.2
40.7
41.6
39.9
36.0
33.6
35.5
37.5
37.8
37.4
36.4
38.0
42.4
42.2
35.9
36.4
41.5
41.7
38.1
35.5
34.7
36.3
38.9
44.2
44.4
41.9
37.6
38.3
40.5
44.2
43.6
40.4
36.2
34.3
37.9
42.6
43.1
40.5
38.2
39.7
40.6
40.2
40.5
43.9
42.4
39.8
42.9
43.7
39.9
39.3
42.8
45.4
43.9
42.2
38.1
37.0
40.4
44.8
43.6
40.7
37.3
36.0
38.6
45.0
46.5
45.0
44.5
42.7
43.3
43.3
44.7
46.7
46.8
42.4
37.9
36.8
41.9
43.1
43.5
40.8
42.0
44.2
46.0
43.9
40.4
39.2
41.3
40.9
40.9
40.9
45.6
48.7
45.4
42.8
41.6
43.3
45.4
45.0
46.4
46.5
42.7
42.2
44.7
47.0
46.1
42.9
40.4
42.5
44.8
46.3
45.9
47.7
51.3
48.6
46.6
48.5
49.9
46.8
44.5
48.7
53.6
53.2
47.6
42.1
42.5
46.7
48.5
50.7
51.4
49.0
47.9
49.6
46.7
47.7
53.1
55.4
50.8
49.4
49.0
47.9
49.0
50.7
51.5
50.7
47.0
44.1
47.3
52.8
53.3
52.5
51.1
50.1
49.5
46.7
48.6
55.0
54.4
49.5
50.5
53.7
53.1
51.7
48.6
48.7
51.2
51.7
51.3
49.6
48.7
51.8
54.4
55.1
53.5
52.3
52.9
59.0
58.3
52.6
50.9
50.3
53.6
54.0
50.7
49.5
50.7
55.0
55.4
55.5
57.8
55.7
52.4
54.4
54.5
53.9
56.9
58.4
56.0
52.6
52.7
57.0
56.9
53.9
53.7
52.4
54.2
56.3
56.5
57.4
55.0
53.8
57.0
60.2
60.9
59.9
57.0
58.2
57.8
56.6
58.8
59.7
56.8
55.8
58.6
61.0
60.2
59.6
56.8
56.4
61.0
61.0
59.4
58.7
62.2
62.8
61.7
61.8
63.3
62.2
58.1
54.9
55.8
61.4
66.3
63.0
56.4
55.9
60.4
61.6
60.1
61.0
62.5
62.2
62.5
62.2
59.2
59.8
60.7
61.2
60.6
61.9
64.2
66.6
68.6
66.8
63.5
62.0
63.0
62.3
61.4
62.9
68.2
68.9
65.6
63.7
61.9
64.7
67.0
67.5
63.3
65.9
71.6
65.7
62.9
68.5
71.2
66.5
60.8
62.4
64.4
64.7
68.9
68.3
69.4
69.0
65.0
65.5
67.0
68.2
68.0
68.3
66.9
65.1
64.9
67.7
69.4
69.2
68.1
68.3
71.9
72.0
70.3
69.5
70.3
71.7
73.5
72.7
70.0
68.9
68.6
69.3
71.3
70.9
68.2
69.0
71.1
70.3
72.1
74.9
72.3
68.5
69.3
73.7
72.3
70.0
71.8
75.3
75.6
72.5
71.5
73.7
71.8
70.3
72.3
73.7
73.4
71.9
74.0
75.8
74.1
73.1
75.5
76.9
74.2
76.0
77.6
76.6
76.7
75.4
75.5
78.0
79.2
76.0
72.0
71.1
72.2
75.5
77.9
75.5
73.9
74.7
75.7
80.8
81.5
77.1
74.1
77.1
80.1
78.2
79.3
78.6
79.4
80.2
78.1
77.5
78.1
78.9
78.2
74.4
76.2
79.6
80.9
80.4
81.6
80.8
79.1
77.3
75.8
79.4
82.5
83.3
80.2
78.9
82.6
83.9
80.9
83.2
84.1
78.0
75.1
76.6
78.8
79.4
82.4
85.0
81.4
80.9
83.1
82.4
80.8
82.6
83.1
82.6
80.2
79.7
82.4
85.9
86.1
84.0
81.3
79.6
80.6
84.4
85.0
82.2
83.4
84.0
82.6
80.5
81.2
83.1
84.1
82.7
80.6
81.8
87.1
85.5
83.1
84.9
84.5
84.9
85.4
83.6
83.5
82.9
84.8
84.4
84.1
86.2
88.6
87.8
83.9
81.7
85.8
87.0
87.5
88.5
87.0
84.2
85.4
85.9
85.1
84.1
84.9
87.4
86.1
86.4
86.9
87.5
87.5
91.2
93.4
87.6
83.1
83.5
88.1
92.1
91.6
88.8
86.5
87.4
87.8
92.8
91.9
87.2
84.0
82.6
82.8
87.6
92.8
91.8
86.1
83.3
86.4
90.5
90.8
88.7
90.1
89.5
85.5
86.1
89.2
89.4
88.5
87.7
85.4
85.0
87.5
92.0
89.3
85.5
87.8
90.7
90.5
88.7
89.7
89.2
87.2
87.4
87.8
90.6
92.6
91.7
87.8
87.4
88.1
87.8
88.8
90.1
92.2
90.9
91.1
88.6
86.6
89.5
93.9
92.5
89.8
86.4
82.8
82.9
85.8
87.9
91.3
93.9
93.9
91.2
91.2
93.6
95.9
92.9
89.1
88.7
93.2
90.9
88.3
87.7
89.8
90.0
89.6
91.1
91.3
86.2
86.2
91.1
92.0
89.7
89.6
93.0
91.9
95.3
95.1
90.5
91.3
92.1
91.0
92.5
94.1
91.4
88.9
93.0
94.7
91.3
89.8
93.3
93.9
89.4
88.0
90.5
93.8
90.5
89.3
90.0
89.0
88.7
88.6
89.2
90.5
93.8
92.2
88.6
90.8
90.6
85.9
84.6
89.0
92.0
89.2
90.1
89.2
85.6
89.0
93.0
90.0
88.4
87.8
88.3
87.8
88.4
89.3
87.0
87.0
86.4
84.5
86.3
91.7
95.7
92.8
88.4
86.0
86.1
88.7
90.6
90.2
87.8
85.6
86.3
90.4
93.9
92.3
89.6
91.8
94.3
90.7
88.1
89.3
91.6
93.2
94.0
91.1
90.1
90.2
89.4
89.6
90.0
91.0
91.9
90.7
88.0
87.8
90.1
90.9
89.9
90.9
90.4
90.5
92.6
90.6
87.4
89.0
92.4
92.9
91.0
89.3
89.3
90.9
91.5
90.0
89.8
92.3
92.4
90.6
90.5
89.8
92.2
91.9
88.9
88.7
90.5
92.9
94.0
93.2
90.8
87.9
88.9
89.6
90.5
92.4
92.6
92.2
91.0
89.2
92.0
95.4
92.2
88.5
88.5
89.5
88.1
88.3
90.0
89.6
90.8
92.6
93.2
94.0
89.7
86.4
87.4
90.9
94.5
94.7
92.3
88.5
86.0
87.9
94.0
96.4
93.4
89.9
89.1
90.6
90.5
91.3
92.1
90.0
88.0
88.3
91.0
92.7
90.8
90.9
94.4
95.5
92.2
88.9
90.9
94.1
93.6
90.6
90.0
90.1
91.7
93.1
92.0
89.2
89.1
92.7
94.0
92.2
90.3
90.5
92.1
91.3
91.1
91.3
91.4
91.5
92.0
94.8
93.0
91.8
93.2
92.1
92.1
92.8
92.8
91.5
91.9
93.0
93.3
92.2
91.9
91.0
89.0
90.2
91.1
91.6
92.3
93.3
94.3
94.6
91.2
89.4
90.2
90.9
89.9
89.2
89.7
91.6
91.1
90.1
89.7
89.5
91.6
92.7
90.4
88.8
89.7
90.4
88.3
87.7
90.9
91.7
90.3
90.8
91.6
93.4
92.1
91.9
91.2
90.6
87.4
86.3
86.9
88.1
90.3
92.2
91.3
90.4
92.0
92.5
91.4
89.6
88.5
88.2
89.9
91.3
91.8
90.9
90.4
91.3
91.9
91.5
90.4
90.3
90.2
88.8
89.9
92.5
90.7
88.7
89.9
91.3
90.1
88.9
89.9
90.0
89.0
89.6
89.9
89.9
89.5
91.0
92.4
92.3
91.0
92.4
92.8
92.1
90.1
89.0
91.6
93.1
90.5
87.7
87.7
89.0
89.9
90.9
91.3
89.9
89.6
90.9
91.9
91.6
91.6
91.9
91.6
91.8
90.5
90.2
90.0
90.0
90.5
91.0
91.8
91.0
90.1
89.4
89.3
91.4
93.3
90.6
86.4
86.1
89.1
90.9
89.8
87.9
87.7
89.7
90.0
88.6
89.3
92.0
92.4
88.1
85.7
86.9
89.0
89.4
89.4
88.5
87.7
87.7
88.3
89.2
90.4
89.9
87.8
87.7
88.7
89.0
88.8
88.9
89.3
91.4
92.3
89.2
87.1
87.2
88.7
88.3
87.7
87.6
87.8
88.0
89.3
90.2
89.9
89.3
89.0
89.1
88.4
89.0
89.9
88.1
88.0
90.1
91.8
90.7
89.1
88.8
88.1
87.8
88.3
88.0
88.1
88.8
89.0
89.5
90.0
89.8
88.0
88.4
88.9
88.5
88.4
89.5
89.9
89.5
90.3
89.6
88.3
87.6
89.2
90.0
88.1
86.8
89.5
92.1
91.0
89.8
89.5
88.4
87.6
87.6
88.7
88.0
87.1
87.5
88.3
88.8
90.2
90.5
88.6
87.4
87.6
88.8
88.6
88.0
87.4
87.5
88.5
88.9
89.8
90.1
87.9
87.3
87.9
88.1
87.9
87.7
87.4
87.6
88.6
89.2
89.5
89.5
89.2
88.9
88.4
87.7
87.6
88.2
88.7
88.4
88.0
87.8
87.7
88.0
88.2
87.9
87.3
87.7
89.4
89.8
87.4
86.3
87.5
89.2
88.8
87.6
87.0
86.4
86.0
87.3
87.9
88.0
88.3
88.5
87.0
86.9
88.1
88.5
86.7
86.2
87.0
87.3
88.1
87.9
87.5
87.8
87.7
87.0
87.1
87.5
87.5
86.8
87.5
88.1
86.8
86.0
87.0
87.7
86.4
85.7
86.8
87.6
87.7
86.8
86.2
87.1
87.8
88.0
88.3
87.2
86.6
86.9
87.3
87.7
87.8
87.5
87.0
86.0
86.2
87.0
87.7
86.6
85.4
85.1
85.0
85.0
85.5
85.5
84.8
85.8
85.5
84.0
84.1
84.8
85.1
85.0
84.9
85.3
85.4
85.0
84.3
84.7
85.4
86.2
85.4
83.6
82.8
82.9
83.4
84.1
83.9
84.2
85.7
84.4
83.4
84.7
86.1
86.1
84.2
83.0
83.0
83.3
83.9
84.4
86.2
87.0
85.6
83.0
81.9
82.7
83.6
83.6
82.8
81.8
81.9
82.1
83.0
82.4
82.2
83.7
84.4
82.4
80.7
80.9
81.7
81.8
82.4
82.7
81.5
80.8
81.8
81.7
81.3
81.4
81.9
81.5
81.3
81.1
80.9
82.5
83.1
82.1
82.1
82.1
80.9
80.4
82.3
82.7
81.0
80.8
81.9
81.8
81.5
80.7
78.7
78.6
81.0
81.3
79.8
80.0
79.7
79.9
80.4
80.7
79.9
79.9
81.0
80.9
79.4
79.5
80.5
80.7
80.2
79.0
78.4
78.7
78.7
78.6
78.3
78.3
78.7
79.0
79.0
79.3
80.1
80.8
79.8
78.6
78.9
79.4
79.7
79.6
79.6
80.1
80.6
79.8
78.1
77.4
77.6
78.1
78.6
78.9
78.6
78.4
78.3
79.1
79.8
79.3
78.0
77.5
77.7
78.6
79.2
78.3
77.7
77.9
77.8
77.5
78.3
79.0
77.1
77.0
78.0
78.4
78.2
78.2
77.9
77.2
77.7
78.5
78.1
78.4
78.0
78.1
78.5
78.0
77.7
78.5
78.1
76.9
76.7
78.2
79.0
76.6
74.6
74.7
76.1
76.6
75.8
75.7
76.2
76.0
75.9
74.9
74.7
74.7
74.5
74.5
74.9
75.1
75.1
75.0
76.0
76.6
76.1
74.1
74.1
74.9
74.7
72.8
72.7
74.2
74.6
74.2
74.4
74.8
74.6
73.9
73.6
74.4
74.8
75.2
74.5
74.3
74.4
74.8
74.4
73.6
73.6
73.9
73.8
73.3
73.1
73.3
73.6
73.7
74.4
75.1
73.6
72.4
72.0
72.8
73.0
73.6
74.5
74.2
73.6
73.7
74.1
74.9
74.5
73.5
73.3
73.5
72.7
72.2
71.9
71.9
72.3
72.5
72.4
72.1
71.7
71.6
72.2
73.0
73.1
72.9
72.3
71.5
71.6
73.0
73.3
72.1
72.1
72.2
72.3
72.5
72.8
72.1
71.1
71.1
71.6
71.4
70.8
71.0
71.7
72.0
71.6
71.5
71.9
71.1
70.1
70.7
71.4
69.9
68.7
69.3
70.4
71.4
71.0
69.4
68.8
69.3
69.8
70.1
70.2
69.3
69.0
70.1
69.8
69.2
69.9
69.8
68.9
68.7
68.8
68.6
68.3
69.3
69.8
69.1
68.4
67.7
67.6
68.0
67.8
68.2
67.8
67.4
68.0
68.4
68.5
68.3
68.1
68.3
68.1
68.4
69.4
68.8
66.7
66.0
66.6
67.3
66.7
66.1
67.1
67.3
67.1
67.4
68.4
69.4
69.2
68.2
67.4
67.0
67.7
68.4
67.8
67.3
67.7
68.2
67.7
66.3
66.2
67.3
68.5
68.0
66.6
67.0
67.9
67.8
67.0
66.6
66.3
65.2
64.6
64.6
64.3
64.1
64.6
64.6
64.5
65.1
64.5
63.2
63.6
64.3
64.4
64.2
65.1
66.3
65.9
65.7
66.1
66.2
65.7
65.4
66.0
66.3
65.4
65.2
65.8
66.1
66.2
65.8
65.0
64.4
64.0
63.8
63.6
63.8
63.9
64.8
65.1
64.8
64.2
63.6
63.8
64.6
64.6
64.7
63.9
63.1
64.0
64.6
64.1
63.6
63.7
63.9
63.4
62.7
62.7
62.9
63.6
63.6
62.9
62.9
63.6
63.9
63.8
63.6
63.3
63.0
62.8
63.6
64.1
63.3
63.0
63.9
64.8
64.7
63.1
61.7
61.8
62.5
61.8
60.9
61.0
60.3
60.0
60.9
61.1
60.1
59.4
59.6
59.5
59.5
60.4
60.8
60.2
59.8
58.9
58.5
59.0
59.4
60.0
61.0
61.2
60.4
60.2
61.4
62.5
61.3
59.5
59.3
60.4
61.6
61.1
59.5
58.9
60.0
60.9
60.8
59.8
59.3
59.7
61.2
61.7
60.1
58.9
59.1
58.9
59.3
59.8
59.2
59.4
60.4
60.2
59.4
58.4
58.4
58.0
57.1
57.5
57.8
58.7
58.7
57.8
58.4
58.7
58.2
58.0
58.2
58.4
58.5
58.9
59.1
58.2
58.1
57.9
57.8
58.7
57.8
56.7
57.8
59.3
59.2
58.1
57.2
58.3
58.5
57.6
56.5
55.7
56.2
56.5
56.8
56.7
56.2
55.3
54.1
54.4
55.5
55.2
54.9
55.0
55.2
55.7
55.9
55.6
55.4
55.9
55.4
54.5
54.6
55.0
55.0
54.9
54.7
54.7
54.9
54.7
54.4
54.5
54.6
55.0
55.4
55.9
56.2
56.2
56.2
56.2
55.9
55.8
55.6
55.4
55.7
55.9
55.7
55.2
54.9
54.7
54.5
54.7
54.7
54.3
53.9
53.8
53.6
53.3
53.3
53.1
52.9
52.8
53.0
53.2
53.1
52.6
52.3
52.4
52.5
52.7
53.0
53.0
53.1
53.5
53.5
53.4
53.4
53.5
53.3
53.3
53.6
53.2
53.1
53.2
53.1
52.9
52.4
52.1
52.1
52.0
51.9
51.7
51.5
51.8
52.2
52.1
51.4
51.0
50.6
50.9
51.7
51.6
50.2
49.8
50.6
50.7
50.1
49.8
50.3
51.0
50.9
50.3
50.4
51.0
51.0
50.7
51.0
50.7
50.6
50.7
50.4
50.7
51.4
51.8
51.4
50.9
50.6
50.3
51.1
52.4
52.4
52.0
51.7
51.7
51.4
50.9
50.6
50.6
50.6
50.4
50.1
50.1
50.1
50.3
50.5
50.5
50.3
49.8
49.4
49.6
49.9
49.4
48.8
48.7
48.5
48.1
47.9
47.9
48.3
49.0
48.7
47.7
47.2
47.6
48.2
48.2
47.6
47.0
47.1
48.2
49.2
49.8
49.7
48.6
48.2
48.1
48.4
49.0
49.4
49.5
49.2
48.6
48.8
48.8
49.1
49.0
48.9
48.8
48.5
48.8
48.9
48.7
48.7
48.8
48.7
48.0
47.4
47.3
47.4
47.2
46.9
46.9
46.8
46.5
46.2
45.8
45.5
45.7
45.2
44.6
44.7
45.4
46.2
45.9
45.5
45.7
46.7
47.2
47.3
47.1
46.4
46.2
46.6
46.9
47.0
47.5
47.3
46.5
45.8
45.8
45.8
46.0
46.0
45.7
45.1
45.2
45.5
45.4
45.3
45.4
45.1
44.9
45.5
45.9
45.6
45.3
45.2
45.2
44.9
44.2
43.7
43.6
43.4
43.1
42.7
42.4
42.2
42.0
42.2
42.7
43.2
43.4
43.1
42.9
43.0
43.3
43.4
43.0
42.9
42.9
42.8
43.2
43.5
43.2
43.1
43.2
43.7
43.5
43.0
43.2
43.9
44.1
43.8
43.4
43.1
42.7
42.5
42.5
42.5
42.6
42.3
41.8
41.6
41.5
41.5
41.1
40.6
40.3
40.5
40.9
41.5
42.1
41.8
41.4
41.4
41.7
41.6
41.0
41.0
41.2
41.3
41.4
41.2
40.7
40.9
41.0
40.6
40.4
40.4
40.1
40.0
40.2
40.7
40.5
40.0
39.4
39.5
39.6
39.6
39.7
39.4
39.0
39.1
39.4
39.2
39.1
39.4
39.0
38.8
38.7
38.9
39.0
39.2
39.0
38.5
38.5
38.6
38.9
39.0
38.9
38.9
39.0
38.9
38.6
38.6
38.4
38.2
38.0
38.0
38.2
37.9
38.2
38.2
38.5
38.4
38.7
38.8
38.7
38.9
38.9
38.2
38.1
38.1
37.8
37.6
37.7
37.7
37.1
37.2
37.4
37.2
37.2
36.7
36.3
36.4
35.7
35.3
35.3
35.5
35.4
35.1
34.8
34.6
34.8
35.0
34.6
34.3
34.7
34.8
34.7
35.0
35.7
35.5
34.6
34.0
34.1
34.5
34.4
34.4
34.7
34.9
34.4
34.5
35.0
34.8
34.7
34.6
34.5
34.4
34.8
34.6
34.2
34.6
34.4
34.0
34.6
34.0
33.3
33.2
33.5
33.3
33.7
33.9
33.5
33.2
33.3
33.0
33.2
33.4
33.2
33.2
33.9
34.0
33.5
33.0
33.1
33.9
33.3
32.7
32.3
32.6
34.2
34.5
32.6
32.4
33.2
33.8
33.8
33.0
32.0
31.4
31.8
32.5
33.0
32.1
30.7
30.6
31.5
31.8
31.5
31.4
31.8
32.8
33.4
32.7
32.1
31.1
31.1
31.8
31.2
30.4
30.7
32.4
32.4
30.8
29.9
30.7
32.2
31.8
30.3
30.1
30.6
31.5
31.8
31.6
31.3
31.6
32.0
31.8
31.7
31.9
31.4
31.5
31.6
30.5
29.0
28.1
29.4
30.0
29.2
28.7
28.9
29.3
29.9
29.7
30.1
29.5
28.9
30.2
31.5
31.4
32.4
32.2
30.0
28.7
30.2
29.8
29.4
30.0
30.3
29.5
29.1
31.2
32.4
30.6
28.0
27.5
28.2
29.2
31.3
32.4
28.7
26.2
27.6
29.3
27.9
27.7
30.3
29.7
27.4
28.2
31.0
31.4
29.4
28.3
28.1
27.9
29.4
30.1
28.7
27.5
28.3
29.1
28.7
26.8
25.3
25.3
26.4
27.6
28.6
29.5
30.6
28.7
25.6
26.4
28.4
29.1
26.8
25.4
26.6
28.6
29.9
31.1
32.2
27.9
24.3
25.3
27.4
27.6
27.0
26.4
26.2
26.1
26.8
27.1
27.2
26.0
23.3
23.4
25.8
27.6
28.5
27.4
25.2
26.6
27.1
24.7
23.7
24.1
24.7
27.4
28.4
26.5
26.6
27.1
26.7
26.6
28.4
28.1
27.2
29.5
29.8
27.0
25.6
26.4
28.5
26.0
23.6
24.5
27.0
25.7
24.0
26.2
26.4
25.3
25.0
25.5
25.7
26.5
27.6
27.6
26.4
23.9
23.7
23.8
24.7
26.8
27.2
25.4
24.8
24.7
23.5
21.2
21.5
23.2
23.7
22.2
22.0
23.5
24.1
23.8
23.7
24.0
23.9
24.0
24.3
25.7
26.5
25.0
23.6
23.5
23.0
21.4
22.2
24.5
25.2
23.7
22.6
23.2
25.3
26.0
23.5
22.1
23.1
23.7
23.2
25.3
25.7
23.1
22.4
23.5
24.8
24.2
23.1
21.0
21.2
23.6
24.6
24.2
23.6
21.5
20.5
21.9
23.5
24.6
23.2
22.4
23.2
23.4
23.1
23.6
23.9
22.9
22.6
22.6
21.8
22.6
23.6
22.8
22.8
24.2
23.5
21.9
22.3
23.0
22.5
22.7
21.9
21.7
23.1
22.3
20.8
20.3
22.3
21.4
19.2
20.5
23.9
25.9
25.0
22.4
19.2
18.8
20.3
21.1
20.2
19.9
20.5
22.0
23.1
21.3
20.1
21.0
21.9
21.6
20.6
20.8
20.7
20.8
21.2
21.6
22.8
22.7
22.1
22.8
22.6
22.5
23.9
22.8
21.6
21.9
20.3
17.7
18.5
21.6
20.6
19.6
20.4
22.0
21.3
19.3
18.8
20.1
21.8
20.5
18.1
18.7
21.6
22.8
20.5
19.1
19.6
19.6
19.4
20.8
21.5
19.4
18.9
19.5
20.1
20.3
22.2
23.5
21.2
20.0
19.8
19.0
19.7
22.9
22.9
18.8
17.6
19.7
20.8
21.3
20.7
19.9
18.9
18.3
19.3
20.2
20.2
18.7
17.5
19.0
20.2
18.1
17.9
19.7
20.2
20.4
20.9
20.1
18.5
18.0
19.3
19.6
20.6
18.8
17.2
17.0
17.9
17.3
17.7
19.8
18.8
18.6
19.3
20.7
20.9
19.4
17.9
18.3
20.6
20.1
17.4
16.8
18.4
20.0
19.8
20.7
19.1
17.0
16.9
18.7
20.9
19.5
19.7
20.3
18.8
17.3
17.8
19.3
20.3
19.3
18.1
19.4
19.0
17.4
18.8
17.8
15.6
14.6
16.8
18.2
16.9
16.5
16.3
17.6
20.3
19.6
17.3
15.7
16.5
16.4
16.5
16.2
17.9
17.6
14.9
14.8
16.8
17.0
15.4
14.7
16.2
19.1
21.3
20.7
18.9
16.7
14.8
14.0
15.4
17.2
16.4
14.5
17.4
23.9
23.3
17.9
15.9
15.9
17.5
19.7
18.0
13.6
13.5
18.1
19.4
15.7
13.9
14.2
14.3
14.8
14.6
16.8
18.0
16.2
17.9
19.0
16.0
12.5
12.6
14.8
17.2
20.0
21.3
19.9
14.8
11.1
11.6
14.9
15.5
14.0
14.2
15.7
17.4
18.1
17.4
14.9
14.6
15.3
14.8
14.0
12.3
12.8
15.7
17.6
16.3
14.6
14.4
16.6
15.4
12.4
12.3
13.3
15.5
16.2
15.7
15.2
12.6
13.5
17.8
17.3
13.9
12.7
15.9
16.2
15.0
14.0
13.0
13.5
15.0
15.1
13.3
13.1
13.1
11.2
12.4
16.2
17.7
17.1
12.1
9.7
11.9
14.9
17.1
16.2
14.0
14.6
14.0
13.8
14.0
12.6
10.6
8.7
8.9
11.5
13.4
14.0
15.1
15.1
15.4
14.9
17.0
20.2
18.1
11.6
10.1
15.5
16.9
15.1
15.0
16.1
16.1
13.8
14.6
14.1
14.1
15.7
16.0
20.8
22.3
16.8
12.7
13.7
15.4
18.3
20.3
15.0
8.8
9.1
12.6
14.5
16.7
16.4
14.3
15.3
13.5
10.5
12.1
13.5
14.7
13.8
11.7
14.1
16.1
12.6
10.3
12.8
16.5
15.1
12.9
14.9
16.1
14.1
10.5
10.6
14.4
16.9
14.2
11.7
11.8
13.4
15.2
14.7
15.6
16.4
13.3
11.4
11.8
11.8
11.5
12.8
13.9
15.5
16.1
14.1
13.5
14.1
14.1
12.9
12.1
12.9
12.9
11.5
13.1
12.3
10.0
11.7
14.1
14.8
16.4
15.8
12.5
10.0
11.0
11.2
9.3
9.8
11.0
11.3
13.1
14.0
13.6
14.0
15.9
14.7
11.8
10.7
14.1
19.2
16.9
11.8
10.9
13.0
14.4
12.7
11.6
12.0
13.1
12.3
12.0
12.8
16.8
14.6
11.8
11.2
10.3
10.2
12.6
15.6
15.6
15.1
13.6
13.2
17.2
20.9
16.1
8.4
11.1
15.5
14.8
15.6
12.8
11.3
13.7
15.3
14.5
13.5
16.9
16.1
22.3
19.9
6.5
3.0
12.8
18.8
12.2
8.1
8.5
12.3
12.0
12.3
14.5
14.9
9.9
10.1
15.4
12.7
10.5
14.3
17.9
14.6
9.3
10.1
12.2
16.0
12.6
8.5
11.3
17.0
18.8
17.5
13.6
12.0
13.6
11.7
9.3
9.8
11.0
14.0
16.4
13.4
15.5
19.0
13.4
3.1
2.3
10.1
11.5
8.6
8.5
9.3
11.6
13.2
13.1
13.6
13.1
8.8
5.1
5.3
5.6
7.6
9.8
15.1
17.1
12.3
12.6
8.4
1.8
3.5
12.5
11.3
5.0
3.2
4.1
5.7
7.1
8.9
8.8
8.7
5.8
5.7
8.0
9.8
8.8
8.8
8.5
7.4
7.6
8.1
7.7
7.4
6.6
7.8
8.0
8.3
9.1
8.2
6.5
9.8
10.5
7.6
8.3
11.6
8.1
2.9
2.2
6.3
9.1
9.8
7.7
4.8
4.1
7.1
9.3
8.5
8.8
7.3
5.9
3.0
5.6
10.7
8.3
3.7
3.3
7.4
7.9
6.5
10.9
12.8
8.1
6.8
9.1
13.2
11.1
7.9
7.1
10.8
10.5
7.4
8.2
14.3
13.4
7.5
9.0
9.0
5.8
7.2
8.5
6.4
6.0
10.6
8.9
5.3
3.6
6.5
5.3
3.9
4.0
5.5
8.6
8.9
6.7
10.3
8.8
6.7
5.1
9.5
10.8
6.1
3.7
3.7
7.6
11.1
10.7
4.0
0.7
4.1
7.7
5.5
2.8
2.2
2.6
3.0
0.0
-0.2
0.6
1.5
5.5
7.8
4.5
2.3
1.9
6.4
6.3
1.1
-1.1
2.2
4.5
3.8
4.4
2.5
-0.4
-0.5
3.0
5.1
8.0
6.1
-0.4
0.3
3.2
1.5
1.3
1.0
1.4
1.1
-0.2
-1.2
-0.4
2.2
1.8
2.5
3.1
1.6
-0.2
-0.2
2.2
3.7
1.7
-1.1
-0.4
1.3
1.4
1.0
1.0
1.4
0.9
1.3
0.1
0.1
0.3
3.0
4.9
2.5
0.7
2.4
2.6
0.3
-0.3
-0.7
-0.9
0.7
4.7
5.4
1.9
0.4
3.7
2.7
-0.1
-2.3
-2.2
-0.1
0.0
1.2
3.9
4.4
-0.4
-3.3
-0.8
1.6
-1.0
-0.5
3.9
3.3
0.0
3.3
5.8
0.7
-2.9
-1.8
-1.5
-1.7
-1.7
-2.1
-0.3
2.1
1.2
-0.1
0.8
0.8
-2.7
-3.3
-0.2
1.0
0.2
-1.5
-0.1
0.9
-0.4
1.6
1.3
-1.6
-2.5
-1.7
-2.8
-3.2
-3.0
-2.4
-1.5
0.4
-0.7
-1.5
-1.2
-2.4
-2.2
2.2
2.6
-2.9
-5.0
-2.9
-0.6
0.0
1.0
1.2
-1.1
-3.6
-2.8
-2.2
-1.7
-2.6
-3.7
-2.7
-3.2
-4.2
-3.9
-2.1
-1.7
-2.3
-2.4
-2.4
-3.4
-3.2
-3.0
-2.2
-2.6
-3.5
-3.3
-2.2
-1.5
-2.2
-3.8
-4.8
-3.7
-0.3
2.1
-0.6
-4.6
-7.2
-6.9
-4.3
-2.5
-2.2
-2.2
-4.5
-5.8
-4.6
-3.1
-2.9
-1.8
-2.9
-5.4
-7.4
-6.5
-4.1
-2.7
-1.6
-1.9
-3.6
-5.8
-5.1
-3.8
-4.4
-5.7
-5.1
-5.8
-6.2
-4.6
-3.3
-3.2
-3.5
-3.6
-3.7
-4.4
-2.3
-2.5
-3.5
-3.6
-5.1
-7.1
-7.1
-5.4
-4.8
-6.2
-6.9
-5.8
-4.3
-3.6
-2.5
-3.7
-4.5
-6.2
-6.7
-6.5
-6.0
-5.2
-4.2
-4.1
-5.7
-7.6
-7.6
-6.6
-5.9
-7.4
-8.4
-8.2
-6.8
-6.0
-6.0
-5.5
-4.9
-4.8
-5.4
-7.3
-8.1
-7.3
-5.6
-3.8
-5.4
-8.9
-9.2
-8.3
-7.6
-7.0
-4.7
-4.7
-8.4
-9.2
-8.0
-6.2
-6.0
-7.5
-7.5
-6.1
-6.0
-7.3
-7.8
-7.1
-5.8
-6.0
-6.0
-7.6
-8.8
-8.2
-6.8
-5.9
-6.3
-7.0
-7.3
-7.9
-9.2
-8.7
-7.5
-5.9
-6.7
-7.5
-8.6
-9.1
-7.8
-5.7
-5.5
-7.1
-6.9
-7.0
-7.3
-7.6
-8.0
-8.3
-8.6
-7.7
-7.9
-7.8
-7.4
-7.5
-7.0
-6.6
-7.9
-8.3
-8.6
-8.6
-8.7
-7.9
-7.7
-8.7
-8.9
-7.6
-5.9
-6.1
-7.1
-7.1
-6.9
-7.8
-8.2
-8.5
-9.0
-9.1
-9.0
-9.0
-8.6
-8.4
-8.6
-8.6
-9.0
-9.6
-9.9
-9.8
-10.1
-9.9
-9.5
-9.7
-9.8
-9.7
-9.4
-9.4
-9.9
-9.9
-9.1
-8.4
-8.8
-9.5
-9.1
-8.3
-7.5
-7.4
-8.4
-10.2
-10.4
-8.7
-8.3
-9.3
-9.7
-9.6
-8.6
-8.1
-7.7
-8.2
-9.4
-9.5
-8.6
-8.7
-9.2
-9.8
-10.1
-10.0
-9.9
-9.4
-9.2
-9.8
-10.5
-10.5
-10.0
-9.3
-9.3
-9.3
-9.9
-10.0
-11.0
-10.5
-9.1
-9.1
-10.3
-10.5
-10.5
-10.4
-9.1
-8.9
-10.0
-10.8
-10.7
-10.1
-8.8
-9.8
-11.0
-10.8
-10.4
-9.8
-9.1
-9.0
-10.1
-11.2
-11.5
-11.4
-10.7
-11.1
-11.9
-11.6
-10.4
-9.7
-9.2
-8.7
-9.2
-9.6
-9.7
-11.1
-12.2
-13.1
-12.2
-10.8
-11.6
-12.7
-12.9
-11.5
-10.0
-10.1
-11.0
-11.0
-11.1
-10.6
-11.1
-12.3
-11.8
-10.9
-10.7
-11.0
-10.9
-10.1
-10.9
-11.6
-11.9
-12.2
-12.6
-12.6
-12.1
-11.8
-12.2
-11.4
-10.1
-9.3
-10.0
-11.4
-12.8
-12.3
-11.2
-10.2
-11.8
-13.3
-12.7
-12.1
-12.3
-13.0
-13.0
-12.3
-11.9
-12.0
-11.4
-11.0
-11.5
-12.5
-12.9
-12.6
-12.0
-12.3
-13.3
-13.6
-12.5
-11.5
-11.3
-10.7
-11.1
-13.1
-13.8
-13.2
-12.1
-12.1
-12.4
-12.5
-12.2
-11.7
-11.7
-12.4
-12.5
-12.3
-12.2
-12.6
-13.5
-14.2
-14.2
-13.4
-13.1
-13.1
-12.0
-12.0
-12.8
-13.9
-15.1
-14.7
-13.4
-13.1
-13.4
-13.8
-13.6
-12.9
-12.9
-12.5
-12.8
-13.0
-12.6
-12.3
-11.8
-12.8
-13.4
-13.5
-12.9
-12.6
-13.1
-14.2
-14.1
-12.5
-12.5
-12.8
-13.1
-14.0
-14.4
-13.9
-13.9
-14.6
-15.3
-14.8
-14.1
-13.8
-13.9
-14.3
-14.4
-15.1
-14.8
-14.4
-13.9
-13.9
-13.9
-13.8
-13.1
-12.4
-11.9
-13.5
-15.3
-15.2
-14.5
-14.1
-13.8
-13.7
-15.3
-15.3
-13.3
-13.0
-14.5
-14.6
-14.0
-14.0
-14.0
-14.5
-15.1
-14.1
-13.6
-14.6
-14.7
-14.5
-14.4
-14.4
-14.3
-14.3
-14.3
-13.8
-14.0
-14.5
-14.3
-14.8
-15.1
-14.3
-14.3
-14.7
-14.6
-14.5
-15.5
-16.3
-15.6
-15.0
-14.8
-14.9
-15.0
-14.3
-14.6
-15.1
-15.4
-14.5
-14.0
-14.5
-15.5
-15.4
-14.8
-15.3
-15.1
-14.3
-14.5
-15.2
-15.3
-14.0
-14.6
-15.9
-16.3
-16.1
-15.3
-15.5
-16.2
-15.9
-15.6
-15.2
-15.5
-15.7
-15.5
-15.5
-15.8
-15.8
-15.3
-15.7
-15.8
-15.7
-15.1
-15.3
-15.9
-15.7
-15.6
-14.6
-14.6
-15.6
-15.2
-14.2
-14.5
-16.2
-16.4
-16.6
-15.8
-14.7
-16.0
-17.3
-16.8
-15.4
-15.8
-16.8
-16.9
-17.1
-16.5
-16.0
-16.7
-16.2
-15.0
-15.0
-16.3
-16.7
-16.0
-15.9
-16.8
-16.5
-16.2
-17.0
-17.0
-16.7
-16.5
-17.1
-17.3
-16.7
-17.1
-17.3
-17.2
-16.5
-16.6
-16.8
-17.3
-18.2
-18.6
-18.4
-18.4
-18.4
-17.5
-16.4
-16.8
-17.7
-17.6
-17.3
-17.5
-18.1
-17.9
-18.0
-17.8
-17.2
-17.4
-17.8
-17.4
-17.3
-17.3
-17.0
-16.8
-17.4
-17.9
-18.0
-17.8
-17.8
-17.4
-16.9
-17.2
-17.9
-17.7
-17.2
-17.0
-16.8
-16.5
-16.5
-17.0
-17.2
-17.4
-16.6
-15.7
-16.1
-17.4
-18.3
-18.1
-18.3
-18.5
-18.7
-18.3
-17.3
-17.2
-17.7
-18.5
-19.2
-18.8
-18.1
-18.1
-18.3
-18.3
-18.4
-18.5
-18.7
-18.4
-18.3
-18.1
-18.2
-18.7
-18.9
-18.7
-18.2
-16.4
-16.4
-17.9
-18.4
-19.1
-18.9
-18.3
-17.8
-17.7
-17.8
-16.7
-17.3
-19.0
-19.6
-19.3
-19.2
-19.6
-20.3
-19.7
-18.1
-17.6
-18.6
-19.1
-19.6
-19.7
-20.0
-20.0
-19.7
-19.1
-18.7
-18.7
-18.5
-18.3
-18.5
-19.2
-19.6
-20.3
-20.4
-19.5
-18.5
-18.8
-19.2
-18.5
-17.6
-18.6
-19.3
-18.2
-17.3
-18.4
-19.1
-18.8
-18.2
-17.9
-17.6
-17.4
-18.4
-19.7
-20.0
-19.4
-19.4
-20.0
-20.5
-20.7
-20.8
-20.5
-20.2
-20.0
-19.5
-19.4
-19.9
-20.6
-20.5
-20.1
-19.9
-19.7
-19.5
-19.9
-20.1
-19.7
-18.8
-19.4
-20.4
-20.3
-19.2
-19.1
-19.6
-20.0
-19.4
-19.2
-19.1
-19.0
-19.2
-19.6
-19.9
-19.9
-20.1
-20.3
-20.3
-19.9
-19.9
-20.0
-20.2
-20.1
-19.8
-19.9
-19.3
-18.7
-19.5
-20.4
-20.6
-19.9
-19.7
-19.9
-19.8
-20.2
-20.1
-19.4
-18.8
-19.2
-19.7
-19.7
-19.3
-18.9
-18.7
-17.8
-18.0
-18.7
-18.6
-19.2
-19.6
-19.7
-19.3
-19.2
-19.5
-19.6
-19.6
-20.0
-19.9
-20.3
-21.0
-20.7
-20.2
-19.8
-19.9
-20.1
-20.3
-20.2
-19.9
-20.6
-20.9
-21.3
-21.7
-21.8
-21.3
-21.4
-22.0
-22.1
-22.0
-21.8
-21.4
-21.7
-22.4
-22.5
-22.2
-22.2
-22.2
-22.5
-22.8
-22.8
-22.0
-21.1
-21.0
-22.2
-22.2
-21.7
-21.5
-21.7
-21.3
-21.1
-21.3
-21.4
-21.3
-21.5
-21.6
-21.6
-21.6
-21.6
-21.8
-21.8
-21.6
-21.7
-21.7
-21.0
-20.5
-20.5
-21.0
-21.3
-21.0
-20.0
-20.2
-21.0
-21.5
-21.4
-20.7
-20.5
-20.6
-21.0
-21.2
-21.2
-21.2
-20.8
-20.5
-20.7
-20.9
-20.6
-20.2
-19.8
-19.7
-20.3
-20.7
-21.8
-22.2
-21.3
-20.4
-20.6
-21.4
-21.6
-21.2
-21.5
-21.4
-21.3
-21.9
-22.5
-22.9
-22.4
-21.8
-22.5
-22.7
-22.5
-22.4
-22.4
-22.5
-22.1
-22.2
-22.6
-22.2
-21.8
-22.4
-22.6
-22.6
-22.7
-22.6
-22.4
-22.8
-23.0
-22.7
-22.6
-22.7
-22.6
-22.8
-22.6
-22.2
-22.2
-22.4
-22.2
-21.9
-21.9
-22.2
-21.7
-21.7
-22.4
-23.0
-23.1
-22.9
-22.9
-23.3
-23.0
-22.6
-22.3
-22.4
-22.3
-22.0
-21.7
-21.7
-22.5
-22.7
-22.3
-21.7
-21.7
-21.6
-22.0
-22.7
-22.9
-22.1
-22.1
-22.9
-23.2
-22.1
-21.6
-22.3
-22.2
-21.8
-22.5
-23.3
-23.1
-22.6
-22.9
-23.2
-23.3
-23.0
-22.8
-23.0
-23.0
-22.6
-22.9
-23.7
-23.9
-23.7
-23.5
-23.4
-23.6
-23.5
-23.6
-23.7
-24.1
-24.1
-23.7
-23.6
-23.7
-23.8
-23.7
-23.2
-22.7
-22.0
-22.2
-22.9
-23.1
-22.7
-23.0
-23.3
-22.9
-22.4
-22.5
-22.4
-22.3
-22.1
-21.5
-21.6
-22.9
-23.7
-23.4
-23.2
-23.3
-23.6
-23.2
-22.9
-22.7
-22.9
-23.8
-24.0
-23.7
-23.4
-23.3
-24.1
-24.4
-24.2
-24.1
-24.0
-23.8
-23.6
-23.9
-23.9
-23.5
-22.9
-22.5
-23.1
-23.6
-23.6
-22.6
-22.7
-24.2
-24.5
-23.3
-22.7
-22.8
-23.2
-23.2
-23.1
-23.3
-23.3
-23.6
-23.7
-23.8
-23.5
-23.4
-23.5
-23.8
-24.3
-24.2
-23.8
-23.4
-23.6
-24.0
-23.4
-23.3
-22.7
-21.9
-22.1
-23.1
-23.6
-23.3
-23.3
-23.5
-23.3
-23.2
-23.7
-23.9
-23.0
-22.2
-22.5
-22.4
-23.1
-23.9
-24.3
-24.0
-23.2
-23.4
-24.1
-24.7
-24.7
-24.2
-23.8
-23.2
-23.4
-24.0
-24.3
-24.1
-23.7
-23.5
-24.4
-25.3
-25.1
-24.6
-24.5
-24.7
-24.5
-24.8
-25.1
-24.8
-24.2
-24.2
-25.3
-25.6
-24.8
-24.6
-24.9
-25.2
-24.8
-25.0
-24.9
-24.8
-24.3
-24.3
-23.7
-23.7
-24.0
-23.7
-23.5
-24.1
-24.7
-24.7
-24.7
-24.2
-23.9
-24.4
-24.6
-24.5
-24.6
-24.6
-24.5
-24.3
-23.6
-23.4
-24.6
-24.9
-24.1
-23.1
-22.3
-23.1
-24.7
-25.5
-24.8
-24.1
-23.9
-23.8
-24.0
-24.2
-23.8
-23.8
-24.0
-23.7
-24.1
-25.0
-26.0
-26.3
-26.1
-25.9
-26.1
-25.7
-25.5
-26.2
-26.3
-26.1
-25.7
-25.8
-26.2
-26.3
-26.0
-25.5
-24.4
-24.1
-24.6
-24.1
-23.5
-24.8
-25.9
-24.8
-24.1
-24.9
-24.9
-24.3
-24.4
-24.6
-24.4
-24.2
-24.6
-24.8
-25.1
-24.6
-24.6
-25.0
-24.9
-24.8
-24.8
-24.1
-23.9
-25.0
-25.7
-25.5
-24.9
-25.2
-25.2
-25.0
-24.4
-24.1
-24.2
-25.0
-25.0
-24.7
-24.6
-25.0
-24.9
-25.1
-25.0
-24.8
-25.1
-25.5
-25.7
-25.7
-25.9
-25.8
-26.4
-27.1
-26.7
-25.9
-26.1
-26.2
-26.0
-25.9
-26.1
-25.9
-25.6
-25.6
-26.1
-25.7
-25.2
-25.6
-26.1
-25.9
-25.3
-25.1
-25.3
-25.4
-24.5
-24.7
-26.0
-27.0
-26.8
-26.4
-26.1
-25.4
-25.3
-25.2
-25.7
-25.8
-25.9
-26.0
-25.7
-25.7
-25.7
-25.6
-25.1
-25.0
-25.6
-25.5
-24.9
-24.6
-25.1
-26.0
-26.4
-26.0
-25.7
-25.9
-26.0
-25.3
-25.8
-26.2
-25.7
-25.7
-25.8
-25.8
-25.5
-25.4
-25.3
-25.1
-25.1
-25.0
-25.1
-24.3
-23.6
-24.1
-25.3
-25.9
-25.6
-25.5
-25.9
-25.7
-25.6
-26.0
-26.7
-27.0
-26.7
-26.6
-26.9
-27.0
-26.9
-26.7
-26.1
-25.4
-25.5
-26.8
-27.1
-26.1
-25.5
-26.0
-26.3
-26.0
-25.6
-25.2
-24.9
-25.3
-25.7
-25.3
-25.2
-25.5
-26.2
-25.7
-25.1
-25.4
-25.6
-25.6
-25.5
-25.0
-24.6
-24.9
-24.9
-24.4
-24.2
-23.9
-24.0
-24.2
-24.6
-24.9
-24.6
-24.5
-24.3
-24.9
-25.7
-25.8
-25.6
-25.7
-25.9
-26.2
-26.0
-25.6
-25.2
-24.8
-24.8
-25.2
-25.4
-25.5
-25.3
-25.2
-25.0
-24.3
-24.6
-25.7
-25.7
-25.6
-25.6
-25.8
-25.6
-25.8
-26.5
-26.3
-25.5
-24.9
-25.1
-25.5
-25.7
-25.7
-26.1
-25.9
-25.7
-25.8
-25.9
-25.6
-25.4
-25.3
-25.2
-25.5
-25.5
-25.1
-25.3
-24.8
-25.2
-26.0
-25.5
-25.2
-25.8
-26.5
-26.0
-25.3
-25.6
-25.8
-25.7
-25.6
-25.3
-24.8
-25.0
-25.8
-26.3
-26.3
-25.7
-25.5
-25.4
-25.4
-25.5
-25.5
-25.0
-24.7
-24.4
-24.9
-25.4
-25.6
-25.5
-25.1
-25.0
-25.1
-24.9
-25.1
-25.4
-25.7
-25.7
-25.2
-24.8
-24.4
-24.3
-24.7
-25.3
-25.4
-25.0
-24.6
-25.2
-25.9
-25.7
-25.3
-25.2
-25.4
-25.7
-25.7
-25.5
-25.6
-25.8
-25.5
-24.6
-24.1
-24.2
-24.3
-24.6
-24.8
-24.6
-24.7
-25.1
-25.2
-25.0
-25.0
-25.0
-25.1
-25.0
-24.6
-25.1
-26.0
-26.1
-25.6
-25.3
-25.5
-25.5
-25.1
-25.3
-25.4
-25.2
-24.9
-24.5
-25.0
-25.1
-25.3
-25.8
-25.7
-25.2
-25.5
-26.0
-26.0
-25.9
-26.2
-25.9
-25.7
-25.7
-25.5
-25.1
-25.1
-24.7
-23.6
-23.5
-24.8
-25.5
-25.3
-25.0
-24.0
-24.3
-25.3
-26.3
-25.6
-24.3
-24.3
-25.2
-26.0
-25.8
-25.0
-25.3
-25.3
-25.2
-25.4
-25.7
-25.8
-26.0
-26.1
-25.9
-26.0
-26.5
-26.5
-26.2
-25.7
-25.3
-26.1
-26.5
-26.2
-25.5
-26.0
-26.5
-26.3
-25.8
-25.6
-25.3
-24.9
-25.1
-24.8
-23.9
-24.3
-25.3
-25.4
-24.7
-24.2
-25.0
-25.4
-25.5
-25.1
-25.1
-25.2
-24.6
-24.6
-24.9
-25.0
-25.1
-25.1
-24.8
-24.6
-25.2
-26.1
-26.0
-25.5
-24.8
-24.9
-26.2
-27.0
-26.9
-26.3
-26.1
-25.9
-25.5
-25.2
-25.3
-25.2
-24.5
-24.0
-24.5
-25.3
-25.5
-25.4
-24.9
-24.5
-24.7
-24.7
-24.7
-25.1
-26.2
-26.2
-25.9
-25.8
-25.9
-25.6
-25.6
-25.9
-25.3
-24.3
-23.7
-24.0
-25.6
-26.2
-25.0
-23.8
-25.5
-27.0
-26.8
-26.3
-26.0
-25.9
-25.5
-25.3
-25.7
-26.0
-26.2
-26.2
-25.9
-25.6
-25.7
-25.9
-25.6
-25.2
-25.6
-25.5
-25.6
-25.8
-25.6
-25.2
-25.7
-26.2
-25.9
-25.1
-24.3
-24.9
-25.0
-24.3
-24.2
-24.4
-25.0
-25.3
-25.4
-25.5
-25.8
-26.0
-25.9
-26.2
-26.1
-26.0
-26.0
-25.9
-25.6
-25.2
-25.1
-26.0
-26.7
-26.5
-25.6
-25.0
-25.3
-25.1
-25.3
-26.1
-26.1
-25.6
-25.2
-25.3
-25.8
-26.0
-26.0
-26.1
-26.0
-26.0
-25.7
-25.5
-25.4
-25.9
-25.9
-26.1
-25.9
-25.6
-25.3
-25.2
-25.0
-24.5
-25.0
-26.3
-26.4
-25.3
-24.8
-25.8
-26.5
-26.7
-26.0
-26.3
-27.1
-26.9
-26.8
-27.0
-27.0
-26.5
-26.2
-26.1
-25.9
-25.6
-25.1
-24.7
-24.7
-24.5
-24.0
-24.1
-24.7
-25.1
-25.0
-24.6
-24.7
-24.6
-24.4
-25.2
-25.8
-25.5
-25.3
-25.6
-25.5
-25.3
-25.8
-25.9
-26.0
-25.7
-25.7
-25.7
-25.7
-26.1
-26.4
-26.7
-26.4
-26.2
-25.8
-25.5
-25.1
-25.0
-25.9
-26.3
-26.1
-25.4
-25.3
-24.9
-24.7
-25.3
-25.9
-25.9
-25.7
-25.4
-25.6
-26.2
-26.1
-25.7
-25.2
-24.9
-25.1
-25.6
-25.9
-25.9
-25.8
-26.0
-26.5
-26.5
-25.9
-25.6
-25.7
-25.6
-25.5
-25.0
-25.0
-25.1
-25.0
-24.7
-25.0
-25.5
-25.8
-26.1
-26.0
-26.4
-26.7
-26.9
-26.4
-25.6
-25.9
-26.5
-26.3
-25.9
-25.9
-25.5
-24.7
-24.7
-24.9
-24.5
-24.4
-24.5
-24.7
-24.9
-25.1
-25.2
-25.4
-25.5
-25.2
-24.9
-25.0
-25.3
-25.2
-25.8
-26.2
-25.9
-25.3
-25.2
-25.2
-25.1
-25.2
-25.2
-24.8
-24.6
-25.2
-25.6
-25.4
-25.4
-25.8
-26.2
-26.0
-25.8
-25.8
-26.0
-26.4
-26.4
-26.3
-26.0
-25.9
-26.2
-26.1
-26.0
-25.8
-25.2
-24.8
-24.7
-24.7
-24.7
-24.9
-24.7
-24.2
-24.4
-25.0
-25.1
-24.5
-24.1
-24.3
-24.5
-24.5
-24.3
-25.1
-25.1
-24.8
-25.4
-25.6
-24.8
-24.7
-24.8
-24.5
-24.4
-24.5
-24.7
-25.0
-25.0
-24.7
-24.9
-25.0
-24.8
-24.7
-24.5
-24.3
-24.3
-24.8
-25.1
-25.4
-25.5
-25.2
-25.3
-25.3
-25.1
-25.0
-25.3
-25.0
-24.9
-24.6
-24.7
-24.6
-24.8
-24.9
-24.6
-24.2
-24.2
-23.8
-23.9
-24.3
-24.5
-24.0
-23.5
-23.7
-24.2
-23.8
-23.3
-23.5
-23.7
-24.2
-24.2
-24.1
-24.0
-23.9
-23.9
-24.0
-24.0
-23.9
-23.5
-23.7
-24.2
-24.4
-24.4
-24.5
-24.5
-24.4
-24.3
-24.2
-24.1
-24.3
-24.5
-24.6
-24.7
-24.8
-24.6
-24.1
-24.1
-24.8
-24.8
-24.4
-24.4
-24.2
-23.9
-23.8
-23.7
-23.5
-22.9
-22.4
-22.9
-23.3
-23.7
-23.6
-23.8
-24.1
-24.1
-24.0
-23.9
-23.8
-23.6
-23.7
-23.6
-23.7
-23.9
-24.2
-24.3
-24.5
-24.7
-24.7
-24.7
-24.4
-24.4
-24.6
-25.0
-24.9
-24.5
-24.2
-24.1
-24.7
-24.9
-24.5
-24.2
-24.3
-24.4
-23.7
-23.7
-23.9
-23.8
-23.5
-23.1
-22.6
-22.5
-23.5
-24.0
-23.7
-23.5
-23.8
-23.7
-23.7
-24.3
-24.6
-24.3
-24.2
-24.3
-24.7
-25.0
-24.9
-24.8
-24.6
-24.3
-24.1
-24.2
-24.0
-23.9
-24.1
-24.5
-25.0
-25.3
-25.1
-24.9
-25.1
-25.3
-25.3
-25.1
-25.2
-25.1
-24.9
-25.0
-25.0
-24.7
-24.2
-23.9
-23.8
-23.9
-23.6
-23.6
-23.5
-23.5
-23.8
-24.0
-24.1
-23.8
-23.9
-23.7
-24.2
-24.4
-24.4
-24.5
-24.8
-24.8
-24.5
-24.6
-24.2
-24.0
-24.1
-24.3
-24.6
-24.8
-24.8
-24.7
-24.9
-24.9
-24.7
-24.4
-24.0
-23.6
-23.7
-23.8
-24.0
-24.2
-24.3
-24.7
-24.7
-24.1
-23.9
-23.8
-23.3
-22.7
-22.5
-22.1
-22.0
-22.4
-22.6
-22.2
-22.4
-23.1
-23.5
-23.4
-23.1
-22.4
-22.1
-23.0
-23.6
-23.5
-23.1
-23.5
-24.2
-24.4
-24.6
-24.8
-24.9
-24.7
-24.3
-24.3
-24.5
-24.4
-24.5
-24.4
-24.3
-24.2
-23.9
-24.1
-24.3
-23.7
-23.3
-23.4
-23.4
-23.2
-23.0
-22.8
-22.8
-23.4
-23.7
-23.4
-23.1
-22.9
-23.2
-23.1
-23.0
-23.0
-22.7
-22.4
-22.3
-22.4
-22.4
-22.7
-23.0
-22.9
-23.0
-23.3
-23.2
-23.2
-22.9
-22.8
-22.6
-22.8
-22.7
-22.4
-22.4
-22.5
-22.8
-22.7
-22.2
-22.0
-21.7
-22.0
-22.4
-22.5
-22.7
-22.9
-23.0
-23.0
-22.8
-22.3
-22.0
-21.5
-22.3
-22.8
-22.8
-22.6
-22.7
-23.2
-23.6
-23.7
-23.5
-23.0
-22.6
-22.6
-22.6
-22.9
-22.9
-22.8
-22.8
-22.7
-22.3
-22.4
-22.7
-22.5
-22.2
-21.9
-22.1
-22.6
-22.9
-23.0
-23.0
-22.8
-22.5
-22.3
-22.7
-23.1
-23.4
-23.1
-22.9
-22.7
-22.6
-23.0
-23.4
-23.6
-23.2
-23.1
-23.5
-23.7
-23.7
-23.8
-23.8
-24.0
-24.2
-24.1
-23.4
-23.2
-24.1
-24.2
-23.5
-22.2
-22.0
-22.6
-22.5
-22.4
-22.4
-22.8
-22.8
-22.5
-22.5
-23.0
-23.2
-23.0
-22.9
-23.5
-23.9
-24.1
-24.5
-24.6
-24.2
-23.8
-23.5
-23.2
-23.3
-23.3
-23.0
-22.3
-22.6
-22.9
-23.2
-23.1
-22.7
-22.1
-21.7
-21.7
-22.1
-22.1
-21.9
-21.7
-22.0
-22.2
-22.1
-22.0
-22.1
-22.2
-21.9
-21.7
-21.7
-21.3
-21.5
-22.0
-22.1
-22.2
-22.2
-21.9
-22.1
-22.4
-22.6
-22.3
-22.2
-22.0
-21.7
-22.2
-22.3
-22.2
-22.1
-22.0
-21.7
-21.2
-21.2
-21.6
-21.6
-22.0
-21.9
-22.3
-22.3
-22.6
-22.9
-22.4
-22.3
-22.7
-22.8
-22.6
-22.2
-22.3
-23.3
-23.8
-23.2
-22.0
-21.9
-22.0
-22.0
-22.2
-22.7
-22.9
-22.7
-22.7
-22.9
-22.7
-22.5
-22.8
-23.4
-23.1
-22.7
-22.4
-22.5
-22.4
-22.1
-21.9
-21.9
-21.6
-22.0
-22.2
-22.2
-21.6
-21.7
-22.4
-22.3
-21.9
-21.5
-21.7
-22.0
-22.3
-22.1
-22.2
-22.7
-22.9
-22.3
-22.0
-22.2
-22.3
-22.6
-22.5
-22.9
-22.8
-22.3
-21.6
-21.4
-21.7
-21.4
-21.2
-21.7
-21.7
-21.6
-21.7
-21.8
-21.7
-21.1
-21.2
-21.0
-20.8
-21.1
-21.3
-21.7
-22.0
-22.2
-22.3
-22.3
-22.0
-22.0
-22.3
-22.6
-22.5
-22.3
-22.0
-22.5
-23.4
-23.6
-23.1
-22.6
-22.7
-22.9
-23.1
-23.1
-22.7
-22.6
-22.5
-22.7
-22.8
-22.6
-22.2
-22.5
-22.6
-22.4
-22.2
-21.8
-21.4
-22.4
-22.9
-22.8
-22.4
-22.2
-22.5
-23.1
-23.2
-22.7
-22.3
-22.0
-21.8
-21.8
-21.6
-21.5
-21.4
-21.3
-21.1
-21.4
-21.8
-21.7
-22.0
-22.1
-21.7
-21.5
-21.8
-22.2
-21.7
-21.6
-22.2
-22.8
-22.4
-21.6
-21.6
-22.1
-22.1
-21.6
-21.6
-21.9
-21.6
-21.4
-21.2
-21.0
-20.8
-20.8
-20.7
-20.1
-19.4
-19.8
-20.8
-21.1
-20.6
-20.4
-21.0
-21.1
-20.8
-20.9
-20.8
-20.5
-19.8
-20.2
-21.4
-22.2
-21.9
-21.4
-21.4
-21.6
-22.0
-22.3
-22.3
-21.6
-21.6
-22.2
-22.5
-22.7
-22.8
-22.5
-22.2
-22.0
-22.0
-22.5
-22.2
-21.7
-21.9
-22.7
-22.9
-22.6
-22.4
-21.7
-21.7
-22.3
-22.3
-21.7
-21.7
-21.6
-21.5
-21.4
-20.5
-19.8
-21.2
-22.0
-22.0
-21.4
-21.0
-21.5
-22.4
-22.7
-22.5
-21.6
-21.1
-21.4
-21.8
-21.7
-21.5
-21.6
-21.7
-21.7
-21.7
-21.8
-21.0
-20.3
-21.2
-21.5
-21.6
-21.4
-20.7
-20.8
-21.2
-21.7
-21.6
-20.8
-20.2
-20.3
-21.4
-22.2
-22.0
-21.4
-21.2
-21.0
-21.1
-21.7
-21.5
-20.6
-20.0
-19.7
-19.8
-20.7
-21.1
-20.6
-20.2
-20.3
-20.5
-20.6
-20.9
-21.2
-21.2
-21.5
-21.7
-21.7
-21.5
-21.8
-22.3
-22.0
-20.9
-20.9
-21.1
-21.0
-20.8
-20.4
-20.4
-21.1
-21.5
-21.2
-21.1
-21.4
-21.7
-21.5
-21.1
-21.1
-21.4
-21.6
-21.1
-21.0
-20.6
-20.2
-20.4
-20.8
-20.7
-20.3
-20.3
-20.3
-20.5
-20.2
-19.9
-20.5
-20.6
-20.0
-20.0
-20.2
-20.3
-20.5
-20.8
-20.7
-20.1
-20.3
-20.7
-20.4
-20.3
-20.6
-20.8
-20.3
-18.7
-18.8
-21.0
-21.7
-21.2
-21.4
-22.0
-22.2
-22.6
-23.0
-22.8
-22.5
-22.6
-22.5
-22.1
-22.0
-22.0
-21.9
-21.5
-20.7
-20.1
-19.8
-19.4
-19.5
-19.8
-20.0
-20.0
-20.1
-20.3
-20.3
-20.3
-20.0
-19.7
-20.6
-21.4
-21.3
-20.7
-20.6
-20.7
-20.7
-21.2
-21.3
-20.5
-20.4
-20.7
-21.0
-21.1
-21.1
-20.9
-20.7
-20.9
-21.1
-20.7
-20.6
-20.8
-20.7
-20.7
-20.7
-20.5
-20.3
-20.4
-20.5
-20.4
-20.2
-20.5
-20.7
-20.8
-20.7
-20.5
-20.5
-20.3
-20.0
-19.4
-19.7
-20.3
-20.2
-19.6
-19.6
-20.2
-20.1
-19.9
-19.7
-19.8
-19.9
-19.5
-19.2
-19.4
-19.6
-20.0
-20.2
-20.2
-19.9
-19.6
-19.6
-19.3
-19.3
-19.0
-19.0
-19.7
-19.6
-19.6
-20.2
-20.7
-20.6
-20.5
-20.4
-20.7
-20.8
-20.6
-20.3
-20.0
-20.3
-20.6
-20.6
-20.3
-20.0
-20.0
-19.6
-19.2
-19.3
-19.3
-19.3
-19.3
-19.2
-19.1
-19.3
-19.6
-19.4
-19.5
-19.7
-19.5
-19.5
-19.5
-18.9
-19.6
-20.5
-20.6
-19.8
-19.3
-19.4
-20.0
-20.5
-20.7
-20.3
-20.3
-20.4
-20.5
-20.7
-20.8
-20.6
-20.6
-20.5
-20.3
-20.2
-20.2
-20.2
-20.0
-20.0
-20.0
-19.6
-19.1
-19.4
-19.5
-18.9
-18.9
-19.2
-18.9
-18.7
-18.7
-18.7
-17.9
-18.1
-19.6
-20.0
-19.5
-19.2
-19.2
-19.3
-19.1
-19.2
-19.0
-18.5
-18.6
-18.6
-18.5
-18.4
-18.5
-18.6
-18.6
-18.3
-17.9
-17.7
-17.7
-17.4
-16.8
-17.3
-17.5
-17.1
-16.7
-16.9
-17.1
-17.3
-17.5
-17.5
-17.4
-17.4
-17.1
-16.9
-17.0
-17.1
-17.3
-17.1
-16.8
-17.0
-16.8
-16.8
-16.9
-16.6
-16.1
-16.2
-16.7
-16.6
-16.3
-16.3
-16.4
-16.5
-16.5
-16.5
-16.7
-16.2
-16.4
-16.2
-16.2
-16.5
-17.0
-17.1
-16.4
-16.4
-16.5
-16.3
-16.5
-17.0
-17.0
-17.0
-16.7
-16.6
-16.5
-16.1
-15.9
-15.9
-15.8
-15.2
-14.8
-14.3
-14.3
-14.4
-14.6
-14.2
-14.2
-14.5
-14.7
-14.8
-15.3
-15.9
-15.9
-15.6
-15.6
-15.9
-15.9
-15.9
-15.6
-15.5
-15.6
-15.5
-15.2
-15.1
-15.1
-15.2
-15.2
-15.2
-15.2
-14.5
-14.6
-15.0
-15.3
-15.1
-14.9
-15.1
-15.1
-15.4
-15.6
-16.1
-16.2
-16.1
-16.1
-16.4
-16.8
-16.4
-15.9
-16.3
-16.8
-16.8
-16.5
-16.3
-15.8
-15.5
-15.8
-15.9
-15.6
-15.1
-14.6
-14.3
-14.3
-14.7
-15.0
-14.7
-14.8
-15.0
-15.2
-15.2
-15.4
-15.7
-15.8
-15.9
-16.2
-16.3
-16.1
-15.8
-15.7
-15.9
-15.7
-15.5
-15.1
-14.9
-14.1
-14.1
-15.1
-15.5
-15.1
-15.1
-15.4
-15.8
-15.9
-16.0
-15.8
-15.3
-15.3
-15.9
-16.2
-16.1
-15.8
-15.7
-16.1
-16.2
-15.6
-14.7
-14.8
-15.4
-16.0
-16.1
-15.8
-15.5
-15.3
-15.2
-15.6
-16.0
-16.3
-16.1
-15.7
-15.7
-16.1
-16.3
-16.1
-15.9
-15.8
-15.7
-15.7
-15.9
-15.9
-16.1
-15.9
-15.9
-16.1
-15.8
-15.4
-15.1
-15.1
-15.1
-15.6
-15.7
-15.4
-14.8
-14.7
-14.4
-14.6
-14.5
-14.3
-14.7
-14.9
-14.6
-14.4
-14.1
-14.5
-14.8
-15.1
-15.2
-15.0
-15.0
-15.3
-15.4
-15.7
-16.0
-16.2
-15.8
-14.6
-14.9
-15.5
-15.4
-15.1
-14.8
-14.6
-14.1
-13.9
-13.7
-13.7
-14.3
-14.8
-15.0
-14.5
-14.8
-15.3
-15.6
-15.7
-15.8
-15.7
-15.7
-16.0
-16.0
-15.8
-15.8
-15.8
-15.7
-14.9
-14.4
-14.6
-15.3
-15.1
-14.6
-14.6
-14.9
-14.8
-14.5
-14.1
-14.1
-14.5
-14.5
-14.2
-14.0
-14.4
-14.9
-15.0
-14.6
-13.9
-14.1
-14.5
-14.5
-14.7
-14.6
-14.3
-14.1
-14.4
-14.8
-14.9
-14.8
-14.6
-14.2
-14.2
-14.7
-14.9
-14.5
-14.0
-13.8
-13.6
-13.1
-13.2
-14.0
-14.2
-13.8
-13.5
-13.7
-13.9
-14.0
-14.3
-14.3
-14.0
-13.8
-13.7
-13.7
-14.0
-14.4
-14.8
-14.4
-14.0
-14.1
-14.3
-14.5
-14.6
-14.2
-13.8
-13.4
-13.5
-13.8
-14.3
-14.4
-14.3
-14.4
-14.7
-15.3
-15.5
-15.1
-14.5
-14.5
-14.8
-14.8
-14.6
-14.4
-14.3
-14.5
-15.0
-15.2
-14.8
-14.5
-14.6
-14.9
-14.7
-14.7
-14.8
-14.8
-15.0
-14.7
-14.4
-14.5
-14.4
-14.1
-14.0
-13.8
-13.4
-13.1
-13.6
-13.7
-13.6
-13.7
-13.6
-13.6
-14.2
-14.5
-14.4
-14.6
-15.0
-15.1
-15.1
-15.6
-16.0
-15.8
-15.6
-15.6
-15.9
-15.6
-15.0
-14.7
-14.5
-14.3
-14.1
-14.3
-14.6
-14.5
-14.5
-14.5
-14.4
-14.4
-14.4
-14.3
-14.3
-14.0
-13.8
-13.9
-14.0
-14.0
-14.1
-14.2
-14.0
-13.9
-14.2
-14.3
-14.2
-14.1
-14.1
-13.9
-13.8
-13.9
-14.1
-14.3
-14.4
-14.5
-14.6
-14.8
-15.0
-15.2
-15.0
-14.6
-14.7
-14.6
-14.8
-14.7
-14.6
-14.5
-14.2
-14.2
-14.3
-14.5
-14.3
-14.3
-14.6
-14.8
-14.7
-14.5
-14.6
-15.0
-15.0
-14.8
-14.6
-14.4
-14.4
-14.3
-14.5
-14.2
-13.8
-13.7
-13.7
-13.7
-14.1
-14.2
-14.0
-13.6
-12.9
-13.3
-14.7
-15.2
-14.5
-14.2
-14.6
-14.8
-15.1
-15.1
-15.0
-14.9
-14.7
-14.3
-13.8
-13.6
-13.5
-13.7
-13.5
-12.9
-12.4
-12.9
-13.3
-13.5
-13.6
-13.8
-14.1
-13.9
-13.5
-13.5
-13.4
-13.3
-13.8
-14.3
-14.0
-13.5
-13.3
-13.4
-13.3
-13.3
-13.2
-12.8
-12.8
-12.8
-12.2
-11.7
-11.5
-11.6
-11.6
-11.3
-11.1
-11.2
-11.8
-12.0
-12.1
-12.2
-12.2
-12.2
-12.3
-12.3
-12.3
-13.1
-13.6
-13.5
-13.4
-13.0
-12.9
-13.7
-13.8
-13.2
-12.8
-12.6
-12.3
-12.0
-12.1
-12.3
-12.2
-12.1
-11.8
-11.9
-12.2
-12.4
-12.6
-13.0
-13.0
-12.9
-13.1
-13.4
-13.7
-13.3
-12.8
-13.4
-13.8
-13.4
-13.0
-13.3
-13.8
-13.9
-13.4
-13.0
-12.8
-12.7
-12.4
-12.3
-12.2
-12.2
-12.3
-12.8
-12.9
-12.8
-12.8
-12.8
-13.0
-13.2
-13.3
-13.1
-12.9
-13.1
-13.1
-13.2
-13.3
-13.5
-13.7
-13.7
-13.8
-13.8
-14.3
-14.1
-13.7
-13.6
-13.5
-13.3
-13.2
-13.2
-13.0
-12.8
-12.8
-12.3
-12.3
-12.6
-12.9
-13.0
-13.2
-13.1
-13.2
-13.6
-13.8
-13.5
-13.2
-13.3
-13.1
-12.9
-12.9
-12.9
-12.8
-13.1
-13.1
-13.2
-13.0
-12.8
-13.1
-13.3
