-0.8
-1.6
-0.7
-1.6
-1.7
-0.4
-0.9
-0.5
-1.2
-1.9
-2.6
-2.2
-2.1
-0.4
0.0
-0.8
-0.6
0.0
0.0
-0.3
-1.1
-0.3
0.0
0.1
-0.5
0.0
-1.0
-0.3
0.0
0.7
-0.3
-1.0
-1.1
-0.4
-0.3
1.0
0.6
0.7
0.1
-0.6
-0.8
-1.1
-1.1
-0.8
-1.7
-1.4
-1.2
-1.0
0.6
-1.2
-0.3
-2.3
-2.4
-2.1
-1.8
-2.1
-0.9
-1.7
-1.0
-1.7
-2.5
-2.2
-0.7
-1.2
-1.1
-1.2
-0.8
-0.7
0.2
0.5
2.0
0.4
-0.1
-1.2
-1.1
-0.5
-0.1
-0.7
-0.6
-1.3
-0.4
0.3
0.4
-0.5
-0.9
-0.8
-1.0
-0.5
-0.2
0.4
0.0
0.1
0.0
-0.2
-0.6
-1.2
-1.1
0.0
-0.4
-0.2
0.3
0.0
0.0
0.4
0.0
0.2
0.4
-0.2
0.9
1.5
0.8
1.2
0.5
0.0
0.9
1.2
0.4
0.1
-0.6
-1.3
-0.5
-0.2
-0.2
0.0
-1.2
-0.7
0.3
0.8
0.4
-0.4
-0.8
-1.4
-0.4
0.4
0.7
0.1
0.5
-0.2
0.3
-0.1
0.0
-0.3
0.8
0.7
1.0
-0.8
-0.2
-1.0
-1.2
-1.4
-1.7
-1.3
-0.3
-0.4
-0.2
-1.0
-1.8
-0.6
0.0
0.0
-0.1
0.1
-0.4
-1.4
-0.6
-1.9
1.7
-0.2
-0.1
-0.2
-2.3
-2.4
-2.6
-2.5
-0.6
-0.6
-0.1
0.0
-0.4
-1.7
-1.7
-2.0
-1.5
-0.9
1.2
1.6
1.0
-0.2
-0.4
-1.9
-1.8
-2.5
-0.6
0.4
0.0
-0.4
-0.2
-0.1
-0.5
-1.2
-1.7
-1.6
-1.1
-1.8
-0.4
-1.7
-1.3
-2.0
-1.7
-0.8
-0.7
-0.6
-0.7
-0.2
-0.1
0.4
0.1
0.0
-1.4
-1.8
-2.1
-1.2
-1.0
-1.2
0.0
0.5
0.9
0.9
-0.5
-0.1
-0.1
1.1
0.3
0.0
-1.1
-1.3
-0.3
0.3
0.3
1.3
1.5
2.0
1.2
0.0
0.0
0.2
1.2
1.7
2.3
2.4
0.9
0.5
0.8
1.5
1.4
1.3
2.5
3.2
1.6
1.3
1.2
1.5
1.6
1.4
0.8
1.2
0.0
1.5
0.1
0.3
-0.8
-1.0
-0.3
0.6
1.2
1.9
0.8
0.1
0.0
0.2
-0.5
0.3
0.8
1.2
0.0
0.1
-1.4
-0.7
-1.0
-0.7
0.0
-0.9
-2.1
-2.3
-2.7
-1.5
-1.5
-1.9
-1.3
-2.4
-2.1
-2.0
-1.7
-1.0
-1.1
-1.2
-1.2
-1.8
-2.8
-1.7
-0.5
-2.1
-0.8
-1.5
0.1
0.3
-0.9
-0.1
-1.0
-2.1
-2.2
-2.3
-1.7
-2.2
-2.0
-1.3
-1.0
-1.7
-1.8
-0.9
0.0
-0.7
-1.4
-1.7
-1.9
-1.4
-2.1
-2.2
-0.9
-1.5
-1.3
-1.7
-3.1
-2.4
-1.7
-0.8
-1.2
-1.3
-1.6
-2.3
-2.8
-2.1
-2.1
-1.3
-1.3
-0.3
-0.7
-1.1
-2.3
-2.3
-2.4
-3.2
-2.3
-1.2
-0.6
0.0
-1.3
-1.4
-1.0
-1.2
-1.9
-1.7
-0.9
-1.6
-1.5
-1.5
-0.6
0.1
0.2
0.0
-1.3
-1.8
-2.5
-2.9
-2.0
-0.8
-0.3
0.0
-1.6
-1.6
-1.4
-1.4
-1.1
-1.2
-2.0
-1.4
0.0
-0.4
-0.9
-1.5
-1.5
-1.4
-0.7
-0.1
-0.1
-0.5
-0.6
-0.7
-0.8
-1.0
-2.0
-1.9
-2.2
-2.7
-2.4
-2.9
-1.0
-0.3
-0.2
0.0
-1.2
-1.9
-2.0
-1.3
-0.5
0.0
-0.2
0.2
-1.0
0.2
0.2
0.8
0.6
-0.8
-1.3
-1.4
-2.1
-1.1
-1.2
-1.0
-2.3
-3.0
-3.2
-2.7
-1.9
-2.0
-1.7
-0.9
-0.6
-1.0
-0.8
-0.8
-1.1
-1.4
-1.6
-2.3
-2.3
-2.0
-1.4
0.2
-0.2
-0.5
-0.7
-1.8
-1.7
-1.5
-1.0
-0.5
-2.4
-2.0
-1.9
-0.8
-0.1
0.0
0.6
0.2
-0.6
-1.7
-0.9
-0.9
-0.1
-1.2
-1.3
-1.5
-1.7
-1.2
-0.8
0.0
-1.1
-1.2
-2.1
-1.7
-1.0
-0.7
-0.5
-0.1
-0.8
-0.3
-0.3
-0.1
-1.7
-1.3
-1.5
-2.0
-1.8
-1.9
-1.0
-0.6
-1.1
-1.7
-1.3
-0.8
-0.6
-0.8
-2.3
-2.5
-3.0
-1.9
-2.2
-2.0
-2.0
-2.2
-1.8
-1.1
-1.6
-1.6
-2.4
-1.3
-0.6
-0.3
-0.3
-0.1
-1.5
-2.9
-2.3
-2.0
-1.2
-2.6
-3.0
-2.7
-1.2
-1.0
-0.8
-1.1
-2.4
-2.0
-1.5
-0.5
0.2
0.0
-1.0
-1.6
-1.3
-0.6
-0.3
0.2
0.0
-0.1
0.4
0.1
1.0
0.1
1.2
0.3
0.2
0.5
0.4
1.0
0.5
0.9
0.6
0.9
0.5
0.5
0.8
0.4
0.0
0.3
-0.1
-0.1
-0.4
0.4
0.1
0.4
-0.6
0.1
0.0
0.1
-0.1
-1.2
-1.8
-1.5
0.6
0.3
-0.8
-2.0
-1.7
0.0
-0.1
0.0
-0.5
-0.7
-0.2
0.0
0.2
-1.1
-0.7
0.0
0.3
0.0
-0.7
-1.4
-0.9
-0.4
0.0
0.0
-0.4
-0.7
-0.3
0.3
1.1
1.0
0.7
-0.1
-0.1
0.3
1.3
0.2
-0.8
-1.0
0.2
1.3
1.1
1.1
1.2
1.3
0.4
0.4
2.0
1.8
1.4
1.2
1.6
2.2
2.4
2.9
2.2
0.3
-0.6
-0.5
0.3
0.1
0.3
1.1
2.2
2.5
2.8
2.5
2.5
1.5
1.2
0.0
1.9
1.3
0.9
0.5
0.3
2.2
1.9
1.4
-0.6
-1.5
-1.5
0.0
0.7
0.7
-0.2
-1.0
-1.7
-0.7
-1.3
-1.4
-1.3
-1.4
0.5
0.1
0.0
-0.7
-0.8
-1.8
-1.6
-1.4
0.1
0.7
0.6
1.2
1.2
1.2
1.4
-1.0
-2.0
-2.3
-1.5
-0.2
-1.0
-1.2
-0.6
-0.2
-0.6
-2.1
-2.3
-1.6
-2.3
-2.3
-1.8
-1.7
-1.1
-1.0
-0.9
0.0
-1.2
-0.9
-0.8
-0.5
-0.8
-1.1
-1.6
-0.4
0.3
0.6
-0.3
-0.5
0.8
0.0
-0.6
-1.3
0.0
0.0
2.0
0.7
0.6
0.2
0.3
0.9
1.0
-0.3
0.1
0.1
1.3
1.1
1.1
-0.7
-0.4
-0.8
-0.9
-0.3
0.1
-0.3
0.0
-0.4
0.0
-0.4
-0.8
-0.7
0.1
0.2
-0.2
-0.4
-0.4
0.0
-0.1
0.3
0.3
-0.4
-1.0
-1.7
-1.8
-2.0
-0.6
0.1
-0.1
0.0
-1.1
-0.6
-0.6
-0.1
0.0
-1.0
-2.4
-1.7
-1.2
-0.5
-0.7
-1.7
-1.7
-2.3
-1.8
-0.8
0.2
0.6
-0.7
-0.4
0.5
0.5
0.8
0.5
0.4
-1.2
-1.9
-1.8
-0.9
1.1
-0.5
0.3
0.3
-0.1
0.6
0.2
0.4
0.6
1.0
1.0
1.2
-0.1
0.1
-0.9
0.6
0.9
-0.5
-0.6
0.0
0.0
-0.1
-0.8
-1.7
-0.9
-1.4
-0.4
-0.9
-1.3
-2.0
-2.5
-2.3
-1.3
-0.8
-2.0
-2.4
-2.3
-1.0
0.4
-0.6
-1.3
-1.7
-2.3
-2.0
-1.3
-2.2
-1.3
-2.4
-1.6
-2.0
-2.2
-0.2
-0.5
-1.2
-1.4
-1.6
0.0
-0.3
0.0
0.3
0.3
-0.5
-0.8
-0.7
-1.2
-0.1
0.5
0.1
0.3
0.0
0.8
1.3
0.8
-0.3
-1.7
-2.6
-1.3
-1.3
-0.2
-0.2
-0.3
0.2
-0.3
-0.6
-0.9
-2.3
-1.2
-1.1
0.0
-0.2
0.1
-0.9
-1.3
-1.5
-1.6
-0.3
0.1
0.0
0.0
-0.2
-1.1
-1.6
-1.4
-0.3
0.0
0.7
0.8
0.6
0.1
0.5
0.5
0.1
0.1
0.6
-0.4
0.1
0.1
0.7
1.2
1.2
1.0
0.3
-0.8
-1.8
-2.5
-1.5
-0.7
0.2
1.2
1.2
1.0
0.2
-0.1
-1.9
-2.0
-1.6
0.0
1.2
2.1
1.9
1.2
0.7
0.4
-0.3
-0.1
0.0
1.6
2.3
2.6
2.5
2.2
2.4
2.6
1.8
1.5
1.0
1.8
2.5
2.9
3.1
3.1
2.7
1.6
1.0
1.9
1.7
1.3
1.7
2.0
1.7
1.9
1.0
0.7
0.3
0.9
0.0
-0.1
-0.3
-2.0
0.2
1.4
1.7
2.2
1.8
0.8
2.0
0.3
0.0
-1.5
-2.7
-3.1
-1.6
-1.1
-1.1
-0.6
0.2
2.2
1.5
2.3
0.7
0.6
-0.5
-0.4
-1.2
-0.7
-0.5
0.0
0.4
0.3
1.2
2.3
2.0
2.8
1.4
1.2
-0.2
-0.8
-0.5
-0.1
-0.1
0.1
-1.2
0.3
-0.3
-0.3
0.4
0.2
0.1
0.0
-0.9
0.8
-0.5
-0.2
-1.2
-1.3
-1.5
-2.5
-1.4
-0.5
0.0
-0.7
-2.5
-2.7
-3.5
-2.3
-1.6
0.0
-0.7
-0.9
-2.6
-2.7
-1.9
-1.2
-1.1
-2.2
-3.8
-5.0
-3.6
-2.2
-0.9
0.5
-0.2
-0.6
-0.2
-0.4
-0.3
-1.2
-2.6
-2.5
-3.8
-3.2
-2.2
-2.2
-1.5
-2.5
-2.4
-2.6
-1.8
-1.9
-1.2
-1.6
-1.7
-1.4
-2.0
-2.2
-2.0
-1.4
-0.8
0.1
-0.4
-0.1
-1.0
-0.4
-0.7
-0.3
-2.1
-2.5
-1.8
-1.7
0.3
0.3
0.9
1.4
0.9
0.0
-0.2
-1.6
-2.4
-2.0
-1.4
-0.5
0.9
0.7
1.3
-1.5
-2.3
-2.8
-2.1
-0.5
-0.5
-0.4
0.0
0.1
-0.6
-1.2
-1.5
-2.2
-2.4
-1.6
-0.8
1.0
1.1
1.1
1.2
0.8
1.1
-0.7
-0.3
-0.7
-0.8
0.7
1.7
3.0
3.4
1.8
3.2
3.5
2.8
2.8
2.6
1.1
0.8
0.8
2.2
1.7
0.8
0.5
1.6
1.9
1.3
1.6
3.0
1.9
2.7
1.4
1.9
0.2
0.0
0.8
1.7
1.4
1.6
2.3
1.3
0.3
0.5
1.9
3.3
3.6
3.6
2.2
1.4
0.9
-0.1
-0.2
-0.9
0.6
1.6
1.6
0.7
0.2
0.4
-1.2
-1.0
-1.9
-1.5
-0.9
0.9
1.3
1.0
0.1
1.9
1.5
0.2
0.0
-1.5
-2.0
-2.1
-2.5
-3.1
-2.2
-2.7
-0.6
0.0
1.3
2.2
0.6
-0.1
-1.5
-1.4
-1.2
-0.4
-0.2
0.3
-1.3
-1.1
-1.5
-0.9
-1.6
-0.9
-0.3
1.3
1.7
0.6
0.4
-0.4
-1.6
-1.9
-1.3
-0.5
0.9
0.5
-0.2
0.0
2.1
3.0
1.9
1.2
0.1
0.8
0.1
-1.0
-0.6
-1.2
-2.2
-1.9
-1.2
0.8
0.8
1.6
1.0
-0.5
-1.2
-1.6
0.0
-0.4
-1.0
-2.0
-1.9
-1.9
-2.2
-2.2
-0.7
-1.1
-1.2
-2.0
-1.7
-0.7
0.1
-0.2
-0.2
-0.3
0.0
0.1
0.0
0.0
-0.7
-1.3
-0.9
-1.0
-1.0
-1.3
-2.0
-0.8
-1.0
-1.6
-1.1
-1.6
0.0
-0.3
0.2
-0.9
-0.9
-0.6
0.5
1.3
0.6
0.6
-1.3
-2.4
-1.5
-1.0
-0.7
-0.5
-0.5
-1.5
-0.3
-1.3
0.2
-0.1
0.0
-0.4
1.2
0.6
0.4
0.0
0.1
0.8
-0.6
0.1
-0.4
0.0
0.0
-0.1
-0.4
0.7
-0.6
-0.6
-0.1
0.0
1.4
0.1
-0.6
-1.0
-0.8
-0.5
-0.3
0.4
0.4
-0.6
-0.4
-1.1
-0.6
-1.7
-0.6
-0.1
-0.7
-1.0
-1.4
-0.5
-0.6
-1.1
-1.4
-0.9
-0.6
-0.5
-0.5
0.2
-0.1
-0.5
-1.0
-1.0
-0.8
-0.9
-0.6
-0.8
-0.6
-0.7
-0.1
0.1
0.0
0.4
-0.4
-0.8
-1.7
-1.1
-0.4
1.2
0.5
0.0
-0.5
-0.3
-0.4
-0.9
-1.1
-0.5
-1.7
-1.0
-1.2
0.0
0.2
-0.1
-1.2
-1.7
-1.3
-1.9
-1.4
-1.7
-0.9
-0.2
0.4
0.6
-0.4
-0.6
-1.5
-1.3
-1.2
-0.5
0.0
-1.5
-2.7
-2.2
-1.0
1.0
-0.4
0.5
-1.5
-1.2
-1.6
-1.2
-0.6
-0.2
-0.1
-1.0
-1.4
-2.5
-0.8
0.2
-1.2
-0.5
-1.0
-0.4
-0.7
-0.4
-0.2
1.5
0.4
-0.8
-0.7
-1.3
-0.9
-0.6
-1.4
-1.4
-1.7
-2.7
-1.8
-1.4
-1.7
-1.2
-1.5
-1.1
-2.2
-1.7
-1.1
-0.3
-1.1
-0.6
-1.3
-0.8
-0.4
0.1
-0.6
-1.2
-0.8
-1.9
-1.8
-0.8
-0.3
0.0
-0.5
0.0
-0.5
-0.5
-0.6
-0.1
0.1
0.5
1.2
0.3
-0.1
-1.3
-0.6
-0.8
-0.6
-0.2
0.4
0.8
0.4
0.1
-0.1
-0.6
0.3
-0.1
-0.5
0.5
1.7
2.0
2.7
1.6
1.2
0.6
0.8
1.3
1.7
2.1
1.2
1.6
2.4
1.9
2.2
1.4
1.7
1.3
-0.3
-1.1
-0.5
0.6
-0.4
0.1
1.0
1.8
2.4
0.7
-0.6
-0.2
-1.5
-0.9
-1.0
-1.6
-0.5
0.0
0.0
-1.4
-0.9
-1.5
-0.5
-1.6
-2.2
-1.4
-0.6
0.3
-0.1
0.2
-0.5
0.2
-0.4
0.1
0.2
0.5
-0.1
-1.4
-1.6
-1.7
-1.3
-0.4
0.5
1.9
1.2
0.6
0.0
-1.6
-2.2
-2.4
-1.9
-0.2
1.0
0.0
0.6
-0.8
-1.2
-1.1
-0.2
0.5
1.4
0.4
0.0
-0.4
-1.2
0.2
1.0
1.7
1.7
0.5
1.2
0.4
0.6
1.5
1.3
1.7
1.8
0.9
1.1
2.7
4.8
5.4
3.6
1.9
1.7
1.9
2.5
2.2
2.2
2.9
2.8
1.7
0.4
0.1
0.2
0.5
1.7
1.7
2.1
1.4
1.5
1.2
0.5
0.7
1.8
0.8
0.7
0.8
0.0
0.3
-0.3
1.0
1.4
-0.1
-0.1
-0.6
-0.3
-0.1
0.0
0.5
0.6
0.0
0.1
-0.5
-0.3
-0.7
-1.1
0.5
1.3
-0.2
-0.1
-0.1
-0.1
-0.5
-1.8
-2.2
-2.0
-0.9
0.1
0.7
-0.6
-0.1
0.0
0.6
0.9
0.3
0.1
-0.2
-0.3
-1.4
-2.0
-2.3
-0.4
1.1
1.4
0.8
-1.8
-1.2
-2.1
-1.0
-0.4
-1.0
-1.2
-1.8
-3.1
-2.6
-3.0
-2.8
-1.6
-0.2
-0.6
-2.6
-2.4
-2.3
-1.0
-1.7
-1.8
0.1
0.1
-0.3
0.0
-0.8
-1.0
-1.2
-0.8
-0.5
-0.8
-1.5
-0.8
-1.0
-0.1
-0.6
-2.3
-2.0
-1.3
-0.8
-0.8
-2.7
-2.6
-1.8
-0.5
-0.2
-0.6
-2.2
-1.9
-2.4
-1.1
-0.2
0.1
-0.6
-0.7
-1.1
-1.7
-1.3
-1.2
0.0
0.0
-1.7
-2.1
-1.8
-2.5
-1.5
-1.3
-1.5
-1.7
-1.8
-1.2
-1.6
-1.3
-1.6
-1.2
-1.3
-2.3
-2.3
-1.2
-1.4
-1.9
-2.4
-2.4
-1.3
-0.6
0.0
0.1
-0.4
-1.3
-1.5
-0.7
-1.1
-0.2
-0.6
-0.3
0.5
-0.1
0.2
0.3
-0.1
0.2
0.1
0.2
-0.5
-0.3
-0.8
0.7
0.7
0.5
-0.7
0.2
0.8
1.7
0.6
0.8
0.5
-0.6
0.5
1.0
1.1
1.6
1.2
1.2
0.6
0.7
0.9
-0.1
-0.1
0.4
2.3
2.4
2.8
2.2
1.2
1.0
0.3
0.6
0.3
0.0
0.1
0.0
0.2
1.4
0.7
1.2
-0.3
-0.1
-0.5
0.0
0.8
1.0
2.2
1.7
0.8
-0.2
-0.1
-0.3
1.0
1.2
0.2
0.2
-0.2
0.0
0.6
0.8
1.1
0.9
0.2
0.1
0.6
0.0
1.0
0.0
1.0
0.7
-1.6
-0.7
-0.1
0.9
0.7
-0.1
-0.3
0.0
-0.2
0.8
1.1
1.2
1.5
2.6
3.7
2.7
0.4
-0.8
0.0
0.0
2.9
3.6
3.3
1.6
1.0
2.0
3.7
3.4
3.0
2.1
1.5
2.3
3.7
5.3
4.4
1.5
0.0
-0.2
1.2
3.0
4.0
4.1
3.3
2.9
3.2
3.6
3.2
3.0
2.0
0.4
-0.1
0.9
1.7
1.6
1.3
1.3
0.1
0.0
-0.1
0.1
0.8
0.5
0.7
0.2
-1.2
-0.9
0.0
1.4
1.0
0.3
-0.3
-1.2
-1.0
-0.4
-1.0
-0.8
-1.9
-0.5
0.1
0.8
1.6
1.1
-0.4
-1.1
-1.3
0.3
1.7
1.4
1.6
0.3
0.0
-0.3
0.4
0.1
0.2
0.1
0.0
0.4
-0.5
-1.0
-1.8
-1.0
0.1
0.1
-0.6
-1.2
-1.3
-1.1
-1.1
-0.3
-0.2
0.8
0.6
-0.2
-0.1
-0.7
-0.8
-0.3
-0.9
-1.4
-0.7
0.0
1.0
0.1
-1.1
0.2
0.0
0.2
-0.3
-0.3
1.3
0.6
0.0
0.0
-0.9
0.0
0.2
0.6
0.3
0.2
0.4
1.0
0.6
0.1
0.3
0.6
0.9
0.8
2.1
1.5
0.5
0.3
-0.1
1.2
1.1
0.9
2.2
1.8
2.5
2.2
3.5
3.0
2.3
0.6
0.1
0.2
0.1
0.8
0.6
1.6
0.5
2.0
2.3
2.7
2.9
2.1
2.3
1.5
0.0
0.3
0.0
-0.4
-0.2
0.0
0.8
1.6
1.6
1.0
-0.2
-0.2
-1.2
-0.3
-0.6
0.7
0.6
1.1
1.5
1.0
0.4
0.5
1.8
1.2
0.3
-0.5
0.2
-0.1
0.7
1.6
1.6
2.0
1.4
1.3
0.5
0.0
-0.2
-0.4
1.1
0.6
1.2
1.9
2.3
1.3
1.9
1.2
0.6
0.2
0.0
-0.5
-0.8
0.0
0.6
1.2
1.6
1.4
1.7
1.2
1.2
1.6
1.9
1.9
2.4
1.8
2.2
1.3
1.2
1.4
0.8
1.7
2.2
2.2
1.4
1.7
1.9
2.1
0.8
1.6
0.3
0.6
0.3
1.5
2.3
2.1
1.8
0.6
0.7
0.9
1.1
0.9
0.6
0.4
0.3
0.2
1.1
1.2
0.9
0.7
-0.1
0.1
0.0
0.0
1.0
0.8
1.9
1.3
1.6
1.3
1.3
1.9
0.3
0.2
0.2
1.0
2.4
3.0
2.7
2.5
1.3
1.3
0.1
0.4
2.1
1.4
1.9
0.6
1.5
0.8
1.6
2.8
3.3
2.8
1.0
0.8
0.3
1.6
1.4
1.9
2.0
2.0
2.0
1.8
1.5
1.0
1.6
2.2
1.2
1.2
0.1
0.3
1.8
1.4
1.8
0.8
1.5
1.3
1.2
0.8
1.6
1.8
1.7
0.6
1.1
0.7
1.2
1.0
2.0
0.1
1.0
1.0
1.0
0.9
-0.6
-1.1
0.0
0.2
-0.1
1.0
0.2
1.1
1.1
0.5
0.6
-0.5
-0.8
0.0
0.6
1.1
1.7
1.6
1.1
1.6
2.2
1.6
1.6
1.2
1.8
1.2
0.3
0.5
1.0
1.0
1.3
0.8
0.6
2.1
1.7
0.8
0.3
0.3
0.7
0.9
0.6
0.7
0.7
-0.8
-0.5
0.3
0.2
0.0
-1.0
-0.1
-0.3
0.5
1.2
1.6
-0.8
-1.6
-0.3
0.7
1.5
1.4
1.3
0.7
0.5
1.0
-0.3
-0.4
-1.9
-1.6
0.1
-0.2
0.8
-0.1
0.2
0.3
-0.1
0.0
-1.0
-0.8
0.8
1.3
1.6
0.3
0.5
0.0
-0.3
-0.2
-1.3
-0.7
-1.1
0.2
2.6
1.3
0.7
-0.5
-0.2
0.8
1.2
1.7
1.8
1.8
1.3
0.5
0.6
0.7
1.9
1.7
1.9
1.1
1.1
2.7
3.0
2.2
2.4
1.5
0.7
1.2
2.0
2.2
2.8
1.8
1.6
3.2
3.4
4.0
3.5
2.2
1.6
1.3
1.5
2.1
1.7
1.2
0.9
0.0
0.0
1.3
1.9
2.7
2.8
2.4
1.5
0.3
-0.2
0.1
0.7
-0.9
-1.2
-1.4
-0.5
0.1
1.4
2.1
1.8
0.8
0.0
-0.5
-0.8
-1.1
-0.1
0.1
0.5
1.7
2.0
1.6
2.0
1.5
1.1
0.6
0.1
0.1
-0.2
-0.2
0.0
1.5
1.1
1.0
1.2
1.2
1.0
0.3
-0.3
-0.9
-0.9
-0.3
0.8
0.5
1.0
0.5
0.5
0.4
0.0
0.3
-0.2
-1.2
-0.5
-0.4
0.4
0.5
-0.3
0.2
-0.6
-0.8
-0.7
-1.3
-0.1
-0.4
0.4
-1.2
-0.9
-1.5
-1.5
-1.2
-0.9
0.5
0.5
0.6
0.3
0.0
-1.5
-0.5
-1.3
-0.5
-1.9
-1.8
-0.7
0.2
0.3
0.0
-1.5
-2.0
-1.7
-1.6
-1.3
-1.1
-0.2
-0.3
0.0
-0.5
-1.7
-1.9
-0.2
-0.6
0.0
-1.0
-1.9
-0.5
-0.7
-0.8
-1.1
-1.2
-0.9
-0.7
-1.7
-0.9
-1.9
-1.4
-1.3
-0.9
-2.0
-2.4
-2.8
0.0
1.3
1.5
1.6
0.3
-1.4
-2.7
-4.5
-2.1
-0.9
0.7
1.9
0.1
0.7
0.0
0.7
0.1
-0.2
0.2
0.8
0.5
-0.5
0.0
0.3
0.8
0.5
0.5
1.2
2.2
3.0
2.8
1.2
0.9
-0.3
-1.2
-0.7
-1.2
-0.6
0.3
1.0
2.1
2.5
2.1
1.6
1.0
0.4
0.7
-0.3
-0.3
0.7
0.9
1.8
1.8
1.2
1.6
1.4
1.6
1.3
0.7
0.1
-0.3
-0.5
-0.4
0.0
0.9
0.0
1.2
2.2
2.3
2.3
2.1
3.0
1.1
1.4
0.6
0.6
1.2
2.1
3.7
4.6
3.9
2.6
2.2
1.9
4.1
3.4
4.0
2.3
1.7
1.7
1.2
1.1
2.1
3.4
2.5
3.3
2.3
1.7
1.7
2.4
1.1
0.3
0.1
1.6
2.8
2.5
2.6
2.5
1.3
0.6
0.5
-1.1
-0.7
-0.9
0.4
1.7
2.4
2.3
3.2
2.2
2.1
3.0
2.5
2.2
1.7
-0.9
-1.2
-0.3
-0.2
0.2
0.3
0.0
0.3
0.0
0.3
0.0
0.7
-0.1
-1.5
-1.9
-2.0
-0.5
-0.3
0.3
-0.7
-1.2
-0.7
-0.2
1.1
1.0
1.2
0.0
-0.2
-1.5
-1.8
-1.8
-1.6
-2.3
-1.4
-1.4
-0.5
-0.3
-0.1
1.0
1.0
1.1
0.0
0.1
0.0
-0.2
-1.0
-0.1
-0.6
-1.1
-2.1
-2.2
-0.7
-1.3
-0.2
0.3
1.6
2.1
1.5
0.9
-1.1
-1.5
-1.0
-0.8
1.2
0.5
1.2
1.9
2.1
3.0
2.0
1.8
1.3
0.8
0.8
0.3
0.0
0.1
-1.0
-1.2
-1.4
-1.0
0.2
0.9
0.9
0.8
0.1
0.7
0.0
1.0
1.0
0.9
0.8
-0.7
-1.0
-0.1
0.4
-0.8
-1.6
-2.6
-2.2
-1.5
-0.1
-0.2
0.3
-0.1
-0.5
-1.4
-1.1
-0.6
1.7
2.1
1.9
1.8
1.4
1.4
1.1
1.7
1.0
1.9
1.7
0.8
0.5
0.0
-0.5
1.0
0.6
1.6
1.2
0.6
-0.1
-0.7
-1.4
-2.4
-1.3
-1.5
-0.4
0.3
0.6
0.8
1.2
2.4
2.0
2.8
1.7
3.0
3.5
3.9
2.1
1.1
-1.5
-1.6
-0.4
-1.1
0.0
-0.3
0.8
0.2
0.5
0.0
0.2
1.1
2.0
0.5
0.9
-0.2
0.0
0.4
-0.5
-1.0
-0.3
-1.3
-1.0
-1.2
-0.9
-0.6
-0.2
-0.1
-0.3
0.0
0.6
0.5
0.9
0.6
1.8
0.9
0.6
0.3
-0.4
-0.3
-1.0
-0.9
-0.9
-2.1
-1.3
-0.8
-1.3
-1.1
-1.6
-0.1
-0.9
-0.7
-0.3
0.8
2.1
2.0
2.0
2.1
2.9
2.9
1.4
0.3
0.6
0.2
1.6
0.9
1.1
-1.6
-1.5
-1.6
-1.2
-0.4
-0.7
-0.5
1.7
1.2
2.2
1.3
1.2
0.3
1.3
-0.1
0.3
0.2
1.5
2.5
2.4
1.8
0.0
0.2
0.0
0.5
-0.1
-1.0
-1.4
-3.1
-0.9
0.3
1.5
1.4
0.1
-0.5
0.1
-0.9
-0.6
0.3
0.0
-0.6
-0.3
0.3
1.0
0.4
0.4
0.6
2.1
3.0
2.3
1.3
1.9
0.9
2.0
1.6
0.1
-0.6
-2.7
-3.1
-2.9
-2.2
-1.6
-0.8
-0.7
0.0
0.4
0.0
-0.3
-0.3
-0.6
-0.3
0.5
0.0
1.0
1.5
0.3
-0.4
-0.2
0.3
2.5
1.7
-0.5
-1.4
-1.1
0.4
2.2
0.0
-1.1
-1.7
-0.6
-1.5
-1.1
-2.6
-2.0
-1.5
0.3
0.9
2.1
0.0
-0.8
0.3
-0.2
1.7
0.6
0.6
0.5
-0.1
-0.2
-1.3
-2.2
-3.4
-4.0
-3.6
-1.7
-0.6
-1.1
-2.2
-1.6
-0.7
0.2
0.6
-0.6
-0.2
0.0
0.1
0.7
0.8
0.5
0.6
1.3
-1.3
-1.5
-1.6
0.4
0.1
0.8
1.1
0.8
1.3
0.8
0.0
0.3
-0.6
-1.7
-1.7
-1.8
-2.0
-0.9
0.3
0.3
1.4
1.9
2.5
2.3
1.5
1.2
-0.1
0.0
-0.4
-0.4
-2.4
-3.2
-1.6
0.2
0.8
-0.7
-2.1
-2.0
-0.6
0.4
1.5
-0.1
0.9
-0.3
1.8
2.3
0.4
0.2
-0.6
0.5
1.7
2.0
2.1
1.5
0.2
0.6
0.0
-0.2
-2.6
-3.5
-2.6
-2.5
-0.4
0.3
-0.4
-2.5
-4.1
-3.1
-0.8
0.5
-0.9
-1.6
-1.5
-1.7
-0.8
0.1
-0.3
-0.1
0.3
1.3
1.7
0.6
-0.8
-2.7
-2.7
-3.0
-1.8
-0.1
0.3
1.0
0.6
0.8
0.0
0.4
-0.9
-1.1
-1.6
-0.9
-0.8
0.0
-0.6
-1.3
-1.2
-0.6
-0.3
0.0
0.2
-0.5
-0.5
-1.5
-0.5
-0.5
-0.3
-1.0
-1.5
-1.9
-2.8
-2.7
-2.0
-1.1
-1.2
0.0
-0.1
0.0
0.8
0.4
0.0
-0.6
-0.1
-1.3
-1.2
-1.9
-2.0
-0.6
-0.1
-0.2
0.1
0.8
-0.4
-1.7
-3.9
-3.1
-1.0
0.1
-0.8
-0.7
-1.5
-1.3
0.0
1.0
0.3
0.0
-1.8
-1.6
-0.6
0.4
2.2
1.0
0.4
-0.1
1.1
1.7
3.4
3.7
3.2
2.1
0.4
0.8
1.7
2.9
3.6
3.0
2.8
2.8
3.4
4.3
3.9
2.7
2.2
0.9
0.7
1.4
1.2
2.5
3.2
2.5
2.5
1.3
2.3
1.3
0.8
0.3
0.8
1.4
1.4
2.2
1.0
0.7
2.1
2.7
3.4
2.6
2.1
1.8
1.4
0.9
0.5
-0.6
-1.0
-0.3
0.9
0.8
-0.2
-1.6
-1.8
-0.9
0.3
0.7
0.6
-0.1
-0.3
-0.4
0.9
1.4
0.7
-0.3
-0.7
-1.5
-2.1
-0.8
-0.2
0.7
0.8
-1.5
-2.2
-2.3
-1.7
-0.5
-1.4
-0.3
-0.5
-0.3
0.0
-0.2
0.3
-0.1
-0.2
-0.3
-0.4
-0.9
-1.7
-0.2
0.0
-1.1
0.1
0.5
1.0
1.1
-1.1
-0.8
0.0
1.2
1.1
0.7
0.0
-0.9
0.7
1.1
1.9
1.1
0.3
0.6
1.4
1.3
1.0
0.2
-0.1
-0.4
-0.7
-0.2
0.0
1.0
-0.2
-0.3
0.9
2.2
0.4
-1.0
-2.2
-0.8
0.3
0.7
2.3
2.1
1.7
1.5
0.7
0.4
-1.3
-1.6
-2.2
-2.6
-1.8
0.1
1.8
2.0
2.1
1.8
1.0
-0.4
-1.4
-2.1
-0.3
1.2
1.6
0.3
-1.5
-0.8
-0.3
1.2
1.0
1.6
0.1
-1.8
-2.6
-0.9
0.6
0.9
-0.2
-1.5
-2.4
-0.5
0.1
1.4
0.8
-0.6
-1.7
-1.9
-1.0
0.2
1.7
1.8
0.6
0.0
-1.7
-1.4
-1.3
-1.3
-0.4
-0.4
-0.1
-0.1
0.0
-0.1
-0.7
0.1
0.0
0.4
-0.1
0.6
0.9
1.2
0.7
-1.3
-1.5
-0.7
-0.8
0.2
1.0
0.8
1.8
1.4
1.1
-0.5
-0.1
0.2
1.2
1.2
0.4
1.0
0.9
1.1
1.3
-0.1
-1.5
-2.0
-1.3
-0.2
1.2
2.5
2.7
1.7
1.0
0.6
0.4
-0.1
-1.0
-2.0
-1.9
-1.5
-0.3
1.0
1.0
1.7
1.3
1.1
1.5
0.6
0.2
1.2
1.8
2.6
1.4
0.9
0.1
-0.5
-0.3
-1.0
-0.1
0.0
0.8
1.6
1.3
0.6
-1.4
-0.8
-0.8
0.7
0.6
0.6
-0.6
-0.1
0.7
1.5
2.7
2.5
1.5
1.0
-0.6
-1.6
-1.5
-1.2
-0.8
-1.0
-0.6
-1.2
-0.1
-1.5
-0.7
0.2
0.8
0.3
0.2
-0.6
0.0
1.1
1.1
1.7
1.2
1.2
-0.1
-0.1
0.8
0.6
0.5
0.0
-0.5
0.7
0.0
0.8
1.1
-0.4
-0.9
-0.4
0.1
0.5
1.4
0.9
0.8
0.1
0.4
0.7
1.4
0.7
1.2
1.6
1.7
1.0
-0.2
-0.5
1.0
1.8
2.7
2.4
1.8
1.0
0.8
0.7
1.6
1.7
1.2
1.5
1.1
0.6
0.7
0.8
0.3
0.5
0.3
0.8
1.3
1.4
0.6
0.0
0.1
0.1
0.2
0.1
1.5
1.0
0.3
0.8
0.5
1.8
1.3
1.0
0.1
0.0
0.0
0.6
0.4
0.4
0.0
-0.3
-0.8
-0.5
-0.2
-0.4
-0.3
-0.3
0.0
0.0
-0.3
-0.5
0.1
-0.1
-0.3
-1.3
-1.4
-1.3
-0.3
0.3
0.3
-0.6
-1.2
-0.9
0.0
0.7
-0.3
-0.6
-2.0
-1.0
-1.4
-1.2
-1.6
-0.5
-0.5
-0.3
-0.9
-0.8
-0.7
-0.5
-0.1
-0.4
-0.1
-0.5
-1.1
-2.3
-1.7
-1.5
0.1
-0.6
0.0
0.0
-0.1
-0.9
-2.5
-1.6
-1.5
-1.0
-1.8
-1.1
-1.7
-1.8
-1.6
-1.3
-1.4
-1.1
-0.4
-1.6
-1.2
-2.0
-1.4
-1.5
-2.5
-2.7
-0.4
-1.0
-1.0
-1.0
-1.0
-0.5
-0.8
0.3
-0.8
-0.2
0.3
-0.9
-1.1
-1.8
-2.4
-1.7
-1.7
-1.1
0.3
0.3
0.5
0.1
-1.2
-1.4
-1.9
-1.0
-1.1
0.0
-0.3
0.0
0.0
0.4
0.1
0.3
-0.2
0.2
0.1
0.4
0.0
0.1
0.3
1.2
1.9
1.5
0.7
-0.1
-0.6
-0.6
-0.1
0.9
0.4
0.0
1.2
0.9
1.2
0.6
0.0
0.3
0.6
-0.7
-1.6
-1.3
-0.8
-0.7
-0.6
-1.0
-0.6
0.1
0.0
-0.1
0.0
-0.9
0.0
-1.1
-0.7
-0.2
-0.1
-0.9
-1.9
-1.5
-1.6
-0.7
-1.4
-0.5
-0.9
-0.7
-1.5
-1.4
-0.7
-1.6
-2.1
-1.1
-1.4
-0.8
-0.9
-1.0
-0.9
-1.3
-1.4
-1.5
-1.6
-0.8
-1.7
-1.5
-2.6
-1.4
0.3
1.1
1.5
0.2
-0.6
-2.0
-1.0
-0.1
0.3
0.4
0.5
1.7
0.9
-0.4
-1.0
-0.6
-0.8
0.2
-0.4
-0.5
-0.5
-0.8
-0.5
0.1
-0.3
0.2
0.8
-0.2
1.1
1.3
0.2
0.1
0.0
0.8
1.7
1.5
1.9
2.2
0.9
1.4
1.5
1.2
1.6
0.9
1.6
0.8
0.4
1.1
1.2
0.6
0.0
-0.9
-0.8
-1.1
-1.0
-1.0
0.0
0.0
-0.1
-0.5
-0.4
-0.1
-0.8
-0.9
-0.8
-0.7
-1.5
-0.8
-2.2
-1.3
-1.8
-2.8
-2.6
-2.2
-1.5
0.1
-1.2
-0.7
-1.1
-0.8
-0.6
-0.8
-0.2
-0.6
-0.8
-0.1
-0.5
-0.6
-1.3
-1.2
-1.6
-1.6
-1.0
0.4
0.0
-0.4
-1.3
-0.9
-0.3
-0.4
0.0
0.1
-0.2
-0.3
0.5
0.5
0.0
0.0
-0.6
-1.1
-0.8
-1.3
-1.4
-1.5
-1.7
-2.0
-0.7
-1.6
-1.9
-2.4
-2.0
-0.6
-1.0
-1.4
-0.9
-1.6
-1.0
-1.2
-1.4
-2.1
-2.8
-2.6
-0.9
-0.3
-0.3
-0.3
-1.0
-1.7
-1.2
-1.5
-1.0
-0.3
0.3
0.6
-0.2
-2.1
-1.9
-0.6
0.5
-0.4
-0.1
0.0
-0.8
-0.1
-1.6
-0.8
0.2
0.0
0.0
0.2
-0.6
-1.1
-0.1
-0.3
0.3
0.2
0.6
0.1
-0.6
-1.7
-0.8
-1.8
-1.2
-1.3
-0.2
-0.1
0.1
1.2
0.6
-1.4
-2.4
-1.7
-0.3
0.1
-1.0
-1.2
-1.5
-3.1
-2.3
-2.0
-1.7
-1.6
-2.0
-2.3
-2.7
-2.4
-2.0
-1.5
-0.4
-0.8
-0.8
-1.4
-0.1
-0.9
-1.0
-1.3
-1.1
-0.8
-1.8
-2.4
-0.5
-0.9
-0.2
0.2
0.0
0.6
0.3
0.9
0.1
-0.8
-1.4
-1.1
-1.0
-0.6
-1.0
-1.1
-0.8
-0.4
-0.5
-0.9
-1.2
-0.8
-0.3
-0.8
-0.8
0.0
0.1
0.8
0.0
0.4
-0.2
-0.3
-0.1
-0.5
-0.7
-1.2
-1.5
-1.0
0.3
0.7
1.0
0.6
0.2
0.4
0.8
0.0
0.6
1.6
0.9
1.2
0.5
1.1
1.2
-0.1
-1.4
-0.6
-1.0
-0.8
-0.6
-2.1
-1.7
-1.0
-0.1
0.8
0.5
-0.2
-0.4
-0.6
-0.2
0.3
0.2
0.1
0.0
0.0
-0.8
-1.4
-1.3
-0.4
-0.2
0.4
-1.1
0.1
-0.9
0.0
-0.2
-0.5
-0.7
-0.7
-0.8
-0.8
-0.3
-0.1
-0.1
-1.6
-1.8
-2.0
-1.6
-1.4
-1.6
-0.1
-1.3
-0.7
-1.2
-1.0
-0.8
-0.9
-1.5
-0.8
-1.3
-1.1
-0.2
-1.2
-1.2
-1.2
-1.0
-1.2
-2.2
-2.9
-2.1
-1.8
-1.5
-1.3
-1.5
-1.3
-1.4
-1.3
-1.0
-0.7
-1.2
-0.2
-2.0
-1.8
-1.3
-0.6
-0.9
-1.2
-2.2
-1.9
-1.4
-1.0
-0.3
-1.5
-3.2
-1.9
-1.6
0.2
0.3
-0.4
-0.3
0.1
-0.1
0.2
0.4
0.3
1.4
1.2
0.4
0.5
-0.4
1.0
1.4
1.4
0.4
0.3
0.8
0.0
0.5
1.3
1.3
1.9
0.6
1.3
0.3
0.0
0.3
1.2
1.2
-0.1
-0.1
-0.3
-0.1
-0.3
1.1
0.8
0.6
0.0
-0.7
-0.5
-0.1
-0.3
0.6
0.7
1.1
2.0
0.6
0.8
0.5
0.2
-0.6
-0.8
-1.1
-1.0
-1.2
-1.2
-0.6
-2.0
-3.0
-3.2
-2.7
-2.9
-1.6
-0.4
0.3
0.0
-1.2
-2.2
-1.3
-1.7
-1.2
-1.0
-0.3
-1.5
-2.8
-3.7
-2.5
-1.6
-2.1
-2.6
-3.1
-1.6
-1.2
-1.7
-3.0
-3.0
-1.7
-0.1
0.3
-2.0
-2.3
-2.5
-2.3
-0.9
-0.8
-0.8
-1.9
-2.1
-2.0
-1.7
-2.3
-1.5
-0.5
-0.6
-1.4
-1.4
-0.5
-0.8
-0.5
-0.6
-0.7
-1.1
-1.6
-0.8
-0.3
-0.9
-2.4
-2.3
-1.6
-0.9
-0.5
-0.6
-0.9
-0.2
-1.5
-1.3
0.0
-0.1
-0.3
-0.7
-0.9
-0.7
-2.2
-1.5
-1.2
-0.2
0.3
-1.2
-2.0
-2.2
-2.6
-1.2
-0.1
-0.5
-1.4
-1.3
-0.6
-1.2
-1.3
-2.3
-2.1
-1.1
-0.9
-0.7
-0.6
-1.1
-1.0
-1.4
-1.7
-1.5
-1.8
-0.9
-2.0
-1.6
-1.9
-1.6
-0.2
0.1
0.1
-1.2
-3.3
-3.9
-2.7
-1.7
-0.8
-0.6
-0.6
-1.4
-2.0
-1.7
-1.0
0.1
-1.8
-1.4
-1.0
0.1
-0.7
-0.6
-0.7
-0.6
-0.8
-1.4
-1.2
-1.5
-0.3
-0.7
-0.3
-1.2
-1.0
-0.8
-0.2
-0.9
-2.2
-1.9
-1.6
-0.6
-0.1
-1.1
-1.4
-1.6
-1.4
-1.4
-1.9
-2.2
-1.1
-0.7
-1.6
-0.9
-2.4
-2.1
-1.2
-0.9
-1.1
-1.4
-1.1
-1.3
0.1
-1.6
-0.2
0.4
0.3
-1.0
-1.5
-1.0
-1.2
-1.0
-1.0
-0.7
-0.6
-0.7
-0.9
-1.7
-2.0
-1.4
-0.8
-0.3
-1.1
-1.6
-1.3
-0.7
0.2
0.7
-1.5
-2.2
-1.6
-0.2
-0.5
-1.4
-1.9
-2.0
-1.6
-0.3
-0.5
-1.1
-2.1
-1.7
-1.4
-0.3
-0.3
-0.5
-0.5
-1.3
-0.8
-0.6
0.4
0.0
0.0
-1.2
-0.9
-0.7
0.0
0.0
-0.5
-0.2
0.3
-0.6
0.0
-1.4
-0.6
0.0
-1.1
-1.0
-0.9
-0.6
-0.3
0.5
1.5
1.2
0.7
-0.3
-0.7
-1.8
-2.7
-2.1
-0.7
1.4
1.8
1.2
0.8
0.4
0.6
1.3
1.5
1.0
1.1
0.6
-0.2
-0.1
-0.1
0.2
0.6
0.3
1.2
0.8
1.0
0.4
-0.7
-2.2
-2.7
-2.9
-1.5
-1.7
0.1
-0.8
-0.2
-1.1
-0.4
0.1
-1.0
-0.5
-0.8
-0.2
-0.9
-0.8
0.3
0.5
0.6
0.0
-0.8
-1.0
-0.4
-0.3
-1.4
-2.0
-1.7
-0.4
-0.4
-0.5
0.5
1.8
1.3
0.6
0.0
-1.0
-0.7
0.1
0.4
0.1
0.3
0.8
1.7
1.8
2.3
4.1
5.0
2.9
2.8
1.1
2.9
4.1
3.8
3.2
1.9
1.6
2.2
1.8
2.5
2.2
2.2
1.5
0.8
1.3
1.4
2.0
2.2
2.3
1.3
1.3
1.7
0.6
0.0
0.2
1.2
1.5
0.0
0.2
0.2
0.5
0.8
0.6
1.2
0.5
1.4
0.6
0.0
1.1
1.5
0.7
-0.5
-1.5
-1.9
-0.1
-0.2
2.0
1.5
0.1
-0.5
-1.3
-1.1
-0.6
-0.1
1.6
1.6
1.6
0.8
-0.2
-1.0
-0.2
0.4
1.6
1.4
1.3
1.8
1.4
1.6
2.0
2.1
1.5
1.2
1.2
0.4
1.8
1.2
1.1
1.3
0.0
1.1
0.0
0.0
-0.2
0.0
1.4
1.9
2.5
1.6
0.9
0.3
2.1
1.1
-0.1
-0.4
-0.3
0.5
2.2
0.6
0.8
-0.6
0.1
1.2
1.3
0.3
-0.1
-0.3
-0.3
-0.1
-0.5
-0.5
-2.2
0.0
0.6
1.4
1.6
0.9
0.9
1.0
1.2
1.4
1.1
1.1
1.0
0.7
0.8
1.7
2.1
0.7
0.1
-0.5
-0.3
-0.6
-0.8
-0.3
0.8
1.0
1.8
1.7
0.5
-0.4
-0.6
-0.2
-0.1
0.6
0.2
0.4
0.0
-0.2
0.1
-0.2
-0.5
-0.2
1.0
-0.1
-0.4
-0.3
-1.1
0.2
0.4
0.4
0.0
1.1
1.8
1.6
-0.2
0.3
0.1
0.0
-0.8
-0.6
-0.5
-0.7
0.6
1.3
0.1
-0.1
-0.3
0.1
0.7
1.7
1.2
1.6
0.0
0.0
0.8
0.9
0.3
0.2
-1.5
-1.3
-0.6
0.4
3.4
3.2
2.3
1.2
0.5
0.9
0.4
1.5
0.8
0.9
0.5
-0.3
0.0
-0.3
0.3
1.7
2.1
2.4
2.1
2.8
3.2
2.2
0.1
-0.4
0.3
1.0
0.8
0.4
0.2
-0.1
-0.3
0.1
0.3
1.0
0.8
0.6
1.0
0.8
0.3
0.3
-1.1
-0.8
0.0
1.7
2.3
2.2
1.4
0.2
-0.8
-0.2
0.7
1.2
1.4
2.2
0.8
0.5
-0.6
0.0
0.8
0.3
0.2
-0.6
-0.3
-0.6
0.1
0.3
-0.6
0.4
0.2
-0.1
-0.3
-0.2
0.0
0.6
0.6
1.4
1.7
0.8
0.8
-0.9
-2.1
-1.3
-0.8
0.8
1.1
0.4
-0.6
-0.8
-1.5
0.4
1.0
1.3
0.3
0.4
-1.1
-0.1
0.1
0.4
0.2
-0.6
-0.6
-0.2
0.4
0.6
2.3
1.7
1.6
1.5
1.6
1.9
2.0
1.2
0.4
0.6
1.2
2.5
1.8
0.7
-0.1
-0.1
-0.2
1.0
1.7
2.2
1.5
1.3
1.4
1.6
-0.6
0.5
1.1
3.5
3.3
4.5
4.7
5.0
4.9
4.5
4.5
4.5
3.2
3.1
2.0
2.9
4.4
4.3
5.6
4.9
4.0
3.7
3.8
3.9
3.9
3.9
2.9
2.8
2.2
1.6
2.0
3.5
4.1
3.5
1.5
-0.1
0.8
2.3
3.7
3.8
3.1
3.2
2.7
2.8
2.8
3.3
3.8
5.0
3.8
3.3
2.9
2.5
2.2
1.7
0.9
1.7
1.7
1.6
0.7
1.5
2.0
2.6
2.5
3.2
2.8
2.5
3.0
2.0
1.6
2.8
1.2
2.9
2.7
3.1
3.8
3.1
1.7
2.2
2.7
3.4
2.2
1.8
0.8
-0.4
-0.5
-0.6
0.5
1.8
1.5
2.2
1.7
1.2
0.8
1.0
1.0
1.1
1.3
1.0
1.3
1.7
2.0
2.0
1.1
0.6
1.1
2.9
2.6
2.4
1.2
1.1
2.1
2.3
3.0
2.8
2.9
2.5
2.5
0.0
0.9
1.8
2.5
4.0
2.7
2.8
1.5
0.6
1.5
0.9
1.5
2.3
2.0
1.7
0.8
0.6
1.4
2.2
0.9
2.1
2.3
2.8
2.2
1.4
0.8
2.1
1.7
1.8
2.5
1.3
1.6
0.6
0.0
-0.5
-0.5
1.6
2.1
2.5
1.8
2.4
2.2
3.3
2.1
2.3
2.6
2.6
1.7
1.6
0.6
0.6
1.9
1.7
3.2
2.6
1.6
1.4
1.8
2.9
3.9
3.5
2.4
3.3
1.4
0.8
1.2
1.9
3.1
2.9
3.2
3.0
2.8
1.8
3.5
1.8
1.4
0.9
2.2
1.9
2.1
1.8
2.1
1.3
0.4
1.3
1.3
1.4
2.4
3.9
3.1
2.0
2.2
1.3
1.9
1.6
2.8
3.8
3.4
2.0
2.1
1.1
0.8
1.8
2.9
1.9
2.0
1.6
2.0
2.2
2.2
2.5
2.9
1.8
0.0
1.5
1.0
1.7
1.6
2.0
3.0
4.4
3.9
3.4
2.9
2.4
1.1
1.0
0.4
1.6
1.9
3.7
2.8
2.3
1.7
1.8
1.4
2.4
1.9
1.1
0.2
-0.7
-0.3
1.2
2.7
3.0
2.9
1.4
0.8
0.1
-0.1
0.3
0.1
-0.4
0.0
1.2
1.5
1.7
0.7
2.1
1.8
2.3
1.0
2.5
2.4
1.8
1.7
1.9
3.3
1.9
1.4
0.8
1.2
2.5
1.6
2.3
1.6
2.0
1.3
1.2
2.1
1.6
3.1
3.1
3.2
0.8
0.6
0.2
1.0
1.1
2.1
1.7
1.7
1.0
1.9
1.8
1.0
1.5
1.2
1.5
2.7
3.0
2.9
2.1
1.1
0.7
2.5
1.8
1.7
1.9
2.1
2.5
2.7
2.4
1.9
1.6
1.0
-0.2
1.6
0.4
1.6
1.8
2.9
1.9
1.2
1.0
2.5
2.5
1.2
0.2
0.2
0.6
0.4
0.5
0.8
1.5
0.5
1.0
1.4
1.4
1.2
1.4
1.2
2.1
1.1
0.8
0.3
1.2
0.9
2.3
2.0
1.8
1.0
0.8
1.2
2.3
1.2
1.0
0.8
1.5
0.4
1.1
1.8
3.2
2.2
1.4
0.5
0.2
0.7
1.1
2.3
2.4
1.6
1.3
0.8
1.2
1.4
1.3
0.5
0.0
0.6
1.9
3.1
3.3
3.7
3.8
4.1
3.3
4.0
4.3
3.8
3.7
3.5
3.8
2.9
3.8
4.2
3.5
4.0
3.0
3.8
2.3
2.5
2.7
1.6
2.5
2.0
2.8
2.6
2.9
2.8
2.3
1.5
2.7
2.9
1.6
0.2
0.0
0.1
1.0
0.8
2.0
2.6
2.5
2.4
2.1
1.7
1.8
1.3
1.1
1.2
0.3
0.1
-0.1
0.3
0.8
2.4
3.2
2.3
2.0
2.1
2.7
2.9
1.7
1.0
1.0
-0.4
0.8
0.7
1.8
2.0
2.3
1.2
0.6
0.3
1.2
1.5
0.1
0.8
0.6
0.8
0.5
0.6
0.8
0.5
0.5
0.3
0.4
0.7
1.4
0.7
0.4
0.1
-0.4
0.2
0.4
0.2
0.3
-0.4
-0.9
-0.6
-0.2
1.2
0.2
-0.3
-1.2
-0.7
-0.5
0.0
-0.2
-0.5
-0.1
0.0
0.8
0.9
0.6
0.9
1.0
0.1
0.6
0.4
0.7
0.8
0.4
0.8
-0.6
0.5
0.7
2.2
0.8
-0.5
-0.4
-1.7
-0.8
-0.3
0.4
0.6
0.7
1.8
1.1
1.2
0.9
0.9
2.2
0.5
0.4
1.3
1.4
1.1
1.2
0.6
0.3
0.8
0.4
0.6
0.1
-0.6
-0.3
-0.8
-0.6
0.1
0.0
0.3
0.1
0.4
0.9
1.0
1.2
-0.8
-2.5
-1.9
-1.2
0.8
1.5
2.1
2.0
0.5
-0.8
-1.3
-1.6
-1.3
-2.2
-2.8
-1.5
-1.2
0.1
1.3
0.8
1.5
0.0
-0.3
-0.5
0.5
0.5
0.7
1.0
0.2
0.4
0.0
0.9
2.0
2.1
1.4
2.1
-0.1
-0.6
-0.6
0.0
1.0
0.8
0.2
0.1
-0.8
-0.7
-0.2
0.6
-0.3
0.1
1.4
0.7
-0.2
-1.9
-0.9
-0.1
-0.5
-0.8
0.0
0.6
1.5
2.1
0.6
0.5
0.0
-0.3
-0.4
-1.1
-0.4
-0.6
0.4
0.0
0.6
1.4
0.3
0.9
0.0
-0.5
-0.9
-1.6
-1.3
0.0
0.0
0.0
-0.5
-0.4
-0.9
-0.9
-0.7
0.1
-0.6
-0.6
-1.0
-0.6
-0.2
-1.3
0.2
1.0
1.8
2.0
1.5
2.2
2.3
0.9
0.9
-0.1
0.2
0.4
1.3
0.6
1.3
1.0
2.5
2.3
2.6
2.4
2.8
1.1
0.8
1.8
1.7
2.5
1.3
1.2
2.1
0.0
-0.1
-1.4
-0.8
-0.7
-0.3
0.2
0.6
0.5
0.4
0.8
1.6
1.2
1.3
-0.3
0.1
-0.1
0.5
-0.5
-1.3
-2.0
-1.1
-0.8
0.2
-0.3
1.1
0.0
-1.0
-2.5
-2.5
-1.0
0.3
-1.4
-0.8
-0.6
-0.3
0.0
0.0
-0.2
0.1
-0.6
-1.1
-1.0
-0.8
-0.4
0.3
0.6
-0.4
-0.9
-1.8
-1.9
-1.9
-0.8
-1.0
-0.7
-2.1
-2.1
-2.1
-1.0
0.1
-0.8
-0.9
-1.4
-1.1
-0.2
-0.8
-0.6
-1.1
-1.2
-2.2
-3.1
-3.8
-2.2
-1.9
-1.8
-2.5
-2.7
-1.5
0.0
0.7
-0.7
-1.3
-1.7
-3.0
-3.0
-4.1
-3.9
-3.4
-1.4
-1.0
-0.9
-1.4
-1.0
-1.4
-2.4
-2.7
-2.8
-2.0
-2.1
-0.7
-0.7
0.1
-0.4
-1.9
-1.8
-2.0
-1.9
-2.8
-3.2
-2.4
-2.1
-2.2
-2.6
-1.2
-0.5
-0.3
-0.3
0.1
0.0
0.5
-0.7
-1.1
-1.0
-1.1
-1.3
-0.7
-1.4
-2.4
-3.9
-2.9
-2.5
-1.9
-1.7
-1.1
-1.7
-1.5
-2.5
-0.2
-0.1
0.4
-1.4
-1.3
-1.8
-2.5
-2.6
-1.7
-0.9
-0.7
-1.3
-3.0
-3.1
-2.4
-2.1
-2.0
-2.3
-1.3
-0.8
-0.5
-1.6
-1.8
-1.8
-1.1
-1.1
-1.9
-3.5
-3.9
-3.8
-3.0
-1.9
-1.6
-0.5
-1.1
0.2
-0.6
-0.5
-1.1
-0.4
0.2
-0.1
-1.4
-1.7
-1.3
-0.4
0.2
0.8
0.6
-0.6
0.0
-1.0
-1.0
-0.9
0.6
2.2
3.4
4.2
3.9
3.9
3.7
3.3
2.4
0.0
-1.9
-2.4
-1.0
0.6
2.0
2.3
2.5
3.5
2.9
3.7
2.9
4.1
3.8
3.3
2.0
-0.1
-1.5
-2.9
-3.6
-1.6
-2.9
-0.5
1.0
2.9
3.0
1.2
-0.5
-1.4
-1.6
-2.3
-1.1
0.3
0.3
0.8
0.4
0.0
-0.3
-2.0
-2.8
-3.5
-2.0
-1.1
-1.2
-0.5
-0.5
-1.0
-2.1
-1.6
-1.8
-1.9
-1.8
-1.0
-1.2
-0.7
-2.0
-1.3
-1.9
-1.6
-1.2
-0.3
-1.2
-3.5
-3.7
-2.9
-1.2
-1.3
0.0
-0.2
0.0
0.6
0.2
-0.3
-0.6
-0.7
-0.7
-1.5
-2.3
-3.0
-2.5
-1.7
0.1
1.2
1.2
-0.1
-1.5
-2.0
-1.6
-0.1
1.1
1.5
1.0
1.2
2.3
1.1
1.3
1.2
2.4
2.0
1.8
1.3
0.6
0.0
-1.0
-1.2
-0.7
-0.2
-1.2
-0.6
-1.6
-2.2
-2.2
-2.3
-1.4
-0.8
-0.4
-1.0
-0.7
-1.1
-0.5
-2.3
-2.5
-1.9
-0.2
-0.8
-0.8
-0.3
0.8
0.0
-0.1
-0.5
-0.5
-0.3
-0.4
0.6
0.5
1.3
-0.4
0.6
-1.2
-1.0
-0.9
-0.8
-0.8
-1.3
-0.7
-0.9
-0.7
-1.7
-1.2
-0.8
-0.1
0.1
-0.6
-1.1
-2.8
-3.1
-3.1
-2.3
-1.9
-0.6
0.0
-1.2
-1.7
-2.5
-2.4
-3.3
-4.3
-4.3
-4.1
-2.7
-2.1
-1.3
-2.0
-2.4
-2.8
-1.7
-1.7
-2.2
-1.8
-3.2
-2.2
-3.2
-2.8
-2.5
-2.9
-2.9
-1.8
-2.2
-1.6
-2.6
-2.8
-3.4
-3.8
-3.8
-4.0
-3.3
-3.2
-2.3
-3.0
-2.4
-1.9
-2.3
-2.8
-2.3
-2.8
-1.9
-0.7
-1.5
-1.5
-1.4
-1.4
-2.0
-2.5
-1.6
-0.6
-1.0
-1.5
-1.5
-1.2
-1.7
-2.7
-2.1
-0.7
-0.9
-1.3
-1.6
-1.6
-1.9
-2.1
-2.2
-1.2
-0.5
0.8
0.6
-0.6
-2.3
-2.3
-0.7
-1.4
-2.0
-2.8
-3.1
-1.9
-2.6
-1.1
-1.0
-1.3
-2.2
-3.3
-2.3
-2.6
-1.4
-0.4
0.7
0.2
0.7
0.2
-0.4
0.0
-0.5
-1.2
-1.3
-2.1
-2.2
-0.7
-0.4
-0.6
-0.5
-0.7
-1.6
-1.9
-0.7
-0.3
-0.7
-1.0
-2.3
-2.2
-2.5
-1.4
-0.7
0.4
-0.1
0.0
-1.1
-2.3
-2.1
-2.6
-2.0
-1.6
-2.1
-2.6
-1.6
-0.8
-0.2
0.4
0.2
0.2
0.3
0.0
0.1
1.2
1.2
-0.6
-0.8
0.4
0.5
1.9
1.1
0.8
0.5
-0.5
0.0
0.4
0.1
-0.6
0.0
0.0
-0.1
1.0
0.8
1.4
0.2
-0.6
-0.8
-1.2
-1.6
-0.7
0.3
1.6
0.9
0.0
-0.9
-0.9
0.0
0.0
-0.1
-1.1
-2.1
-2.3
-2.0
-2.0
-1.4
-1.5
-2.2
-2.2
-2.7
-3.5
-4.4
-4.1
-2.8
-1.2
-0.2
0.1
-1.1
0.3
-1.8
-1.0
-1.6
-1.7
-1.1
-0.8
-0.7
-1.2
-1.6
-1.7
-1.2
-1.8
-1.2
-1.2
0.1
0.0
-0.4
0.7
0.5
1.9
1.1
1.7
0.0
0.1
-0.3
-0.4
0.7
0.0
0.8
0.4
0.5
1.2
1.7
2.3
0.9
1.9
0.6
1.0
0.9
0.3
-0.3
-1.3
-0.4
-0.6
-0.2
-0.9
-1.1
0.8
1.0
0.6
-0.2
-1.1
-2.1
-1.8
-2.6
-2.3
-0.4
0.5
0.5
-0.8
-1.2
-0.8
-0.3
0.0
-1.7
-1.6
-2.1
-1.8
-2.0
-1.8
-0.8
-0.4
-0.6
-0.5
-1.3
-0.3
-0.8
-1.0
-1.6
-2.0
-1.5
-0.4
-0.7
-0.5
-2.3
-1.5
-1.2
-1.8
-2.8
-2.6
-2.2
-1.1
-2.7
-3.1
-2.2
-1.6
-1.2
-1.3
-1.7
-1.8
-1.3
0.0
-0.9
-1.0
-1.7
-1.2
-1.0
-0.6
-0.3
-0.5
0.0
0.4
-0.7
-0.8
-1.3
-1.7
-1.9
-3.1
-3.1
-2.1
-1.0
-0.9
-0.6
0.5
0.1
-0.9
-1.6
-0.5
1.3
1.2
0.0
0.8
2.0
-1.9
2.4
0.5
-1.4
-1.4
-3.5
1.4
-0.1
-0.2
3.3
-0.4
1.3
-0.8
0.2
3.6
-1.1
1.0
-2.1
0.3
-1.6
0.1
1.4
-1.2
-3.5
-1.1
-3.1
-1.5
-2.2
-1.8
0.5
1.7
0.2
3.5
-1.2
-0.5
-1.7
0.2
0.1
-2.5
-1.7
-1.9
-1.3
-2.2
-1.3
-1.6
-1.4
-0.2
-0.2
2.6
-1.1
1.4
-1.5
-2.3
-3.1
-2.5
0.5
0.3
1.2
-0.3
-0.3
-0.1
-2.0
-2.2
-0.8
-0.2
-0.2
-2.8
-1.1
-1.1
0.3
-2.7
-4.6
-3.3
-3.2
-1.3
-0.8
-5.1
3.6
-4.3
-4.1
-2.1
-4.6
-1.3
-2.9
-1.4
-2.4
-3.5
-2.8
-5.3
-3.7
-4.5
-2.5
-1.3
-4.2
-4.2
-4.0
0.1
-4.9
-2.4
-4.5
-6.2
-3.9
-3.4
-5.5
-5.2
-6.1
-7.0
-6.2
-4.6
-7.1
-6.4
-7.0
-4.7
-4.8
-4.9
-5.4
-5.5
-6.6
-7.7
-8.2
-6.7
-5.0
-4.6
-3.3
-3.2
-2.7
-2.8
-3.4
-3.7
-4.5
-4.8
-2.8
-5.5
-5.0
-5.3
-4.2
-2.4
-4.5
-5.3
-4.9
-4.5
-3.6
-3.7
-3.0
-1.8
-2.4
-3.3
-5.4
-4.4
-4.8
-4.2
-4.4
-3.1
-3.8
-3.8
-3.9
-4.6
-3.6
-5.5
-4.6
-3.5
-3.7
-3.2
-2.7
-3.9
-2.7
-3.3
-0.7
-4.7
-2.4
-5.2
-3.9
-5.8
-3.8
-3.9
-2.3
-3.7
-3.7
-2.5
-1.7
-4.0
-2.8
-2.1
-2.1
-2.7
-4.7
-4.0
-2.9
-2.6
-4.2
-4.0
-4.4
-6.1
-5.8
-4.2
-5.4
-4.1
-4.3
-5.6
-4.5
-4.4
-4.0
-4.5
-4.8
-5.6
-4.1
-3.7
-4.3
-3.5
-3.7
-3.8
-3.7
-4.0
-1.4
-2.8
-2.5
-3.8
-4.6
-5.5
-4.1
-3.2
-3.6
-4.0
-6.9
-7.4
-10.1
-12.0
-13.5
-14.0
-14.1
-15.2
-16.7
-18.7
-20.4
-20.8
-21.2
-19.6
-19.8
-19.5
-20.4
-21.3
-22.6
-23.7
-24.6
-25.4
-25.4
-26.3
-27.7
-28.9
-30.6
-30.9
-31.5
-33.0
-33.4
-34.0
-34.4
-35.3
-36.2
-36.7
-37.4
-38.1
-38.6
-39.9
-40.5
-40.9
-43.5
-42.6
-43.5
-44.3
-46.5
-46.5
-47.3
-45.4
-46.8
-49.0
-48.6
-51.7
-51.3
-52.4
-54.5
-55.0
-56.2
-56.3
-56.0
-57.3
-57.9
-58.6
-58.2
-58.5
-59.6
-61.5
-61.7
-62.5
-62.5
-64.4
-65.5
-65.9
-66.0
-65.5
-64.3
-65.1
-65.3
-64.9
-64.6
-63.5
-63.8
-64.0
-64.8
-64.8
-64.5
-62.7
-61.8
-61.8
-61.5
-62.5
-63.1
-63.5
-63.2
-62.1
-62.2
-62.0
-62.4
-61.5
-62.5
-61.7
-61.3
-60.1
-60.0
-60.8
-62.0
-62.1
-61.4
-61.1
-59.5
-58.4
-58.4
-58.2
-59.5
-59.6
-60.1
-60.0
-60.7
-59.3
-59.5
-57.6
-58.4
-57.0
-57.5
-57.0
-57.5
-58.2
-58.9
-59.9
-59.6
-57.3
-55.3
-54.6
-53.8
-54.6
-55.0
-56.5
-57.4
-57.5
-57.5
-58.3
-58.7
-58.0
-58.5
-57.7
-58.3
-57.4
-58.6
-58.4
-58.3
-57.1
-56.6
-56.3
-56.2
-57.0
-56.6
-54.8
-54.6
-53.5
-53.9
-52.3
-51.3
-51.4
-51.2
-51.2
-52.0
-52.2
-51.2
-50.3
-48.7
-49.6
-47.7
-49.1
-48.3
-48.3
-47.5
-47.6
-48.3
-48.5
-47.9
-46.0
-44.7
-46.7
-45.7
-47.9
-47.0
-46.4
-46.9
-46.3
-46.0
-45.2
-44.4
-43.7
-43.0
-40.9
-40.9
-41.8
-43.8
-45.1
-43.7
-42.7
-42.3
-42.9
-42.3
-42.0
-41.1
-40.4
-41.3
-41.6
-41.0
-41.2
-41.5
-41.8
-41.0
-39.0
-38.7
-38.5
-39.5
-40.1
-40.2
-40.0
-39.5
-39.6
-39.4
-40.3
-40.0
-39.7
-39.8
-40.5
-40.0
-41.3
-40.4
-40.5
-41.4
-41.6
-41.4
-41.0
-40.2
-39.2
-40.0
-39.9
-37.5
-38.7
-37.1
-37.5
-37.2
-36.9
-35.3
-36.0
-38.3
-38.9
-37.4
-37.3
-37.2
-37.8
-35.8
-35.0
-35.2
-36.9
-34.9
-36.0
-34.4
-33.3
-34.0
-33.5
-34.4
-32.1
-32.0
-34.7
-33.6
-34.0
-33.2
-33.5
-34.0
-33.1
-30.9
-32.9
-32.4
-33.4
-31.7
-31.2
-30.9
-31.8
-31.5
-32.1
-32.8
-32.1
-32.3
-30.1
-30.6
-30.2
-33.0
-32.0
-31.8
-32.0
-32.9
-32.1
-32.5
-32.2
-33.0
-32.3
-33.9
-33.6
-34.4
-33.6
-35.6
-33.8
-35.9
-35.7
-36.2
-37.0
-37.4
-36.8
-37.2
-37.4
-37.3
-37.8
-38.5
-38.1
-39.4
-40.4
-39.6
-40.5
-40.8
-39.8
-41.5
-39.5
-40.0
-40.3
-41.1
-40.6
-40.6
-39.9
-41.0
-42.1
-41.1
-42.7
-42.9
-44.7
-44.7
-44.8
-43.4
-44.2
-44.2
-45.7
-46.3
-46.6
-47.8
-48.0
-47.9
-47.3
-47.4
-48.1
-48.5
-47.8
-50.0
-49.6
-47.7
-47.2
-50.6
-52.2
-50.1
-46.1
-46.8
-46.4
-51.0
-50.3
-50.1
-45.1
-44.3
-53.1
-50.6
-51.3
-48.5
-49.2
-49.7
-45.9
-49.6
-48.9
-48.9
-47.4
-49.8
-52.3
-49.1
-46.0
-50.3
-51.7
-51.3
-52.2
-48.8
-49.0
-49.7
-54.2
-54.0
-50.0
-51.2
-52.2
-51.3
-52.1
-53.0
-52.8
-52.0
-51.2
-50.6
-50.8
-54.3
-52.8
-54.0
-52.4
-53.0
-54.0
-54.1
-54.0
-49.1
-55.9
-53.5
-55.8
-55.3
-54.8
-57.1
-57.2
-54.7
-55.9
-57.5
-55.2
-55.2
-55.7
-54.9
-55.5
-57.9
-58.1
-55.9
-56.4
-58.1
-58.2
-60.0
-58.6
-59.6
-61.0
-60.5
-60.4
-61.2
-62.0
-62.5
-62.7
-62.7
-62.0
-63.2
-63.3
-64.8
-64.7
-64.5
-64.0
-63.5
-63.5
-63.4
-63.5
-64.1
-65.0
-64.4
-65.0
-63.9
-64.1
-62.8
-63.9
-63.6
-64.1
-64.0
-63.3
-63.2
-62.7
-62.3
-62.1
-62.2
-62.9
-63.6
-64.1
-64.2
-63.4
-64.3
-63.1
-63.6
-63.5
-63.1
-62.8
-63.3
-63.9
-64.2
-62.9
-62.9
-62.7
-64.0
-63.3
-63.2
-63.5
-63.7
-64.3
-64.5
-64.3
-63.9
-62.7
-63.5
-63.7
-64.3
-63.7
-63.9
-64.0
-65.1
-65.6
-65.1
-65.0
-65.9
-67.0
-68.5
-70.1
-71.5
-71.7
-72.8
-72.6
-73.9
-74.0
-74.3
-76.1
-75.9
-74.8
-74.9
-75.0
-76.8
-76.5
-75.8
-76.0
-75.0
-74.4
-76.0
-76.7
-76.3
-75.7
-75.6
-75.5
-75.6
-75.0
-76.4
-76.2
-75.8
-75.6
-76.8
-76.8
-76.5
-75.8
-76.5
-76.4
-76.7
-76.6
-76.2
-77.7
-77.5
-77.4
-76.9
-76.0
-76.9
-77.0
-76.5
-76.4
-75.6
-75.9
-76.3
-77.2
-76.4
-76.3
-75.4
-74.1
-74.4
-75.1
-74.9
-75.6
-75.0
-75.7
-75.5
-74.9
-75.3
-75.6
-75.3
-75.6
-75.0
-76.1
-75.4
-75.7
-76.6
-76.6
-76.9
-74.5
-74.1
-73.5
-74.4
-74.7
-75.6
-75.3
-76.5
-77.3
-77.0
-76.6
-75.7
-74.2
-74.6
-74.6
-75.1
-75.2
-76.6
-76.6
-76.5
-76.0
-74.3
-75.1
-73.9
-73.2
-73.6
-73.8
-74.6
-74.4
-73.4
-74.7
-74.9
-74.0
-73.4
-73.2
-73.6
-73.3
-72.8
-73.3
-72.8
-73.2
-71.9
-72.5
-72.8
-72.7
-72.3
-73.1
-72.5
-72.5
-73.6
-73.4
-73.1
-73.3
-73.3
-74.0
-73.5
-72.0
-71.9
-73.3
-72.9
-72.8
-72.7
-73.7
-74.8
-74.9
-74.6
-73.8
-73.3
-73.3
-73.6
-72.5
-72.0
-72.1
-72.8
-73.7
-72.8
-73.0
-73.5
-74.2
-74.5
-74.0
-73.8
-73.4
-73.2
-73.2
-74.3
-74.2
-74.8
-73.2
-74.2
-74.2
-74.5
-74.0
-73.7
-73.2
-73.3
-73.3
-73.0
-73.1
-74.0
-74.1
-74.3
-74.1
-74.7
-74.8
-73.9
-74.9
-74.0
-73.8
-74.1
-74.3
-75.8
-75.0
-74.3
-75.0
-76.1
-76.0
-74.8
-76.1
-76.3
-77.2
-76.6
-75.8
-75.4
-75.1
-75.3
-75.7
-75.7
-76.2
-76.7
-77.3
-78.2
-77.6
-78.0
-78.9
-78.3
-79.0
-76.9
-77.6
-77.3
-77.5
-78.7
-79.1
-79.0
-79.2
-78.6
-78.9
-78.8
-79.5
-79.1
-78.9
-79.4
-79.5
-79.8
-79.8
-80.1
-80.1
-81.3
-80.0
-80.6
-81.2
-80.6
-82.5
-81.8
-81.9
-82.3
-82.4
-82.8
-83.1
-83.0
-82.8
-82.4
-82.6
-82.8
-82.3
-81.9
-81.8
-82.6
-83.0
-83.4
-84.4
-84.8
-84.8
-85.4
-85.1
-85.4
-84.5
-84.3
-84.5
-84.7
-85.7
-84.9
-85.0
-84.7
-85.3
-85.9
-85.6
-85.6
-86.4
-86.3
-86.8
-86.6
-86.7
-86.0
-86.1
-87.2
-87.0
-85.5
-84.6
-84.2
-84.6
-84.7
-84.4
-83.9
-83.3
-82.8
-83.7
-84.3
-85.3
-85.7
-85.2
-84.7
-85.1
-85.4
-86.4
-85.3
-85.3
-85.9
-86.5
-86.2
-86.2
-86.6
-86.1
-85.9
-86.4
-86.1
-85.9
-85.9
-86.0
-85.7
-85.9
-85.1
-86.3
-86.5
-86.6
-87.0
-86.8
-86.3
-86.0
-86.4
-86.5
-85.5
-86.5
-86.1
-86.4
-86.1
-85.9
-85.0
-85.0
-84.2
-85.1
-85.2
-85.4
-85.7
-85.3
-85.0
-84.8
-84.0
-84.0
-83.5
-83.6
-83.8
-84.1
-84.4
-84.8
-83.5
-82.8
-82.0
-82.5
-83.2
-83.1
-82.8
-83.2
-82.5
-82.5
-81.5
-81.1
-81.3
-81.7
-81.7
-81.6
-81.3
-82.4
-81.9
-81.2
-80.0
-80.4
-80.3
-80.5
-81.3
-81.8
-80.9
-80.6
-80.3
-80.6
-80.6
-80.3
-79.7
-79.2
-78.5
-78.7
-78.8
-79.1
-78.9
-79.0
-79.4
-78.9
-78.3
-78.1
-77.4
-76.6
-75.7
-75.8
-75.7
-75.9
-76.4
-75.7
-75.8
-74.4
-74.7
-73.8
-74.5
-74.0
-73.5
-72.9
-72.6
-73.2
-73.0
-73.2
-73.0
-73.6
-72.7
-71.7
-71.5
-70.8
-70.8
-70.5
-70.6
-70.7
-70.1
-71.0
-71.2
-71.3
-70.7
-70.8
-70.3
-70.6
-69.8
-69.5
-69.5
-69.8
-70.0
-70.3
-69.7
-70.0
-69.2
-68.5
-68.0
-67.9
-67.9
-67.2
-66.7
-65.8
-65.0
-64.4
-64.0
-63.9
-63.4
-62.6
-61.6
-61.6
-60.8
-61.7
-61.5
-61.2
-60.5
-60.3
-59.3
-60.2
-60.3
-60.2
-59.2
-58.4
-57.2
-58.2
-57.3
-58.4
-58.1
-58.6
-57.6
-57.4
-57.5
-57.3
-58.0
-56.6
-56.7
-56.4
-57.1
-57.1
-56.6
-56.5
-56.1
-56.1
-55.5
-55.3
-54.9
-54.1
-53.7
-54.6
-54.9
-54.3
-54.5
-54.4
-53.7
-52.3
-52.0
-52.4
-53.2
-53.4
-54.6
-54.2
-54.1
-52.1
-51.7
-51.4
-49.4
-50.3
-51.4
-51.6
-51.2
-50.1
-49.1
-49.0
-49.4
-51.0
-50.9
-51.3
-51.8
-51.7
-51.3
-50.0
-48.2
-49.0
-48.4
-48.6
-48.6
-48.1
-48.3
-48.0
-48.7
-46.9
-48.0
-48.4
-48.4
-49.0
-48.2
-48.5
-47.9
-47.4
-47.7
-47.4
-47.2
-46.2
-46.9
-46.1
-46.5
-45.2
-44.6
-45.5
-45.4
-45.4
-45.0
-45.2
-46.0
-45.9
-45.8
-45.1
-44.0
-43.7
-43.7
-43.7
-44.6
-43.9
-43.1
-44.0
-44.7
-45.4
-44.7
-43.7
-43.8
-43.1
-43.7
-44.7
-45.4
-45.4
-43.9
-43.4
-42.5
-42.5
-43.0
-43.5
-42.7
-40.5
-41.3
-40.5
-39.5
-40.3
-40.8
-40.8
-40.3
-40.7
-40.9
-41.6
-40.6
-40.0
-40.8
-40.4
-40.2
-40.9
-40.6
-40.8
-40.4
-41.3
-41.4
-41.0
-40.2
-39.7
-39.2
-39.0
-37.8
-37.4
-36.7
-36.5
-36.9
-36.3
-35.7
-35.5
-36.5
-36.2
-35.5
-34.1
-34.3
-35.3
-34.4
-35.9
-35.0
-36.1
-35.7
-34.9
-35.4
-35.4
-35.7
-35.2
-33.9
-34.1
-34.2
-34.9
-35.5
-36.1
-35.5
-35.4
-35.1
-35.6
-34.8
-34.7
-37.6
-37.5
-36.3
-33.7
-33.5
-34.2
-34.0
-35.3
-34.9
-37.0
-35.5
-35.0
-35.7
-34.1
-33.2
-33.7
-33.5
-35.3
-36.6
-35.8
-34.5
-32.7
-33.8
-30.8
-33.5
-33.4
-34.3
-34.4
-34.8
-35.0
-36.3
-34.2
-34.3
-32.8
-32.3
-32.7
-33.5
-33.3
-30.8
-34.0
-31.2
-33.2
-34.3
-34.0
-32.8
-31.4
-32.4
-32.7
-33.5
-32.9
-32.0
-31.7
-27.7
-30.1
-30.3
-31.7
-30.0
-30.0
-28.7
-28.5
-28.7
-29.0
-29.3
-29.3
-28.7
-27.4
-27.4
-27.9
-29.8
-28.7
-29.4
-29.0
-28.0
-28.7
-29.6
-28.4
-28.3
-27.4
-25.8
-27.2
-27.3
-29.6
-29.8
-28.0
-26.5
-27.2
-25.1
-27.0
-25.9
-25.9
-25.7
-25.6
-27.1
-26.1
-24.9
-24.6
-25.1
-25.5
-25.4
-26.0
-25.6
-24.8
-25.8
-25.1
-25.4
-25.2
-25.5
-26.1
-24.0
-24.8
-24.2
-25.5
-25.2
-22.6
-23.2
-23.1
-22.7
-24.2
-23.3
-24.5
-24.3
-23.9
-23.4
-22.5
-21.9
-21.3
-22.0
-21.7
-21.6
-21.5
-20.6
-20.6
-19.5
-19.6
-18.8
-18.6
-18.6
-17.9
-16.6
-15.8
-15.3
-15.7
-16.2
-17.5
-15.2
-16.3
-13.0
-16.4
-17.2
-17.1
-16.8
-15.7
-17.0
-16.0
-16.0
-17.0
-16.7
-15.5
-15.8
-16.1
-17.3
-17.5
-16.7
-16.8
-15.6
-14.9
-15.7
-18.0
-18.3
-16.7
-14.4
-13.3
-15.0
-16.8
-16.9
-15.1
-14.1
-13.3
-12.8
-14.3
-16.5
-16.6
-15.5
-12.7
-12.0
-11.7
-12.5
-13.0
-14.2
-14.8
-14.4
-13.2
-12.8
-11.3
-11.8
-12.5
-13.4
-14.6
