-0.9
-1.4
-0.6
-1.8
-1.7
0.2
-0.2
0.0
-0.6
-1.3
-1.7
-1.8
-1.0
-0.1
0.5
-1.0
-1.1
-0.8
-0.8
-0.4
-1.2
-0.3
-0.5
-0.6
-1.0
-0.5
-1.1
-0.2
0.3
0.3
-0.6
-0.9
-0.8
-0.3
0.0
0.9
0.7
1.0
0.5
0.0
-0.2
-0.9
-1.4
-1.5
-2.4
-1.9
-1.8
-1.9
-0.8
-1.2
0.0
-1.2
-1.2
-1.7
-1.5
-1.9
-0.9
-1.4
-1.2
-2.0
-2.1
-1.7
-0.4
-1.4
-0.9
-1.2
-0.4
-0.7
-0.2
0.0
0.8
0.2
-0.4
-1.0
-1.5
-1.0
-0.6
-1.1
-1.5
-1.9
-0.9
0.2
0.6
-0.2
-0.7
-0.9
-1.1
-0.6
-0.3
0.0
0.2
0.5
0.6
0.7
0.5
-0.2
-0.3
-0.3
-0.9
-0.9
-0.5
0.1
0.1
0.8
0.3
1.0
0.9
-0.4
0.0
0.8
0.5
0.8
0.6
0.1
0.4
0.5
-0.1
-0.4
-0.9
-1.8
-1.3
-0.4
-0.1
-0.1
-1.2
-1.2
-0.5
-1.1
-1.8
-2.4
-1.6
-1.0
-0.7
-0.7
-0.8
-1.3
-0.6
-1.3
-0.8
-0.5
0.0
0.3
0.4
0.0
-0.3
-2.0
-1.3
-0.9
-1.1
-0.6
-0.4
0.1
1.0
-0.1
-0.6
-0.9
-1.5
-1.0
-0.9
-1.5
-1.0
-0.4
-0.3
-0.5
-0.1
-1.8
0.0
-1.6
-1.1
-0.2
-1.3
-1.2
-1.8
-1.9
-1.7
-2.7
-2.6
-2.1
-1.3
-1.7
-1.1
-0.2
-0.3
-0.9
-0.7
-0.8
-0.9
-2.0
-1.3
-1.3
-0.8
-1.4
-0.5
0.0
-0.6
-1.0
-1.5
-1.3
-1.4
-1.8
-1.8
-2.4
-2.5
-3.3
-1.9
-1.2
-0.3
-0.6
-0.2
0.5
-0.5
-1.3
-2.3
-1.8
-1.3
-0.8
-0.6
0.0
-1.1
-0.7
-1.8
-1.8
-1.7
-1.8
-0.6
0.0
0.1
0.4
-0.6
-0.8
-0.2
0.5
0.0
-1.2
-2.0
-1.8
-0.1
0.3
-0.2
0.0
0.0
0.6
-0.2
-0.6
-0.2
0.0
1.1
1.3
1.0
1.0
1.2
1.2
0.8
0.4
-0.4
-0.1
0.9
2.4
1.9
1.6
0.6
0.6
0.9
1.4
0.8
2.0
0.4
0.4
-1.0
-1.3
-2.2
-1.9
-1.0
-0.5
0.3
1.1
0.2
-1.5
-2.1
-2.4
-2.7
-2.2
-1.3
0.5
0.1
0.1
-1.9
-2.3
-3.6
-3.1
-1.3
-0.5
0.2
-0.4
-1.7
-1.5
-1.8
-1.9
-1.0
-1.4
-1.0
-1.4
-1.9
-1.2
-0.5
-0.2
-0.4
-1.0
-2.5
-1.3
-1.1
-1.4
0.0
0.0
1.6
1.4
0.6
0.5
-0.1
-1.6
-1.4
-1.7
-1.9
-2.2
-1.9
-0.9
-0.4
-0.4
-0.1
0.1
-0.1
-1.0
-1.0
-0.6
-0.1
0.0
-0.9
-1.5
-0.5
-0.7
-0.2
-1.2
-2.1
-1.8
-1.2
-0.6
-0.6
-0.2
-0.3
-0.9
-1.2
-1.4
-1.6
-1.3
-1.0
0.0
-0.1
-0.2
-1.1
-1.2
-1.5
-2.5
-2.0
-1.0
-1.1
-0.5
-1.1
-0.4
0.0
0.0
-0.5
0.3
0.5
-0.5
-1.9
-2.6
-3.0
-2.7
-1.6
-0.3
0.2
-0.3
-0.3
-1.6
-0.9
-0.5
-0.4
-0.6
-1.7
-1.9
-1.7
-1.5
-0.9
-0.9
-1.4
-1.4
-1.2
-1.0
-1.3
-1.0
0.0
0.2
0.9
0.2
-1.2
-2.3
-2.6
-1.8
-0.8
-0.5
-1.1
-1.3
-1.5
-1.8
-1.1
-1.6
-0.3
-0.1
0.0
0.6
0.0
-0.2
-0.2
-0.6
-1.0
-0.2
0.0
0.9
0.0
0.8
0.3
0.7
0.5
-0.2
-0.5
-0.6
-0.4
0.0
-0.5
0.0
-0.6
-0.8
-1.3
-1.5
-1.2
-1.3
-1.1
-0.1
0.0
0.1
-0.1
-0.3
-1.7
-1.7
-1.6
-2.3
-2.8
-2.6
-1.8
-0.1
-0.2
-0.2
-0.1
-1.5
-1.2
-1.7
-1.7
-1.0
-1.6
-0.6
-0.6
-0.4
0.0
0.6
1.1
1.0
0.4
0.0
-0.2
-1.0
-0.6
-1.1
-0.5
-0.4
-0.7
-0.7
-0.2
0.2
0.3
0.1
-0.8
-0.9
-0.9
-0.6
-0.1
0.3
0.2
0.0
-0.4
-0.2
-0.5
0.0
-0.7
-0.7
-0.6
-0.7
-0.1
-0.1
-0.1
-0.3
0.0
-0.1
-0.8
-1.4
-2.1
-1.7
-1.7
-0.9
-1.6
-1.5
-1.2
-0.4
-0.2
-0.5
-1.5
-0.9
-0.4
0.3
0.4
1.0
0.6
0.4
-0.1
-1.4
-0.8
-0.3
0.0
-0.1
-0.2
0.1
1.1
0.5
0.2
-0.6
-0.7
-0.7
0.2
0.5
0.9
1.1
0.6
-0.2
-0.1
-0.6
-1.4
-1.2
-1.1
0.0
0.8
1.6
1.5
0.8
0.8
0.3
0.4
0.7
0.3
0.4
0.7
1.4
1.1
0.9
-0.1
-0.5
0.0
0.0
0.8
1.0
0.6
0.6
0.2
0.1
-0.3
-0.4
-0.8
0.1
-0.1
-0.1
-0.4
-1.1
-1.7
-1.8
0.0
-0.8
-1.0
-1.8
-1.0
0.0
0.0
-0.2
-0.4
-0.6
-0.7
-0.4
-0.4
-1.2
-0.7
0.6
0.3
-0.1
-0.9
-0.8
0.0
0.5
0.3
0.1
0.0
0.4
1.0
1.0
1.2
0.7
1.0
0.6
0.5
0.9
1.2
0.3
-1.3
-1.1
-0.1
0.9
1.3
1.6
1.5
1.6
1.0
1.0
1.6
1.0
0.2
0.4
1.6
2.0
2.5
3.1
3.0
1.6
0.4
0.1
1.2
0.8
1.6
1.5
2.4
3.1
3.4
2.3
1.0
-0.1
-0.3
-0.2
1.1
1.9
1.5
0.6
0.3
1.6
1.3
0.9
-0.1
-1.1
-1.1
-0.3
0.0
0.4
0.0
0.2
0.5
0.7
0.0
-0.6
-0.6
-1.0
0.1
0.0
0.1
-0.2
0.0
-0.4
-0.9
-1.7
-0.8
0.0
0.6
1.2
1.3
0.7
0.8
0.0
-0.5
0.0
0.2
0.7
-0.2
-0.9
-0.3
0.2
0.2
-1.1
-1.7
-0.7
-1.0
-1.3
-0.8
-0.8
0.0
0.0
-0.8
-0.8
-1.1
-0.8
-0.5
-0.3
0.0
-0.5
-0.1
0.3
0.2
0.3
-0.1
-0.1
0.9
0.8
0.0
-0.7
-0.6
-0.7
0.4
0.0
0.1
0.4
0.2
0.5
0.4
0.6
0.6
0.1
0.0
-0.6
-0.7
-1.0
-0.5
-0.5
-0.6
-0.1
0.8
0.7
0.7
0.6
0.4
-0.5
-1.4
-1.1
-0.5
-0.1
-0.8
0.0
0.7
1.5
0.8
0.5
0.1
-0.4
-0.6
-1.3
-1.8
-1.6
-0.2
0.8
0.4
0.9
-0.2
-0.2
-0.3
0.5
0.7
-0.1
-1.9
-1.9
-1.5
-1.0
-0.4
-0.2
0.2
0.1
0.0
0.1
0.9
0.9
0.0
0.1
0.3
0.2
0.2
0.5
0.8
0.1
0.0
-0.6
0.2
1.7
0.8
1.4
0.8
-0.1
0.4
0.6
0.3
0.5
0.8
0.8
1.9
0.6
0.5
0.0
-0.5
-0.4
-0.3
0.0
0.8
-0.2
0.0
0.0
-0.5
-0.1
-0.9
-0.6
-0.5
-0.3
0.1
0.2
0.2
0.1
0.1
-1.1
-0.9
-1.0
-0.5
0.3
-0.6
-0.6
-0.3
-1.0
-0.9
-1.2
-1.3
-0.5
-0.4
-0.2
-1.0
-1.7
-0.3
-0.3
-0.6
-0.5
-1.2
-0.7
-1.0
-0.4
0.1
0.2
-1.3
-1.3
-0.9
-1.0
-0.1
0.0
-0.6
0.0
0.2
0.7
0.6
-0.3
-1.2
-1.8
-2.0
-1.1
-0.9
-0.9
-1.4
-1.3
-0.5
-0.9
-0.9
-0.9
-1.2
-0.9
-0.8
-0.6
-0.8
-0.8
-1.5
-2.3
-2.3
-2.1
-0.9
-0.3
-0.3
0.4
0.6
0.2
0.0
0.0
0.4
0.0
0.2
-0.1
-0.5
-0.7
0.1
0.8
1.2
2.0
1.8
0.7
-0.2
-0.2
0.2
1.1
1.0
1.2
1.6
1.0
0.6
-0.9
-0.4
-0.5
-0.2
0.7
0.7
0.8
0.1
0.3
-0.3
-0.3
-0.4
0.0
1.3
3.1
3.5
2.2
1.4
0.5
-0.5
-0.2
-0.2
1.8
2.8
3.5
3.7
3.9
3.7
2.8
2.4
1.6
1.6
1.8
2.4
2.7
2.3
1.6
1.8
0.8
1.3
2.6
2.6
2.8
2.9
3.1
2.2
2.3
1.4
2.2
0.6
0.1
-1.2
-0.9
-0.6
-0.1
1.8
2.9
3.1
2.9
2.8
2.0
2.9
0.9
0.8
-0.5
-1.5
-1.3
-0.1
0.5
0.2
0.1
0.4
1.4
1.2
1.0
0.3
0.6
1.0
2.1
1.3
1.3
1.6
1.8
1.7
1.0
1.3
1.9
1.8
3.0
2.2
2.9
1.8
1.3
0.8
0.6
0.5
1.4
1.8
2.9
2.1
1.8
2.0
1.7
1.3
1.3
0.4
2.0
1.7
1.8
1.9
1.8
1.5
1.4
1.7
1.8
2.4
1.8
0.3
0.4
0.0
0.1
-0.1
0.1
-0.4
-0.2
-1.0
-0.5
0.2
1.0
0.7
-0.2
-0.6
-1.3
-0.4
-0.1
-0.2
0.1
-1.2
-0.6
-0.1
-0.1
0.0
-0.3
-0.8
0.0
-1.1
-0.8
-0.1
-0.6
-0.7
-1.1
-0.8
-0.6
-0.5
-0.3
0.0
0.1
0.2
0.6
0.3
0.1
0.0
0.1
0.2
0.8
1.5
2.0
1.5
1.3
0.6
0.2
-1.6
-1.0
0.2
0.6
1.7
2.2
2.3
2.6
1.2
0.0
-0.3
-0.9
-1.3
0.1
0.5
1.0
0.7
-0.3
-0.1
-0.8
-1.3
-1.4
-1.1
0.0
-0.4
-1.1
-0.6
-0.5
-1.1
-1.5
-1.6
-1.5
-2.0
-1.3
-0.7
0.8
0.4
0.7
0.9
0.9
0.7
-1.1
-0.7
-0.8
-0.3
0.6
1.5
2.9
3.6
2.2
2.3
1.5
0.7
0.9
0.8
0.4
1.0
1.2
1.5
1.7
0.7
0.6
0.6
0.0
0.3
1.2
2.9
3.4
3.0
1.6
0.7
0.0
-0.8
-0.5
-0.7
-0.4
-0.4
-0.2
-0.4
-0.2
-0.3
0.7
0.8
0.8
0.8
0.6
0.8
0.1
-0.8
-0.9
-2.2
-1.9
-3.2
-3.6
-2.6
-1.2
0.4
-0.4
-0.6
-1.1
-1.2
-0.7
-0.1
0.0
0.1
0.0
1.5
1.8
1.4
1.0
-0.3
-1.8
-2.7
-2.8
-3.4
-1.5
-1.5
0.0
0.0
0.5
0.3
-0.1
-0.8
-0.5
-0.1
0.2
1.0
1.3
2.3
1.3
0.9
0.0
0.1
0.0
0.6
0.7
1.5
1.1
0.8
1.4
1.3
1.6
1.3
1.8
1.4
0.6
0.0
-1.3
-1.2
0.0
1.0
1.0
0.7
0.4
1.4
1.3
0.5
0.4
-0.7
-1.1
-1.1
-1.0
0.0
0.6
1.2
1.1
0.5
0.4
0.4
0.7
0.2
-0.4
-1.3
-1.6
-1.7
-1.4
-0.8
0.1
0.0
0.0
-1.2
-1.7
-1.9
-1.2
-0.7
0.5
1.0
1.5
1.2
0.7
0.6
-0.9
-0.9
-0.3
0.1
0.2
-0.9
-1.3
0.4
0.9
0.4
-0.2
-1.0
-0.6
-0.6
0.0
-0.5
0.2
0.3
0.7
1.4
0.6
0.1
-0.6
-1.0
-0.7
-0.1
-0.8
-0.6
-0.8
-2.3
-1.3
-0.8
0.3
-0.2
-0.8
-1.5
0.5
0.3
0.6
0.5
0.7
0.3
-0.3
0.5
0.3
0.3
-0.1
-0.2
-0.5
0.1
-1.0
-1.2
-1.1
-0.9
-0.2
-0.1
-0.7
-0.8
-0.1
-0.8
-0.4
0.0
-0.5
-0.9
-0.6
-0.9
-0.7
-2.0
-1.7
-1.1
-2.0
-2.1
-2.5
-1.5
-0.6
-0.5
-0.3
-0.8
-1.2
-1.5
-1.7
-1.0
-0.9
-1.3
-1.2
-1.6
-1.6
-1.6
-1.0
-1.0
-0.7
-0.3
-0.3
-0.2
-0.8
-1.1
-0.3
-0.9
-1.3
-1.0
-0.7
0.4
-0.1
-0.6
-0.7
-0.4
-0.9
-1.1
-1.2
-0.6
-1.2
-0.7
-1.3
-0.8
-1.0
-1.3
-1.4
-1.1
-0.9
-1.7
-1.4
-2.2
-1.4
-0.3
0.0
0.0
-0.3
-0.6
-0.3
0.2
0.0
0.2
-0.2
-1.8
-3.0
-1.8
-0.8
0.5
0.0
0.0
-0.8
-0.5
-0.5
-0.5
-1.3
-1.2
-1.2
-0.4
0.3
-0.1
0.3
0.0
-0.9
-0.4
-0.5
-0.2
0.0
0.2
-0.8
0.7
-0.6
-0.5
-0.6
-1.0
-0.2
-0.4
-0.8
-1.1
-1.4
-1.7
-1.0
-0.8
-0.7
-0.4
-0.5
-0.5
-1.6
-2.2
-1.9
-1.4
-0.9
-0.4
-0.7
-1.0
-0.7
-0.4
-0.3
-0.9
-1.0
-1.5
-2.0
-1.1
-1.4
-0.8
-0.9
0.5
0.6
0.3
-0.8
-1.1
-1.2
-0.8
-0.9
-1.5
-0.8
-0.3
0.7
0.1
-0.4
-0.2
-0.2
-0.6
-0.8
-0.4
0.6
-0.1
0.0
0.0
-0.2
0.6
1.7
1.5
1.9
0.6
-0.1
1.0
1.6
2.6
2.6
2.5
1.3
1.6
2.5
1.9
2.6
1.8
1.9
1.1
0.1
0.2
0.6
1.2
0.1
0.4
0.9
1.4
2.2
1.2
1.1
1.6
1.6
1.0
0.6
-1.1
-0.7
-0.8
-0.4
-1.0
-0.1
-0.6
-0.1
-0.5
-0.2
0.9
1.1
0.8
-0.2
-0.3
-1.4
-0.6
-0.9
-0.1
0.2
0.7
0.6
0.4
-0.6
-0.9
-1.1
-1.0
-0.8
-0.4
0.2
0.1
0.6
0.8
1.0
0.8
0.4
1.0
1.8
1.1
0.6
-1.0
-0.9
-0.8
0.0
0.7
0.7
0.4
-0.3
-0.6
-1.3
0.5
1.1
1.3
0.8
-0.4
0.1
-0.1
0.3
0.9
0.8
1.0
1.1
0.6
0.6
1.6
2.9
3.1
2.7
1.6
1.2
1.0
1.2
0.7
0.6
1.1
0.9
1.2
0.4
0.3
0.2
0.1
0.5
0.2
-0.1
-1.0
-0.9
-1.0
-0.9
0.4
1.8
0.6
-0.4
-1.2
-2.2
-1.1
-1.5
0.0
0.1
-0.5
0.1
-0.1
-0.8
-1.6
-1.4
-0.7
-1.3
-0.9
-0.7
-0.3
-0.1
0.4
0.0
0.7
0.2
-0.2
0.1
0.0
-0.4
-1.1
-1.8
-1.6
-1.6
-0.9
0.0
1.1
0.2
0.9
0.3
0.5
1.0
0.5
0.5
0.1
0.0
-0.4
-1.3
-1.6
-0.1
1.4
1.9
1.0
-0.1
0.7
0.0
0.1
-0.5
-1.2
-1.4
-0.7
-0.8
0.4
0.0
-0.6
-0.8
-0.8
-1.3
-1.7
-1.0
-1.0
-0.5
-0.8
-0.2
1.0
1.0
0.5
0.5
0.8
0.6
1.2
0.8
-0.3
-0.8
-0.9
-0.3
0.1
0.6
0.1
-0.7
-1.1
-1.3
-1.5
-2.3
-2.2
-1.0
0.2
0.4
0.5
0.5
0.5
1.1
0.6
0.1
-0.4
0.0
-0.4
-0.5
-0.5
-0.3
0.5
0.3
0.6
0.0
-1.3
-1.6
-1.3
-2.0
-1.5
-1.5
-0.7
-0.3
-0.1
-0.4
-1.0
-1.5
-1.9
-1.9
-2.0
-2.9
-2.7
-1.4
-1.3
-1.1
-1.2
-1.6
-0.6
-0.4
-0.8
-0.7
-1.5
-1.2
-1.0
-0.2
-0.9
-0.2
-1.0
-0.1
0.0
0.4
0.8
0.8
0.2
0.2
0.4
0.5
0.0
0.1
-0.2
0.6
0.3
0.0
-0.7
0.0
-0.2
0.0
-0.4
0.5
0.5
0.0
1.0
0.1
1.0
1.5
1.1
1.5
0.7
1.1
1.1
-0.4
-0.5
0.2
1.3
2.0
2.5
2.8
1.4
0.8
0.0
0.5
0.4
0.4
1.0
0.9
0.6
0.6
0.3
0.9
0.5
0.8
0.9
1.0
1.0
1.0
1.5
0.9
0.8
-0.3
0.4
-0.1
1.3
1.3
1.1
1.2
0.8
0.5
0.3
-0.5
-0.1
0.1
0.5
0.4
1.2
-0.4
0.2
-0.6
0.7
1.0
0.0
0.2
0.3
0.1
-0.4
-1.0
-1.2
-0.6
0.3
1.7
2.1
1.5
0.8
1.3
1.6
0.7
-0.4
0.3
1.7
1.2
2.4
2.4
2.9
2.4
2.2
2.4
2.9
2.2
2.1
1.4
1.3
1.2
1.2
1.8
1.3
0.4
0.4
0.5
0.8
0.5
0.0
0.7
1.5
2.3
2.5
2.4
1.0
0.2
-0.5
-1.0
-1.0
-0.1
0.8
0.4
-0.8
-1.5
-2.0
-1.3
-0.9
-0.1
0.7
0.5
-0.1
-1.3
-2.2
-0.6
1.0
2.2
2.1
0.1
-0.4
-1.3
-1.5
-0.8
-1.2
-0.6
-0.5
0.4
0.4
0.6
0.6
-0.5
-1.6
-1.5
-1.1
0.0
0.6
0.5
0.2
-0.1
-0.1
0.0
0.3
0.1
0.3
0.0
-0.1
-0.1
-0.4
-0.9
-0.7
0.3
0.8
0.7
-0.3
-0.4
-1.0
-1.7
-1.9
-0.4
0.1
1.0
0.9
0.3
0.0
0.0
0.2
0.7
0.1
-1.6
-1.3
-0.1
1.1
0.6
-0.1
0.9
0.0
0.1
-0.5
0.0
1.8
0.9
0.8
0.4
-0.5
0.1
0.0
0.0
-0.5
-0.4
0.3
0.7
0.5
-0.3
0.1
0.2
0.2
0.1
1.2
1.0
0.8
0.6
0.2
1.3
0.6
0.3
1.1
0.9
1.5
1.1
1.8
0.9
0.0
-0.5
-0.7
0.1
0.4
1.6
1.7
2.1
0.8
1.5
0.7
0.9
0.8
0.0
0.1
-0.2
-1.1
-0.4
-0.8
-1.0
-0.3
0.3
1.4
2.0
2.6
2.4
1.3
0.4
-1.0
-0.9
-1.7
-1.5
-1.0
-0.5
0.7
1.3
1.2
1.2
1.2
0.6
0.0
-0.6
0.2
-0.5
0.1
1.1
1.2
2.1
2.3
1.9
1.8
1.0
0.2
-0.7
-0.8
-1.3
0.0
0.9
1.1
0.6
1.5
1.0
0.9
0.2
-0.1
0.0
-0.6
0.6
1.2
1.6
1.5
0.9
0.8
0.4
0.8
1.6
1.5
1.8
2.0
1.7
2.1
1.2
1.0
0.9
0.6
1.3
1.8
2.0
1.3
1.3
1.4
1.5
0.9
1.9
1.0
1.1
1.0
1.8
2.0
1.2
0.7
-0.2
0.0
-0.4
-0.3
-0.5
-0.8
-0.3
-0.8
-0.6
-0.5
-0.2
-0.6
-0.2
-0.4
0.0
0.1
0.0
0.4
0.0
1.1
0.8
0.9
0.0
-0.2
0.3
-0.3
-0.1
0.6
1.3
2.0
1.7
1.1
0.8
-0.6
0.0
-0.9
0.0
1.2
1.4
2.0
0.5
1.0
-0.1
0.6
1.0
1.0
0.8
0.2
0.6
0.8
2.0
0.8
0.2
-0.3
0.2
1.4
2.0
1.8
0.9
0.9
0.6
0.4
0.1
0.0
-0.1
1.3
1.4
1.6
0.9
1.3
1.5
1.2
1.0
1.3
0.8
0.6
0.0
0.3
0.0
-0.2
-0.2
0.7
-0.3
0.7
0.6
0.3
0.1
-1.5
-2.0
-0.4
-0.3
0.0
0.0
-1.1
-1.1
-0.5
0.0
0.8
0.5
0.0
0.0
-0.6
0.0
0.4
0.1
-0.1
0.0
0.8
1.0
1.3
0.9
0.7
0.3
-0.8
-0.2
0.3
-0.1
0.5
0.1
0.3
1.5
1.2
0.6
0.2
0.2
0.4
0.3
-0.5
-0.4
-0.3
-0.8
-0.3
-0.2
0.0
-0.7
-1.5
-1.3
-1.2
-1.2
-0.4
-0.3
-1.0
-1.0
0.2
0.7
0.9
0.7
0.3
0.0
0.0
-0.4
-1.2
-1.7
-2.5
-2.0
-0.4
-0.8
0.5
-0.1
0.4
0.4
-0.5
-1.5
-2.5
-1.4
0.1
0.6
0.9
-0.2
0.0
-0.2
-0.3
-0.7
-1.4
-0.9
-1.3
-0.6
0.5
-0.8
0.0
-0.1
1.2
2.0
1.3
0.4
0.0
-0.6
-0.6
-0.9
-0.5
-0.2
1.0
1.4
2.0
1.5
1.1
2.3
1.9
0.5
0.0
-0.6
-0.4
0.7
1.0
1.9
2.4
2.2
2.1
2.9
2.1
1.7
1.0
0.3
0.3
0.4
0.3
0.9
0.3
0.6
1.0
0.4
-0.7
-1.6
-1.8
-1.0
0.0
1.6
2.0
1.0
0.0
-0.7
-0.9
-2.5
-2.8
-2.0
-0.8
-0.1
0.7
0.6
1.3
0.1
-0.4
-1.5
-1.7
-1.3
-0.5
-0.4
-0.1
1.5
2.3
2.0
1.8
1.3
0.9
0.5
0.6
0.6
0.2
0.2
-0.1
0.4
0.1
0.0
0.4
0.6
1.1
0.6
-0.2
-1.0
-1.5
-0.6
-0.1
-0.2
-0.2
-0.5
-1.0
-0.8
-0.9
0.0
-0.3
-0.9
-0.4
-0.1
0.0
-0.3
-1.0
-0.2
-1.0
-1.0
-0.5
-0.9
-0.1
-1.1
-0.5
-1.8
-1.4
-2.2
-2.8
-2.5
-2.3
0.0
0.5
0.4
0.4
-0.5
-2.1
-1.3
-1.4
-0.4
-1.4
-2.0
-0.9
0.0
-0.8
-0.6
-1.7
-1.9
-2.0
-2.8
-2.2
-1.8
-0.6
-0.3
0.0
-0.2
-1.2
-1.4
-0.8
-1.5
-1.5
-2.0
-2.4
-0.8
-0.2
-0.7
-1.2
-1.9
-1.7
-2.0
-2.3
-1.1
-1.5
-1.3
-2.0
-1.4
-0.9
-0.1
-0.6
0.3
0.2
-0.8
-0.9
-1.9
-2.5
-2.4
-3.2
-1.0
-0.1
0.8
1.3
0.1
0.4
-0.1
0.4
-0.2
-0.6
-0.4
0.0
-0.1
-1.3
-1.0
-0.8
-0.4
-0.5
-0.1
0.8
2.7
1.9
1.4
0.4
0.6
0.7
0.1
0.7
0.2
0.3
0.8
0.6
1.4
1.7
2.2
1.8
1.1
1.3
2.2
1.8
1.5
1.4
1.0
1.1
0.0
-0.1
0.1
0.5
0.9
1.3
1.4
1.0
0.4
0.1
0.0
-0.6
-0.9
-1.1
0.0
1.7
1.9
2.6
3.0
3.4
0.8
1.1
0.8
1.7
2.4
2.6
3.2
3.1
2.1
1.3
1.1
1.0
2.0
1.5
2.3
1.5
2.2
3.1
3.4
3.4
3.6
3.9
3.2
4.5
4.2
2.7
1.9
1.1
-0.1
-0.9
-0.8
0.4
2.1
1.8
2.9
3.8
3.5
2.1
1.3
-0.7
-0.6
-0.8
0.6
2.2
3.0
2.9
3.4
1.5
1.0
1.5
0.6
1.1
1.2
0.0
0.9
1.5
1.4
2.0
1.9
0.9
0.7
-0.4
-0.4
-1.5
-1.6
-1.7
-1.3
-0.8
-1.3
-0.3
0.1
1.0
1.1
0.9
1.0
0.7
0.6
-0.1
-0.9
-1.3
-1.6
-2.0
-2.2
-2.0
-1.2
-1.5
-0.9
-0.1
0.4
0.3
-0.7
-0.8
-1.0
-1.3
-1.4
-0.6
0.4
1.2
1.4
2.1
1.5
0.6
-1.1
-2.1
-1.6
-1.6
-0.3
1.2
2.9
2.7
1.6
0.9
-0.6
-1.2
-1.5
-1.5
0.5
0.6
2.3
3.0
3.5
3.7
3.0
3.0
2.1
0.7
-0.3
-1.7
-2.6
-2.6
-2.5
-1.7
-0.9
0.6
2.0
2.4
1.5
1.3
1.1
2.3
1.9
2.3
1.5
1.6
1.2
0.8
0.4
1.2
1.4
0.8
0.0
-1.6
-2.2
-3.1
-2.7
-1.3
-0.1
0.5
0.8
-0.2
0.4
0.2
0.9
0.4
0.5
1.0
1.7
1.9
2.6
3.1
2.9
2.9
2.0
0.6
0.0
-0.7
-1.3
0.0
0.0
1.3
1.4
1.0
0.7
-0.1
-0.4
-0.4
1.0
0.5
0.6
0.1
0.0
0.0
0.6
1.6
1.6
2.2
1.6
2.6
2.5
2.6
1.7
1.9
0.1
0.3
0.8
-0.1
0.1
0.2
0.2
0.2
0.8
0.8
1.0
1.2
1.9
1.1
0.9
-0.2
-0.2
0.3
-0.2
-0.6
0.1
-0.7
-0.9
-0.4
-0.8
-0.4
-0.2
-0.3
-0.3
-0.1
0.3
0.4
0.6
0.2
0.5
0.2
0.3
0.1
-0.3
0.4
0.1
0.0
-0.3
-1.3
-0.7
-0.9
-1.4
-1.1
-1.3
0.0
-0.6
-0.1
0.3
0.8
1.1
2.1
2.2
2.3
2.9
2.8
1.8
1.1
1.2
0.8
1.6
0.5
-0.1
-0.8
-1.1
-1.2
-1.7
-1.3
-1.2
-0.9
1.4
1.0
2.0
1.7
1.8
2.1
2.4
2.6
2.3
1.9
2.3
2.7
2.6
2.5
1.0
1.6
0.8
0.0
-0.9
-1.4
-1.7
-1.0
0.8
2.0
1.6
0.9
-0.4
-0.5
0.0
-0.5
0.5
1.9
1.4
0.8
0.7
1.0
1.6
2.1
2.3
2.2
3.1
2.5
1.3
2.0
2.3
2.0
2.2
1.7
0.7
1.2
0.3
0.2
-0.2
-1.6
-2.8
-2.1
-1.7
-0.7
1.2
0.9
1.1
1.1
0.0
-0.3
-0.3
-1.5
-0.1
1.5
1.1
1.0
0.2
0.4
1.5
1.6
0.1
-0.3
0.0
1.0
2.2
0.1
-1.0
-1.5
-0.6
-0.6
0.0
-0.4
0.0
0.8
1.8
1.0
1.2
0.2
0.0
1.3
0.6
1.7
1.0
0.7
0.8
-0.5
-0.9
-1.8
-2.1
-2.2
-3.3
-3.7
-3.0
-1.4
-1.4
-1.4
-0.4
0.3
1.3
1.1
-0.4
0.1
0.2
1.0
0.9
0.0
-0.6
0.2
2.0
1.0
1.3
0.7
1.2
0.2
-0.6
-1.2
-1.7
-1.0
-1.1
-1.0
-0.5
-1.0
-1.3
-1.7
-1.4
-1.9
-1.2
-0.1
0.9
1.8
2.2
2.6
2.0
1.7
1.6
1.0
0.3
0.0
-0.9
-1.8
-2.2
-0.8
-0.2
-0.1
-0.8
-1.3
-1.0
-0.3
-0.2
0.4
0.0
-0.1
-0.8
-0.2
-0.2
-0.9
-0.3
-0.8
-0.2
-0.2
0.0
0.4
0.1
0.0
0.6
0.7
0.7
-0.7
-1.4
-1.4
-2.2
-1.9
-1.5
-1.0
-1.1
-1.0
-0.9
-0.8
-1.6
-2.5
-2.5
-1.7
-1.9
-1.4
-0.4
-0.7
-0.2
0.0
0.6
0.8
0.0
-0.7
-0.2
-0.5
-0.9
-1.9
-2.0
-2.4
-1.2
-1.1
-0.4
-0.2
0.1
-0.1
-0.2
-1.0
-0.4
-0.7
-0.4
-0.8
-1.0
-1.0
-0.7
-1.0
-0.8
-0.5
-0.2
-0.2
-0.4
0.4
-0.3
-0.7
-1.7
-2.7
-2.6
-2.4
-1.9
-1.1
-0.3
-0.6
0.0
0.0
-0.1
0.5
-0.2
-1.0
-1.3
0.2
0.1
0.7
-0.5
-1.3
-0.7
-0.3
-0.9
-0.8
0.4
0.5
0.5
-0.9
-0.2
0.0
0.0
-1.0
-0.4
-0.3
0.1
0.9
1.1
-0.3
-0.4
-1.3
-0.8
-0.1
0.5
1.6
1.5
1.6
1.6
2.2
2.1
2.8
2.5
1.2
0.4
-0.7
-0.3
0.6
1.7
3.4
3.3
4.4
4.4
4.5
4.1
3.0
2.2
1.8
1.1
1.3
1.9
1.2
1.3
1.5
1.4
1.3
1.4
2.4
1.7
2.0
1.5
1.8
1.6
0.7
1.5
1.2
1.0
1.4
1.8
1.7
1.4
1.3
1.3
1.3
1.2
1.7
1.2
0.9
1.2
1.1
0.5
0.2
0.1
0.5
1.0
1.0
0.6
1.1
0.9
1.3
0.8
1.4
1.3
0.6
0.0
0.6
0.5
0.3
0.6
0.5
1.1
0.6
-0.9
-0.5
-0.3
0.0
0.6
0.3
1.3
0.7
0.4
-0.2
-0.4
-0.5
-0.8
-0.6
0.0
0.3
-0.2
-0.7
0.0
0.1
-0.5
0.6
0.4
0.6
0.9
0.0
0.3
0.1
0.2
-0.5
-0.4
0.2
0.1
1.3
1.3
1.0
0.1
-0.1
0.3
1.0
1.1
0.3
-0.1
-0.2
-0.6
-1.2
-0.9
-0.7
0.0
0.4
-0.2
0.1
0.0
-0.8
-0.6
-0.3
0.4
0.7
0.5
1.5
0.9
0.7
0.2
0.4
0.3
-1.4
-1.5
-1.5
-1.1
-0.8
-0.6
-0.2
-0.3
0.0
0.3
0.8
0.6
-0.1
-1.2
-1.0
-0.3
0.0
-0.6
-0.7
0.3
0.4
0.7
-0.8
-1.0
-1.9
-2.2
-1.8
-0.8
-0.5
-1.3
-1.1
-0.7
-0.8
0.8
0.3
0.7
0.0
-0.5
-1.5
-0.9
-0.5
0.7
1.2
0.9
0.5
0.0
-1.4
-1.7
-2.1
-1.6
-0.2
-0.3
0.1
-0.1
0.6
0.8
0.9
0.5
0.6
-0.3
-0.7
0.1
0.4
0.9
0.4
-1.3
-1.4
-1.4
-1.4
-1.1
-0.5
-0.2
1.2
1.8
1.5
0.0
0.2
0.0
0.3
-0.4
-0.6
-0.5
0.0
0.0
-0.4
-0.8
-0.7
0.1
0.3
0.3
0.5
0.7
0.5
-0.3
0.1
1.0
1.3
1.2
0.8
0.2
-0.1
-0.9
-1.7
-1.3
-1.3
-0.1
-0.1
0.3
0.6
0.8
0.9
0.6
-0.2
-1.0
-1.3
-0.4
0.1
0.6
0.7
0.3
0.0
-0.3
-0.5
-0.6
-1.0
-1.9
-2.5
-1.5
-1.0
0.3
0.4
0.1
-0.2
0.2
1.7
1.6
2.1
1.4
1.7
2.4
1.1
-0.2
-0.7
-1.3
-0.9
-1.1
-1.0
-1.2
0.0
-0.5
0.3
0.7
1.0
0.4
0.2
-0.4
0.0
0.5
0.5
1.1
1.3
1.5
0.1
-0.3
0.0
0.4
0.7
0.3
-0.2
0.0
0.0
0.9
0.8
0.2
-0.3
0.6
0.7
0.2
-0.1
-0.3
-0.3
-0.1
1.4
1.8
2.8
2.0
1.9
1.7
1.3
0.6
0.1
0.0
1.2
1.1
2.5
2.0
2.2
1.5
1.2
0.9
1.8
2.1
1.8
2.1
2.0
1.7
1.7
1.4
0.6
0.8
0.5
0.8
0.8
0.6
-0.4
-0.6
-0.3
-0.2
0.0
-0.3
1.0
0.8
0.1
0.0
-0.1
1.2
0.5
-0.6
-1.2
-0.9
0.6
1.3
1.1
0.8
0.1
-0.6
-0.6
-0.2
0.2
0.0
0.0
-0.1
0.1
0.5
-0.4
-0.8
-0.4
-0.6
-0.1
-0.5
-0.7
-0.6
0.0
0.1
-0.1
-0.5
-0.4
0.1
1.1
0.7
0.5
-0.6
-1.3
-1.2
-1.5
-0.9
-1.4
-0.4
-0.8
-0.9
-1.2
-1.4
-1.1
-0.7
-0.4
-0.8
-0.2
-0.6
-1.1
-1.8
-0.5
-0.3
0.4
-0.6
-0.2
0.0
0.0
-0.1
-0.6
-0.1
-0.2
0.0
-0.3
0.0
-0.4
-1.1
-1.1
-0.3
-0.4
-0.2
0.1
-0.4
0.3
-0.5
-0.4
-0.5
-1.0
-1.4
-0.4
-0.4
-1.2
-0.9
-0.9
-0.4
-0.2
-0.2
-1.6
-1.2
-0.7
-1.2
-1.6
-2.2
-2.0
-1.2
-1.2
-1.7
-1.0
-0.9
-0.5
-0.5
-0.7
-0.4
-0.6
-0.3
0.0
0.1
-0.4
-0.4
-0.5
0.4
0.0
-0.2
-0.8
-0.3
-0.9
-0.5
-0.7
-0.4
-0.3
-0.2
0.1
0.9
0.7
0.6
-0.1
-1.0
-0.1
0.3
0.1
-0.6
-0.3
-0.6
0.0
-0.4
-0.5
0.0
0.0
-0.1
-1.3
-1.4
-0.8
-0.4
0.2
-0.4
-1.0
-0.9
-0.9
-0.8
-0.5
-1.0
-0.7
-1.6
-1.6
-1.9
-1.1
-1.5
-1.3
-0.2
0.0
0.4
-0.3
-0.1
-0.2
-0.1
-1.0
-1.4
-1.3
-2.1
-2.4
-0.3
-1.0
-0.1
-0.7
-0.5
-0.4
-0.9
-0.5
-0.6
-0.5
0.0
-0.9
-0.6
-1.7
-0.6
0.1
0.3
0.9
-0.1
-0.3
-1.2
-0.1
0.0
0.3
0.0
-0.4
0.3
-0.2
-0.2
0.0
0.0
-0.6
0.6
0.6
1.4
0.9
-0.5
-1.7
-1.0
-0.3
0.8
1.5
0.9
0.8
0.9
-0.3
-0.4
-1.1
-1.0
0.6
1.1
1.7
1.2
0.3
0.7
0.6
0.1
0.4
0.2
1.3
0.7
0.7
1.3
1.8
0.7
0.0
-0.6
-1.0
-1.7
-2.1
-2.0
-0.9
-0.6
-0.6
-1.2
-0.8
-0.6
-0.7
-0.6
-0.8
-0.9
-1.7
-0.9
-1.4
-0.3
-1.0
-1.9
-1.8
-2.2
-1.3
-0.3
-0.8
-0.1
-0.6
-0.6
-0.7
-1.4
-0.6
-0.8
-1.4
-1.0
-1.5
-1.1
-1.3
-0.6
-0.6
-0.8
-0.8
-0.1
-0.1
-0.4
-1.5
-1.2
-0.6
-0.6
0.0
-0.3
-0.9
-1.1
-0.3
0.0
-0.4
-0.6
-1.2
-1.9
-2.2
-2.3
-2.2
-2.5
-2.3
-2.5
-1.3
-1.4
-2.1
-2.7
-2.3
-1.7
-1.6
-1.8
-1.8
-1.9
-1.3
-1.4
-1.6
-1.5
-2.2
-2.1
-1.5
-0.6
-0.2
-0.3
-1.0
-1.9
-1.6
-1.6
-2.0
-1.5
-1.2
-0.6
-0.5
-0.9
-1.3
-1.3
-1.0
-1.9
-1.1
-1.1
-1.1
-0.5
-1.3
-1.1
0.7
-0.1
-0.1
-0.4
-1.7
-1.6
-1.0
-1.2
-0.6
-1.1
-0.7
-0.9
-1.2
-1.3
-1.1
-1.4
-0.9
-1.2
-0.1
-0.7
-0.5
0.5
0.0
-1.3
-2.2
-1.9
-0.5
-0.2
-0.8
-0.6
-0.6
-1.5
-1.8
-1.6
-2.2
-2.1
-2.2
-1.7
-1.6
-1.5
-0.8
-1.1
-1.0
-2.0
-1.9
-2.0
-0.9
-2.2
-2.0
-2.0
-1.7
-1.3
-1.7
-2.9
-1.6
-1.4
-0.8
-0.6
-0.6
-0.4
-0.6
-0.4
-1.8
-1.5
-1.1
-0.4
-0.3
-0.4
-0.5
-0.3
0.0
0.6
0.8
-0.5
-1.5
-2.3
-1.8
-1.9
-1.8
-0.4
-0.4
0.0
-0.3
0.8
0.2
0.3
-0.2
-1.3
-0.7
-1.8
-2.4
-2.5
-1.5
-0.5
-0.1
-0.4
-1.0
-0.7
-0.3
-0.7
-0.4
-0.2
-0.7
-0.5
-0.5
0.4
0.5
-0.7
-2.2
-1.5
-2.0
-1.9
-1.9
-1.8
-1.5
-1.7
-1.3
-0.1
-0.7
-1.1
-1.5
-1.2
-0.6
-0.3
-0.7
-1.3
-2.0
-1.0
-1.5
-1.4
-1.5
-1.2
-1.1
-0.6
-1.1
0.1
-0.1
0.2
0.0
-0.2
-0.2
-0.7
-1.1
-1.3
-0.5
-0.2
0.3
-0.5
-1.0
-1.7
-2.0
-2.0
-1.9
-0.8
-1.1
-0.4
-0.8
-0.9
-0.9
-1.3
-1.8
-0.7
-1.7
-2.0
-0.7
-0.6
0.0
-0.4
-0.8
-1.1
-1.4
-2.5
-1.9
-1.2
-1.3
-2.0
-0.8
-0.6
-0.1
-0.8
-0.8
-0.5
-1.0
-0.7
-2.0
-1.7
-1.9
-1.3
-1.8
-1.4
-2.4
-1.3
-0.6
-0.3
0.0
-1.5
-2.7
-1.3
-1.5
-0.5
-1.2
-1.3
-0.5
0.0
-0.6
0.0
-0.5
-0.6
0.0
0.4
-0.2
-0.3
-1.3
-0.1
0.8
1.0
0.4
0.0
0.1
-0.5
0.1
1.0
0.8
1.2
0.7
0.9
-0.2
-1.2
-1.5
-0.9
-1.1
-1.3
-1.1
-1.3
-1.4
-1.2
0.4
0.1
-0.6
-1.2
-1.6
-0.9
-0.6
-0.3
0.2
0.0
0.0
0.4
0.3
0.5
-0.1
-0.7
-1.8
-1.2
-1.5
-0.8
-0.5
-0.3
0.1
-1.7
-3.1
-2.9
-2.0
-2.2
-1.6
-0.9
-0.5
-0.5
-0.4
-0.7
0.1
-0.6
-0.5
-0.7
-0.1
-1.1
-1.0
-1.3
-0.9
-1.1
-2.1
-2.6
-2.0
-0.6
-0.5
-0.8
-1.5
-1.2
-0.7
-0.2
-0.9
-1.9
-1.8
-1.4
-1.6
-0.8
-1.1
-1.0
-1.6
-1.7
-0.7
-0.4
-1.3
-1.0
-1.5
-1.4
-2.6
-1.8
-0.6
-0.5
-0.8
-1.0
-1.5
-1.0
-1.7
-1.2
-1.4
-2.1
-2.8
-2.2
-1.6
-1.5
-1.5
-1.7
-1.8
-1.4
-2.0
-2.1
-1.1
-1.8
-2.1
-1.6
-1.2
-0.8
-2.2
-1.7
-1.6
-1.1
-0.3
-1.3
-1.0
-1.0
-2.1
-1.6
-1.5
-1.9
-2.1
-1.3
-1.1
-1.1
-0.8
-1.4
-0.7
-0.4
-0.7
-0.9
-1.4
-2.2
-2.0
-2.2
-2.0
-1.8
-1.9
-1.3
-1.6
-0.9
-1.4
-1.2
-0.9
-1.5
-1.0
-2.2
-2.4
-2.6
-1.9
-1.2
-1.5
-2.1
-1.8
-2.2
-2.2
-1.8
-1.3
-0.3
-1.4
-1.5
-1.9
-1.7
-2.8
-2.3
-1.2
-0.8
-0.4
-0.6
-0.1
-0.1
0.1
-0.4
-0.1
-1.2
-0.9
-0.2
0.1
-0.4
-1.7
-1.4
-0.8
-0.7
-1.4
-2.6
-2.2
-1.3
-0.4
-0.2
-0.2
-0.2
-0.1
-0.7
-1.0
-0.1
-1.8
-1.6
-0.7
0.1
0.0
-0.7
-1.3
-1.1
-0.6
-1.8
-0.8
-0.2
0.7
0.9
1.0
1.3
0.6
0.4
0.3
-0.4
-0.6
-1.3
-1.8
-2.0
-1.4
-0.8
-0.6
0.2
0.0
0.4
0.5
0.1
0.0
-0.4
-1.2
-0.8
0.0
0.5
0.5
0.1
0.5
0.4
0.1
0.0
-1.1
-1.5
-1.6
-0.9
-0.5
0.0
0.0
-0.1
0.4
0.2
0.5
0.2
0.6
0.0
-0.1
-0.6
0.1
0.5
0.3
-0.4
-1.4
-1.1
-0.8
-0.7
0.6
0.1
0.6
0.3
0.1
0.9
1.3
1.2
0.5
0.7
1.0
0.4
0.1
-0.3
0.4
0.2
-0.3
-0.2
-0.2
0.3
1.0
1.0
1.7
2.4
2.7
2.3
3.2
1.5
1.4
0.0
-0.8
-0.7
-0.4
-0.2
0.7
0.5
1.6
1.0
1.7
2.3
1.8
0.6
-0.9
-2.2
-2.0
-1.9
-0.4
0.0
1.7
0.9
1.4
0.3
-0.7
-1.0
-0.7
0.1
-0.2
-0.3
0.7
0.5
0.9
0.1
-0.1
-0.6
-0.8
-1.0
-1.4
-1.0
-0.4
0.2
-0.1
-0.8
-0.5
0.5
0.7
0.9
0.9
0.4
0.3
0.8
0.8
0.0
0.0
-0.1
1.1
1.0
2.0
3.3
3.6
2.0
1.4
0.1
0.8
1.7
1.2
1.8
1.4
2.0
2.0
1.6
1.9
1.3
0.9
1.3
0.4
1.0
0.6
0.9
1.4
0.7
-0.6
-1.1
-0.4
-0.6
-0.4
-0.3
-0.1
0.4
-0.6
0.0
-0.4
-0.7
-1.2
-1.7
-1.5
-1.2
0.0
0.1
-0.9
-0.8
-0.8
-1.5
-1.2
-1.2
-0.4
1.4
0.7
1.3
0.0
-1.2
-0.9
-1.4
-1.7
-2.5
-2.4
-0.4
0.4
1.5
1.7
1.3
1.1
1.9
1.9
2.2
1.5
1.2
1.6
1.1
0.8
1.2
1.7
2.2
2.3
2.0
1.0
1.5
1.1
1.2
0.9
0.1
1.0
0.7
1.9
2.1
2.0
2.5
2.3
1.9
1.5
0.7
0.9
2.9
2.2
1.9
0.9
0.4
0.7
1.6
-0.1
0.2
0.2
1.8
3.3
3.3
2.2
1.6
1.6
1.0
0.6
0.5
0.9
0.0
1.5
1.5
1.7
1.5
1.5
1.7
1.0
0.5
0.3
0.2
1.2
1.9
1.2
1.5
2.2
2.8
1.8
1.0
-0.1
0.0
-1.3
-2.5
-1.8
-0.7
0.3
1.3
1.8
1.9
1.6
0.9
0.0
-0.7
0.0
-0.5
-0.1
0.1
0.2
1.1
1.0
1.0
1.3
1.9
0.7
0.8
1.1
0.0
1.3
0.5
0.4
0.0
1.4
2.0
1.6
-0.2
0.5
0.4
0.7
-0.5
-0.4
-0.1
0.1
1.5
1.7
0.2
0.4
0.3
1.1
0.9
1.3
0.4
0.7
-0.8
0.2
1.2
1.6
0.4
0.0
-1.4
-0.7
-0.6
0.3
1.7
1.9
1.7
1.0
0.9
1.1
0.4
0.5
-0.2
0.4
0.6
0.1
-0.2
-0.9
0.1
0.8
0.9
1.1
0.4
1.4
2.4
2.0
1.2
0.0
0.4
0.4
0.5
0.5
1.2
0.8
0.1
0.3
0.1
0.1
0.8
0.9
1.2
0.8
-0.1
0.0
-0.8
-0.6
-0.1
1.2
0.3
1.2
1.8
1.5
0.4
0.0
0.0
0.2
0.4
0.7
0.9
0.5
-0.5
-0.2
0.4
0.6
1.3
0.9
0.8
0.0
-0.1
-0.2
-0.8
0.0
0.1
0.4
0.4
0.1
0.2
0.2
-0.1
0.0
-0.4
-0.4
-0.3
-0.4
-1.2
-0.4
-0.2
0.5
0.0
-0.3
-0.2
0.1
-0.4
0.8
1.1
0.8
0.1
0.0
-0.7
0.3
0.4
1.0
1.1
0.6
0.7
0.4
-0.1
-0.4
1.0
1.7
2.6
2.1
1.7
1.6
1.4
0.6
1.1
1.6
2.3
2.5
1.1
0.6
0.6
1.2
1.8
2.8
3.0
2.5
1.2
1.0
1.1
1.0
0.5
1.6
2.0
2.4
1.8
2.1
2.8
3.2
3.1
3.1
3.5
3.6
3.5
3.5
1.8
0.8
1.9
1.6
3.6
4.0
3.3
3.3
2.5
1.7
1.1
2.2
2.1
2.6
2.0
1.2
1.4
1.8
1.5
1.2
0.9
-0.2
0.0
0.1
0.4
1.5
1.3
2.6
2.2
1.7
0.6
0.6
2.2
3.6
2.7
1.8
1.7
2.5
3.1
3.5
3.0
2.4
2.6
2.1
1.0
1.1
1.1
1.4
1.0
1.8
1.0
1.4
1.8
1.7
1.6
2.2
1.4
2.5
2.4
2.1
2.0
2.1
1.2
1.8
1.8
1.8
0.8
0.6
0.1
-0.8
-0.8
-1.2
-1.0
0.8
1.3
1.9
1.6
0.6
-0.1
0.0
-0.4
0.2
0.9
0.9
0.5
0.5
1.3
1.2
0.7
0.3
0.6
2.6
2.4
2.3
1.0
0.6
1.3
1.6
1.7
1.5
1.5
1.6
1.5
0.5
1.5
2.1
2.0
2.4
1.7
2.5
1.7
0.7
1.0
0.9
1.4
1.5
1.2
0.8
0.3
0.3
1.1
1.6
1.3
2.3
2.0
1.7
0.5
-0.4
-0.5
0.2
0.2
0.3
0.3
-0.7
-0.5
-0.6
-0.6
-0.6
-0.5
1.4
1.6
1.3
0.1
1.2
1.5
1.8
0.8
0.1
0.4
0.5
0.2
0.6
0.3
-0.1
0.3
0.0
0.5
1.5
1.2
1.5
1.6
2.3
2.5
2.0
0.5
1.9
1.0
0.0
-0.1
-0.2
0.8
0.8
1.1
1.3
1.8
1.2
2.6
1.9
0.9
0.1
0.8
0.9
1.5
1.5
1.3
1.1
0.4
0.9
0.5
-0.4
-0.3
0.8
1.4
0.8
1.6
1.4
1.9
1.1
0.5
0.8
0.7
-0.4
0.1
0.1
0.4
0.8
1.2
0.2
0.8
0.9
1.1
1.3
0.6
0.4
0.9
0.0
-1.0
-0.1
-0.7
0.0
-0.3
0.2
0.9
1.2
0.2
0.1
0.3
0.4
0.0
-0.7
-1.9
-1.3
-1.5
0.5
0.6
0.8
0.7
0.3
-1.0
-0.5
-0.5
-1.2
-0.8
-2.1
-1.9
-0.8
0.0
0.5
1.0
0.4
1.1
1.0
0.3
0.3
-0.4
-1.0
-1.2
-0.7
-0.4
0.6
0.3
1.3
0.3
0.4
0.0
1.4
0.8
0.1
-0.1
-0.1
0.5
-0.8
-1.6
-1.3
-1.1
0.3
-0.4
0.1
0.0
0.1
-0.2
-0.7
-0.6
-1.1
0.6
0.9
0.9
0.1
0.0
-1.2
-0.7
-0.5
0.7
0.3
0.2
-0.3
0.2
-0.5
-0.9
0.0
0.0
-0.1
0.3
0.3
0.0
-0.5
-0.6
-0.8
0.8
0.2
0.6
0.3
0.6
0.8
0.4
0.0
0.1
0.3
0.5
-0.6
0.0
-0.9
-0.7
-0.6
0.6
-0.2
-0.5
-1.0
-0.1
0.2
-0.1
-0.6
-0.6
-0.8
-1.6
-2.2
-2.1
-0.8
-0.7
0.0
-0.5
-0.7
-1.3
-0.9
-1.1
-0.2
-0.8
-1.1
-1.3
0.0
-0.1
-0.2
-0.1
-0.7
-0.9
-0.5
-0.7
0.3
-0.7
-0.8
-1.3
-1.1
-1.9
-1.1
-0.8
0.1
0.0
-0.8
-1.0
-1.3
-0.8
-1.1
-0.9
-0.9
-0.5
0.0
-1.0
-1.2
-1.5
-0.7
-0.6
-0.6
-0.4
-0.3
0.1
0.0
0.9
1.2
1.1
1.0
1.3
1.5
0.8
0.6
0.7
1.3
0.3
0.7
0.9
0.7
1.1
0.2
0.8
0.0
0.3
0.5
0.0
1.3
0.8
1.2
0.6
0.2
-0.4
-1.4
-2.0
-0.8
-0.5
-0.5
-1.2
-1.6
-1.2
-0.1
-0.2
0.4
1.1
0.6
-0.2
-1.3
-1.3
-0.8
-0.8
-0.7
-0.4
-1.0
-0.6
-1.2
-0.8
-0.7
0.2
0.7
-0.1
-0.5
0.1
0.7
0.6
-0.3
-1.3
-1.4
-1.8
-0.5
-1.0
-1.0
-1.4
-0.7
-0.6
-0.6
-1.0
-0.3
-0.6
-2.0
-2.3
-1.8
-0.7
-0.3
-0.5
-1.1
-1.2
-1.0
-1.6
-1.9
-1.6
-1.0
-1.2
-0.9
-0.9
-1.4
-1.4
-1.9
-2.0
-1.2
-1.7
-1.3
-1.6
-1.7
-0.7
-1.5
-1.3
-1.8
-1.7
-2.0
-1.7
-2.0
-1.4
-1.1
-1.3
-1.8
-2.2
-2.3
-1.5
-1.3
-0.6
-0.4
-1.0
-1.2
-1.2
-1.1
-0.9
-2.2
-2.0
-1.5
-0.4
-0.9
-1.1
-0.9
-2.3
-2.0
-1.8
-0.9
-0.4
-0.4
-0.3
-0.5
-0.5
-0.7
-0.7
-0.2
-1.4
-1.7
-0.8
-1.1
-1.1
-1.1
-1.7
-1.6
-1.0
-1.3
-1.8
-2.5
-2.7
-2.4
-2.5
-1.8
-1.3
-1.5
-1.7
-2.7
-2.3
-2.0
-1.7
-1.2
-2.5
-3.1
-2.3
-1.8
-0.8
-0.7
-0.7
-0.3
-1.3
-1.7
-2.1
-2.5
-2.8
-3.6
-3.5
-1.5
-1.5
-2.1
-2.9
-2.7
-2.4
-2.0
-1.7
-0.7
0.0
-1.3
-1.2
-1.0
-1.7
-2.0
-2.0
-0.9
0.1
-0.5
-0.1
0.0
-1.1
-1.8
-1.8
-1.6
-1.3
-1.1
-1.2
-1.2
-1.7
-1.6
-1.0
-0.9
-2.0
-1.5
-0.7
-1.6
-2.5
-3.7
-3.4
-2.9
-2.4
-2.2
-0.9
0.1
0.6
0.6
-1.0
-1.7
-1.4
-1.2
-0.7
-1.2
-1.2
-2.0
-1.2
-1.4
-1.5
-1.5
-1.3
-1.1
-2.2
-2.7
-2.4
-1.9
-1.5
-0.9
-1.3
-1.7
-2.6
-2.2
-2.5
-2.8
-2.8
-1.9
-2.3
-2.2
-2.1
-1.5
-1.6
-2.2
-1.1
-0.2
0.6
0.5
-0.1
0.8
0.7
-0.2
-0.3
-1.3
-1.3
-1.5
-1.7
-1.3
-0.9
-0.7
0.0
-0.6
0.1
0.6
1.9
1.2
1.3
1.7
0.1
-0.9
-3.7
-3.7
-2.2
-1.4
-0.7
-1.4
-1.8
-2.8
-3.0
-2.6
-2.4
-2.6
-2.3
-1.8
-1.0
-1.3
-0.6
-1.4
-1.0
-1.1
-1.0
-0.9
-0.9
-1.0
-0.1
-0.7
-1.0
-2.2
-1.3
-2.2
-2.2
-2.5
-2.1
-1.3
-1.2
-2.8
-2.3
-1.7
-1.6
-0.6
-0.9
-0.5
0.1
-0.6
-1.3
-1.3
-1.4
-0.8
-0.7
-0.7
-1.1
-0.9
-1.4
-2.0
-1.2
-1.0
-0.8
-0.4
-0.8
-0.8
-1.3
-1.9
-1.3
-1.7
-1.4
-1.1
-0.9
-0.6
-1.1
-0.5
-0.5
-1.1
-1.5
-2.3
-3.5
-3.1
-3.7
-3.0
-3.0
-2.1
0.1
1.2
0.8
-1.0
-1.8
-2.2
-3.5
-3.4
-3.6
-3.2
-3.2
-1.4
-1.4
-0.7
-0.9
-0.5
-0.1
-1.1
-1.8
-2.8
-3.4
-2.9
-1.8
-1.5
-0.7
-0.5
-1.2
-1.4
-2.4
-2.9
-2.9
-3.3
-2.2
-2.4
-2.9
-3.2
-1.7
-0.7
-0.4
-0.9
-1.5
-1.8
-1.5
-1.5
-1.1
-0.7
-1.0
-1.8
-1.6
-1.3
-1.9
-3.0
-2.2
-2.5
-2.0
-2.2
-1.2
-0.7
-0.5
-1.0
0.2
-0.8
-1.6
-2.9
-2.8
-2.2
-2.4
-2.7
-1.6
-1.0
-0.5
-0.8
-2.2
-2.7
-2.6
-2.3
-2.6
-2.8
-2.3
-1.9
-1.2
-2.2
-1.8
-2.2
-2.1
-1.2
-1.4
-2.4
-2.7
-3.3
-2.9
-2.2
-1.6
-1.5
-0.7
-0.1
-0.6
-0.8
-1.7
-1.0
-1.0
-1.7
-2.7
-1.8
-0.5
1.1
1.3
0.8
-0.2
-1.9
-1.3
-0.9
-0.7
-0.5
0.5
1.8
2.5
2.6
1.6
0.7
-0.1
0.6
0.1
0.7
-0.6
-1.0
-0.5
-0.1
-0.4
-1.5
-1.6
0.2
0.8
1.6
0.3
0.1
-0.6
-1.3
-1.6
-2.3
-2.5
-2.9
-3.0
-1.9
-3.2
-1.9
-0.8
-0.4
-0.5
-2.5
-3.8
-4.6
-4.3
-3.9
-1.4
0.2
0.0
0.0
-1.6
-1.7
-1.8
-3.4
-3.2
-3.5
-1.8
-0.8
-1.1
-1.2
-1.9
-3.1
-4.0
-2.2
-0.7
-0.6
-1.4
-2.1
-3.2
-2.8
-3.2
-2.2
-1.7
-1.2
-0.8
0.4
-0.8
-2.3
-2.4
-1.2
0.2
-1.2
-1.0
-1.1
-0.5
0.7
0.5
0.0
-0.1
-0.9
-0.9
-1.4
-0.6
-0.1
0.2
0.2
0.6
0.3
0.1
-0.5
0.0
0.3
0.8
0.8
2.0
1.8
1.7
1.2
1.6
0.6
-0.4
-1.3
-0.2
0.0
0.5
0.8
0.6
0.5
0.5
0.1
-0.2
-1.0
-2.0
-1.5
-1.7
-2.0
-1.2
-0.7
0.3
0.1
-0.3
-1.5
-1.5
-1.7
-1.7
-1.8
-1.7
-1.1
0.0
-1.0
-1.2
-0.7
0.1
0.2
1.1
1.2
0.8
1.0
0.3
0.5
0.7
0.7
-0.1
0.1
-0.7
-1.0
-0.9
-1.5
-1.3
-2.3
-2.3
-2.7
-2.1
-2.0
-1.6
-1.9
-1.3
-1.9
-2.4
-2.9
-4.2
-4.1
-3.4
-2.4
-1.9
-1.5
-0.7
-1.1
-1.6
-2.5
-2.4
-3.2
-4.1
-4.0
-3.8
-2.7
-2.7
-2.7
-3.1
-2.7
-2.4
-1.8
-2.4
-3.2
-2.7
-3.3
-2.5
-2.5
-2.0
-1.5
-1.7
-1.9
-1.7
-2.6
-2.2
-2.8
-2.1
-2.0
-1.6
-1.2
-2.6
-3.5
-4.3
-3.0
-2.7
-1.3
-0.5
-1.1
-1.7
-2.2
-2.7
-2.2
-2.2
-2.8
-2.9
-2.4
-1.8
-1.8
-2.0
-1.3
-0.5
-0.9
-1.6
-2.5
-1.6
-2.7
-3.0
-2.6
-0.8
-0.7
-0.5
-0.8
-0.8
-1.5
-1.8
-2.0
-1.7
-1.6
-1.1
-0.9
-1.3
-2.5
-2.2
-1.5
-1.8
-2.2
-2.2
-2.6
-1.8
-2.8
-1.9
-2.3
-1.8
-2.1
-2.2
-1.1
-2.0
-1.3
-0.8
-0.6
-0.4
-0.5
-1.4
-1.9
-1.6
-1.2
-1.0
-0.1
-0.3
-0.7
-0.4
-0.9
-0.7
-0.3
-0.4
-0.4
-0.8
0.2
0.3
0.2
0.0
-1.3
-1.5
-2.1
-1.1
-0.6
-0.1
-0.4
-0.2
-0.4
-1.3
-1.3
-1.9
-1.4
-1.2
-1.5
-2.2
-1.3
-0.8
-1.0
-0.3
-0.8
0.0
0.0
-0.8
-1.2
-0.5
-0.1
-1.7
-1.5
0.0
-0.3
0.2
0.1
1.3
1.2
0.1
-0.6
-0.7
-0.8
-1.3
0.2
0.8
0.0
-0.3
-2.0
-1.4
-2.2
-2.4
-1.5
-2.1
-2.9
-2.7
-1.9
-0.9
-1.0
-1.6
-1.4
-1.4
-1.0
-1.8
-2.2
-2.9
-2.8
-2.0
-1.0
-1.8
-2.1
-2.0
-2.3
-1.9
-2.6
-3.0
-4.0
-4.0
-3.6
-2.7
-1.9
-1.6
-2.1
-1.0
-1.5
-0.9
-1.3
-1.8
-1.5
-0.9
-0.9
-1.7
-2.2
-2.2
-1.0
-1.3
-0.8
-1.7
-0.8
-1.3
-1.7
-0.4
-0.2
1.2
0.9
1.2
0.0
-0.3
-1.0
-1.8
-1.8
-2.5
-1.0
-1.0
-0.5
0.2
0.5
0.2
-0.4
-0.1
-1.2
-1.3
-2.0
-2.0
-1.7
-2.1
-1.4
-2.0
-1.6
-1.2
-1.3
-0.4
-0.3
-1.6
-2.3
-3.5
-4.0
-3.7
-3.9
-3.4
-1.1
0.0
-0.2
-1.1
-1.7
-1.9
-2.4
-2.8
-3.1
-2.8
-2.7
-2.5
-2.5
-2.7
-2.7
-2.6
-2.7
-2.9
-2.9
-1.3
-1.0
-0.6
-1.3
-1.9
-2.1
-2.0
-2.6
-2.8
-3.8
-2.0
-1.0
-1.3
-2.5
-2.5
-2.7
-1.5
-2.3
-2.3
-2.0
-1.9
-1.5
-1.0
-1.0
-1.4
-1.8
-1.3
-1.6
-0.7
-0.8
-0.1
-0.6
-0.8
-0.5
-1.1
-1.0
-1.3
-2.4
-2.3
-2.7
-2.5
-1.8
-2.3
-2.6
-1.2
-0.8
-1.4
-2.2
-1.0
-0.6
-0.4
-1.0
-0.6
0.9
-0.4
-0.8
-1.4
-0.4
-2.9
-0.6
-2.0
-1.6
-2.5
-2.8
-0.1
-1.7
-0.6
-0.7
-2.7
-0.6
-2.2
-0.2
-0.6
-2.1
-0.1
-2.7
-2.2
-3.5
-3.4
-2.2
-3.6
-3.3
-2.2
-2.5
-2.0
-1.6
-1.3
-0.2
-0.1
-1.5
-1.3
-3.3
-2.0
-2.6
-0.9
-1.7
-2.2
-1.9
-3.1
-2.9
-3.3
-2.4
-1.7
-1.8
-1.8
-2.4
-1.7
-3.7
-2.3
-3.5
-4.1
-3.0
-2.1
-0.7
-1.9
-2.2
-2.3
-2.7
-1.3
-2.2
-2.3
-1.7
-3.1
-2.8
-3.7
-3.8
-3.9
-2.7
-3.5
-3.9
-3.8
-4.0
-2.5
-3.3
-5.2
-1.9
-4.5
-4.1
-4.7
-4.7
-3.2
-4.2
-3.5
-3.7
-4.2
-4.2
-5.4
-4.7
-5.1
-3.5
-3.2
-3.7
-3.6
-3.9
-3.4
-4.9
-5.1
-4.7
-5.0
-4.3
-3.9
-6.2
-6.4
-7.5
-8.1
-7.1
-5.6
-6.1
-6.1
-6.6
-5.9
-6.4
-6.2
-5.5
-4.8
-5.5
-6.6
-7.6
-6.8
-5.9
-5.4
-4.1
-3.9
-3.0
-3.4
-4.2
-4.5
-5.1
-5.2
-4.2
-5.8
-6.1
-5.8
-5.5
-3.5
-3.8
-3.2
-3.1
-2.8
-2.9
-3.8
-4.3
-4.2
-4.2
-3.3
-4.4
-3.9
-4.4
-4.7
-4.9
-5.0
-5.5
-4.2
-3.6
-4.0
-3.2
-4.4
-4.0
-3.9
-4.2
-4.3
-3.3
-3.2
-1.3
-2.0
-1.5
-3.4
-2.5
-3.2
-3.5
-3.9
-3.3
-2.7
-2.2
-3.8
-3.9
-3.5
-2.9
-4.4
-2.5
-2.8
-1.8
-2.2
-3.5
-3.2
-2.8
-3.2
-4.3
-5.1
-5.5
-5.9
-4.6
-3.9
-4.5
-4.1
-4.3
-4.7
-3.5
-4.0
-3.5
-4.8
-4.2
-4.5
-3.0
-2.5
-4.0
-4.3
-4.8
-4.8
-4.0
-5.1
-3.2
-5.0
-4.5
-5.3
-5.3
-5.6
-4.2
-3.7
-3.9
-4.3
-6.7
-7.4
-9.4
-11.3
-12.9
-14.3
-15.6
-17.0
-18.0
-19.1
-19.8
-20.0
-20.7
-20.6
-21.9
-21.9
-22.6
-23.3
-23.7
-24.6
-25.8
-26.9
-27.1
-27.3
-28.5
-29.3
-30.7
-30.8
-31.5
-33.4
-33.6
-35.0
-36.2
-37.2
-37.9
-37.8
-38.0
-38.7
-39.5
-41.1
-42.4
-42.1
-45.3
-44.9
-45.7
-45.5
-46.1
-47.3
-48.1
-48.0
-48.8
-51.1
-50.6
-53.3
-52.6
-53.2
-54.3
-54.8
-56.6
-58.5
-58.8
-59.5
-59.0
-59.3
-58.5
-59.6
-60.3
-62.3
-62.9
-63.5
-64.4
-65.7
-65.8
-65.4
-65.4
-65.3
-65.0
-66.8
-67.9
-66.5
-66.0
-64.2
-64.5
-65.2
-65.7
-65.9
-65.5
-64.2
-64.0
-64.6
-64.2
-64.1
-64.3
-64.5
-64.6
-63.9
-64.0
-64.0
-64.4
-63.9
-64.4
-63.7
-63.3
-62.1
-61.9
-61.7
-62.0
-61.7
-61.3
-61.4
-60.7
-60.4
-60.1
-59.9
-60.1
-60.0
-60.4
-59.7
-60.0
-58.8
-59.9
-58.3
-59.2
-57.7
-57.8
-57.1
-57.1
-57.9
-58.2
-59.0
-58.8
-57.4
-55.2
-56.1
-55.0
-56.0
-56.0
-57.0
-56.9
-57.3
-57.4
-57.8
-57.5
-55.9
-57.7
-57.9
-59.5
-58.4
-59.0
-57.7
-57.2
-57.2
-56.7
-56.4
-55.7
-56.0
-55.7
-55.0
-55.0
-54.5
-53.8
-51.7
-50.4
-51.4
-51.2
-52.1
-53.0
-52.8
-51.7
-50.2
-48.3
-48.1
-47.9
-48.2
-47.6
-47.7
-46.7
-47.6
-47.4
-48.0
-48.5
-46.9
-46.6
-46.2
-45.7
-46.1
-45.5
-45.3
-45.7
-45.7
-46.7
-45.8
-45.2
-44.3
-42.9
-42.2
-42.2
-43.4
-44.7
-45.8
-44.4
-43.9
-43.8
-42.9
-42.9
-41.8
-40.5
-40.1
-40.5
-41.3
-41.0
-41.1
-41.5
-42.6
-42.5
-41.5
-41.8
-41.4
-41.3
-40.6
-39.6
-38.6
-37.7
-37.4
-36.7
-38.5
-38.8
-39.9
-40.7
-41.2
-40.0
-41.2
-40.1
-40.3
-41.5
-40.7
-40.6
-40.2
-39.5
-38.8
-38.8
-38.9
-38.4
-37.8
-37.5
-37.4
-36.8
-37.1
-35.4
-35.9
-37.3
-37.1
-36.0
-37.2
-37.0
-37.2
-35.6
-34.3
-34.2
-35.4
-34.3
-34.9
-33.3
-32.4
-33.3
-33.4
-34.0
-32.2
-32.3
-33.5
-33.0
-33.2
-32.4
-33.3
-32.8
-31.6
-31.0
-31.1
-31.5
-32.0
-31.1
-31.1
-30.1
-30.7
-31.2
-32.0
-32.9
-31.7
-32.4
-31.2
-30.7
-31.0
-31.1
-31.4
-31.3
-31.5
-31.9
-31.7
-31.9
-32.5
-33.5
-32.8
-33.9
-33.5
-33.6
-33.5
-34.2
-33.9
-35.5
-35.5
-35.6
-35.8
-36.3
-35.6
-35.9
-36.0
-36.4
-37.5
-37.6
-38.2
-38.8
-39.1
-38.5
-39.0
-39.4
-39.5
-40.8
-38.9
-39.5
-39.1
-40.0
-40.4
-40.3
-40.2
-41.2
-41.1
-40.8
-42.2
-42.2
-43.4
-43.5
-43.5
-43.9
-43.1
-42.8
-44.1
-44.7
-45.8
-46.4
-46.5
-46.9
-47.3
-46.5
-47.0
-46.1
-47.1
-48.8
-48.6
-49.0
-47.6
-48.3
-49.7
-48.7
-47.5
-47.8
-46.6
-47.7
-48.7
-48.7
-47.0
-47.8
-50.2
-48.4
-48.9
-47.8
-47.8
-48.7
-47.1
-48.5
-50.8
-48.9
-47.9
-48.3
-48.4
-46.1
-47.2
-49.4
-51.2
-50.2
-49.9
-48.2
-48.4
-48.2
-50.8
-52.3
-49.9
-49.6
-51.0
-51.3
-51.3
-51.9
-51.0
-51.3
-48.8
-50.5
-49.8
-51.9
-52.3
-52.8
-53.0
-52.0
-52.6
-53.0
-53.3
-50.9
-52.6
-52.4
-53.6
-53.8
-54.7
-54.9
-55.0
-53.4
-54.4
-54.8
-53.9
-53.8
-53.9
-54.5
-55.0
-57.0
-56.9
-54.8
-55.2
-56.4
-56.7
-58.0
-57.1
-57.9
-58.7
-57.8
-58.3
-59.3
-60.5
-61.0
-60.6
-60.9
-60.6
-61.5
-61.8
-63.4
-63.5
-63.0
-62.6
-62.6
-63.8
-64.1
-63.9
-63.2
-62.7
-61.5
-62.9
-62.8
-63.9
-62.1
-62.2
-61.3
-61.4
-61.5
-61.3
-61.3
-61.9
-61.4
-61.2
-60.1
-60.7
-61.2
-61.1
-62.4
-60.2
-63.6
-62.0
-62.6
-62.6
-62.0
-61.9
-62.7
-63.0
-63.1
-62.7
-62.9
-62.9
-63.5
-63.0
-61.9
-62.2
-62.8
-63.4
-63.9
-63.4
-62.4
-61.4
-61.8
-62.8
-63.5
-63.2
-63.1
-62.5
-62.9
-62.7
-63.1
-64.2
-65.3
-66.1
-66.5
-68.7
-71.2
-71.7
-72.4
-71.4
-71.8
-71.5
-73.1
-74.1
-74.7
-73.1
-74.4
-74.5
-75.9
-74.9
-73.9
-74.9
-73.6
-73.1
-74.4
-75.3
-74.8
-73.8
-74.0
-73.7
-74.1
-72.9
-73.9
-73.6
-73.4
-73.5
-75.1
-75.0
-75.0
-74.0
-75.5
-74.9
-74.3
-73.6
-73.4
-74.6
-75.0
-75.7
-75.1
-74.8
-74.7
-74.2
-74.3
-74.7
-74.7
-74.4
-75.0
-74.6
-73.4
-73.8
-73.0
-72.5
-73.1
-73.8
-72.7
-74.1
-72.2
-73.7
-73.9
-73.4
-73.6
-74.0
-73.1
-72.8
-72.8
-73.3
-72.8
-72.9
-73.4
-72.6
-72.9
-71.4
-70.9
-70.3
-72.5
-73.0
-74.7
-74.2
-74.9
-74.8
-73.8
-73.0
-72.8
-72.1
-72.6
-72.9
-73.5
-73.8
-74.7
-75.6
-75.1
-73.8
-72.6
-72.9
-71.9
-71.2
-71.1
-70.8
-72.1
-71.9
-70.9
-73.4
-73.7
-73.8
-73.4
-72.9
-72.2
-71.5
-70.5
-71.2
-69.8
-70.2
-69.9
-71.3
-71.7
-71.8
-71.6
-72.6
-72.1
-72.1
-72.4
-71.2
-70.8
-71.3
-71.5
-72.6
-72.8
-71.9
-70.8
-70.8
-70.9
-70.8
-71.1
-71.6
-71.9
-72.8
-72.8
-72.2
-70.9
-70.6
-70.7
-70.1
-69.4
-70.6
-71.6
-73.4
-72.5
-72.5
-72.4
-72.3
-71.9
-71.4
-71.3
-71.1
-71.2
-71.2
-72.5
-71.8
-72.0
-70.9
-72.1
-72.4
-72.7
-71.5
-71.2
-71.3
-71.3
-71.9
-70.9
-71.8
-72.0
-72.5
-72.3
-72.5
-72.8
-72.6
-71.2
-71.9
-71.2
-71.0
-71.5
-71.8
-73.4
-73.2
-72.2
-73.3
-73.9
-73.8
-72.5
-73.3
-72.8
-73.6
-73.0
-72.6
-73.4
-73.9
-73.7
-74.0
-72.9
-73.1
-73.3
-74.5
-76.1
-76.3
-77.0
-77.4
-76.8
-77.0
-74.4
-74.5
-74.5
-74.8
-76.3
-76.6
-76.7
-77.8
-77.5
-77.7
-77.0
-77.6
-77.6
-77.6
-78.0
-77.5
-77.7
-77.8
-78.0
-78.0
-78.8
-78.5
-78.8
-79.7
-78.2
-80.2
-80.2
-80.8
-81.1
-80.6
-80.7
-81.1
-80.7
-80.8
-80.2
-80.5
-80.8
-80.7
-80.9
-80.3
-80.9
-81.3
-81.9
-82.3
-82.2
-81.7
-81.6
-81.9
-82.5
-82.7
-83.0
-82.8
-83.1
-83.5
-82.7
-82.4
-81.8
-82.9
-83.7
-83.6
-84.3
-84.8
-85.1
-85.5
-84.9
-85.3
-84.8
-84.9
-86.1
-86.7
-85.5
-84.5
-83.7
-83.6
-83.7
-83.6
-83.5
-83.8
-83.7
-84.5
-84.7
-85.5
-86.0
-85.3
-84.9
-84.4
-84.5
-86.6
-86.2
-86.3
-85.7
-85.4
-84.9
-85.3
-86.2
-86.2
-85.8
-85.9
-84.9
-84.6
-85.0
-85.5
-85.3
-85.4
-84.8
-86.4
-86.7
-86.5
-86.0
-85.4
-84.4
-83.9
-84.2
-85.6
-86.0
-86.7
-86.1
-85.4
-84.5
-84.2
-83.7
-83.9
-83.6
-84.2
-84.0
-84.3
-84.1
-83.3
-83.5
-83.0
-83.0
-83.6
-83.2
-82.7
-81.7
-81.9
-82.5
-83.5
-82.0
-81.3
-81.0
-80.4
-80.2
-80.0
-80.1
-80.8
-80.4
-81.2
-80.4
-79.6
-79.1
-78.4
-78.5
-78.2
-79.0
-80.5
-80.2
-79.5
-78.2
-78.3
-77.8
-77.8
-78.7
-79.5
-78.7
-79.0
-78.4
-78.3
-78.0
-77.3
-77.1
-77.2
-76.1
-76.2
-75.7
-76.1
-76.0
-76.1
-76.6
-76.3
-76.1
-76.4
-76.2
-75.3
-73.5
-73.0
-72.7
-73.1
-73.5
-72.9
-73.1
-72.2
-72.7
-72.1
-72.3
-71.7
-71.1
-71.0
-70.7
-71.2
-70.7
-71.8
-71.5
-72.3
-70.5
-69.7
-69.5
-68.5
-68.8
-68.2
-68.7
-69.1
-68.3
-69.5
-69.5
-69.6
-69.1
-68.8
-68.5
-68.9
-68.1
-67.5
-67.9
-67.8
-68.5
-68.5
-68.0
-67.8
-67.1
-67.3
-66.8
-66.4
-65.7
-65.1
-64.9
-64.5
-64.1
-62.9
-63.2
-63.0
-62.2
-61.4
-60.7
-61.5
-61.6
-61.7
-61.2
-61.1
-60.3
-59.8
-59.2
-59.9
-59.7
-60.0
-59.7
-59.8
-59.2
-58.9
-58.6
-58.5
-58.0
-58.1
-57.8
-58.0
-58.1
-57.4
-58.0
-56.9
-57.0
-56.5
-56.7
-55.9
-54.5
-55.1
-55.4
-56.6
-56.7
-56.4
-54.6
-53.6
-52.9
-53.7
-54.4
-54.5
-55.0
-55.2
-54.9
-54.5
-53.2
-52.8
-52.2
-52.2
-52.4
-52.1
-52.5
-52.1
-51.8
-51.5
-49.8
-50.2
-50.1
-50.2
-50.5
-51.0
-50.7
-50.2
-49.5
-50.4
-50.0
-50.8
-50.2
-49.9
-49.7
-49.3
-48.4
-48.8
-48.1
-48.1
-48.2
-48.4
-48.6
-48.2
-47.8
-46.6
-46.5
-46.2
-46.1
-47.5
-48.2
-48.5
-47.9
-47.2
-46.7
-45.9
-45.6
-45.0
-45.7
-45.5
-46.0
-44.9
-44.3
-44.2
-44.3
-44.3
-44.9
-45.1
-45.5
-45.1
-45.0
-44.2
-43.5
-42.5
-43.5
-43.3
-43.4
-42.9
-43.1
-44.7
-44.6
-43.9
-43.2
-42.0
-42.4
-42.6
-44.3
-44.3
-43.4
-42.7
-42.1
-43.1
-43.5
-44.1
-43.6
-42.6
-41.6
-40.9
-41.1
-40.9
-41.1
-41.6
-40.9
-39.9
-39.5
-39.9
-39.5
-40.6
-40.3
-40.1
-40.7
-40.8
-41.0
-41.3
-40.2
-40.2
-40.1
-40.9
-41.2
-40.4
-39.7
-39.0
-38.5
-38.2
-37.5
-37.7
-37.2
-36.9
-36.2
-35.3
-34.9
-35.1
-36.6
-36.5
-36.2
-35.1
-35.3
-35.7
-36.0
-36.9
-36.2
-36.2
-35.6
-35.3
-35.7
-35.6
-35.7
-35.7
-35.0
-35.4
-35.4
-35.4
-35.7
-35.8
-35.9
-36.1
-36.2
-36.5
-37.2
-36.8
-37.6
-37.0
-36.2
-34.7
-35.0
-35.3
-35.0
-36.3
-36.6
-36.9
-36.0
-34.3
-33.6
-33.2
-32.6
-34.0
-35.1
-36.1
-36.1
-35.2
-33.9
-32.7
-33.2
-32.9
-34.0
-34.6
-35.6
-35.5
-36.7
-36.0
-35.8
-34.1
-34.4
-32.8
-33.2
-32.8
-32.3
-31.6
-29.4
-32.7
-32.1
-34.3
-34.6
-33.7
-32.8
-32.0
-33.0
-32.2
-33.0
-31.6
-30.9
-31.9
-30.5
-30.8
-30.2
-29.3
-28.2
-28.5
-27.8
-28.3
-28.6
-28.4
-29.8
-30.3
-30.7
-28.4
-29.8
-29.2
-30.0
-28.3
-28.7
-29.0
-28.9
-29.2
-29.5
-28.5
-28.0
-27.8
-28.0
-29.1
-29.3
-29.6
-29.5
-28.1
-27.3
-27.8
-26.4
-26.5
-25.6
-25.9
-26.5
-26.5
-26.8
-25.1
-24.4
-24.0
-25.1
-25.1
-25.8
-26.8
-27.0
-26.0
-25.8
-25.5
-25.2
-25.1
-25.6
-25.6
-24.7
-24.9
-24.5
-24.8
-24.6
-22.9
-23.2
-22.7
-22.7
-22.7
-22.7
-23.0
-22.5
-23.1
-22.3
-21.3
-20.9
-20.6
-21.0
-21.0
-20.9
-20.9
-20.3
-20.1
-19.4
-20.4
-20.0
-19.4
-18.6
-17.9
-17.3
-15.9
-15.2
-16.4
-17.3
-18.4
-16.5
-17.3
-15.9
-17.0
-16.9
-16.7
-16.9
-16.7
-16.4
-16.4
-15.9
-16.7
-16.2
-16.3
-15.5
-16.6
-17.8
-18.0
-17.6
-17.5
-16.5
-15.9
-16.1
-16.6
-17.2
-16.8
-16.3
-15.5
-16.6
-16.4
-16.4
-15.9
-15.6
-15.5
-14.7
-15.1
-15.4
-14.3
-13.8
-12.9
-13.1
-13.0
-12.8
-13.1
-13.5
-13.7
-13.5
-13.3
-14.7
-13.9
-14.4
-14.3
-14.2
-14.2
