-1.9
-1.9
-1.8
-1.9
-1.9
-1.9
-1.9
-2.0
-2.2
-2.3
-2.4
-2.5
-2.6
-2.6
-2.6
-2.5
-2.4
-2.3
-2.1
-2.0
-1.9
-1.9
-1.8
-1.8
-1.9
-2.0
-2.1
-2.2
-2.3
-2.3
-2.4
-2.4
-2.4
-2.2
-2.1
-1.9
-1.7
-1.5
-1.3
-1.2
-1.1
-1.1
-1.1
-1.2
-1.3
-1.5
-1.7
-1.8
-2.0
-2.2
-2.4
-2.5
-2.5
-2.4
-2.3
-2.1
-2.0
-1.8
-1.7
-1.6
-1.6
-1.7
-1.8
-2.0
-2.2
-2.3
-2.4
-2.5
-2.5
-2.5
-2.5
-2.5
-2.4
-2.4
-2.4
-2.4
-2.4
-2.4
-2.4
-2.5
-2.6
-2.7
-2.8
-2.9
-3.0
-3.1
-3.1
-3.2
-3.3
-3.3
-3.3
-3.3
-3.3
-3.4
-3.5
-3.6
-3.7
-3.8
-3.9
-4.0
-4.1
-4.2
-4.2
-4.3
-4.3
-4.5
-4.5
-4.6
-4.6
-4.7
-4.8
-4.9
-4.9
-5.0
-5.1
-5.2
-5.2
-5.2
-5.2
-5.1
-5.1
-5.0
-4.9
-4.8
-4.7
-4.7
-4.8
-4.9
-5.0
-5.1
-5.3
-5.4
-5.4
-5.5
-5.6
-5.6
-5.6
-5.6
-5.5
-5.4
-5.2
-5.0
-4.9
-4.8
-4.7
-4.6
-4.5
-4.5
-4.6
-4.7
-4.8
-4.8
-4.8
-4.8
-4.7
-4.7
-4.7
-4.7
-4.7
-4.7
-4.7
-4.8
-4.8
-4.8
-4.7
-4.6
-4.5
-4.4
-4.3
-4.2
-4.2
-4.1
-4.1
-4.1
-4.1
-4.1
-4.1
-4.0
-4.0
-3.9
-3.9
-3.9
-3.9
-3.9
-3.9
-3.9
-3.8
-3.7
-3.7
-3.7
-3.7
-3.7
-3.8
-3.8
-3.7
-3.7
-3.5
-3.4
-3.1
-2.9
-2.7
-2.6
-2.5
-2.4
-2.4
-2.3
-2.2
-2.2
-2.2
-2.2
-2.2
-2.2
-2.1
-2.1
-2.1
-2.1
-2.0
-2.0
-2.0
-2.0
-2.0
-2.0
-2.0
-1.9
-1.9
-1.9
-1.9
-1.8
-1.8
-1.9
-1.9
-2.0
-2.0
-2.1
-2.2
-2.4
-2.5
-2.6
-2.6
-2.7
-2.7
-2.8
-2.8
-2.9
-2.9
-2.9
-2.9
-3.0
-3.0
-3.1
-3.1
-3.1
-3.1
-3.2
-3.2
-3.2
-3.2
-3.2
-3.3
-3.4
-3.5
-3.5
-3.6
-3.7
-3.8
-3.9
-3.9
-4.0
-4.1
-4.2
-4.3
-4.3
-4.4
-4.5
-4.5
-4.5
-4.5
-4.5
-4.5
-4.5
-4.6
-4.6
-4.6
-4.6
-4.6
-4.6
-4.6
-4.7
-4.7
-4.8
-4.8
-4.8
-4.8
-4.8
-4.8
-4.9
-4.8
-4.8
-4.9
-4.9
-4.9
-5.0
-5.0
-5.0
-5.1
-5.1
-5.2
-5.2
-5.1
-5.0
-4.9
-4.8
-4.7
-4.6
-4.4
-4.2
-4.1
-4.0
-4.1
-4.1
-4.2
-4.1
-4.1
-4.1
-4.1
-4.0
-4.0
-4.0
-4.0
-4.1
-4.1
-4.1
-4.3
-4.5
-4.6
-4.6
-4.4
-4.3
-4.3
-4.4
-4.3
-4.4
-4.4
-4.5
-4.6
-4.7
-4.8
-4.9
-5.1
-5.2
-5.3
-5.3
-5.2
-5.1
-4.9
-4.7
-4.5
-4.2
-3.9
-3.7
-3.5
-3.5
-3.5
-3.6
-3.6
-3.7
-3.7
-3.7
-3.7
-3.7
-3.6
-3.5
-3.5
-3.5
-3.6
-3.6
-3.7
-3.8
-3.9
-3.9
-3.9
-3.9
-3.8
-3.8
-3.7
-3.6
-3.5
-3.4
-3.3
-3.2
-3.1
-3.1
-3.0
-3.0
-3.0
-3.0
-3.0
-3.1
-3.1
-3.1
-3.0
-3.0
-3.0
-3.0
-2.9
-2.9
-2.9
-2.9
-3.0
-3.0
-3.0
-3.0
-3.0
-2.9
-2.9
-2.9
-2.9
-2.9
-2.8
-2.8
-2.8
-2.8
-2.8
-2.8
-2.9
-2.9
-3.0
-3.0
-3.1
-3.2
-3.3
-3.4
-3.5
-3.6
-3.7
-3.8
-3.9
-4.0
-4.1
-4.1
-4.1
-4.0
-4.0
-3.9
-3.8
-3.7
-3.7
-3.6
-3.7
-3.7
-3.7
-3.6
-3.5
-3.5
-3.5
-3.4
-3.4
-3.3
-3.4
-3.4
-3.5
-3.5
-3.5
-3.4
-3.4
-3.3
-3.2
-3.1
-3.0
-3.1
-3.1
-3.2
-3.3
-3.3
-3.4
-3.5
-3.6
-3.6
-3.6
-3.5
-3.5
-3.6
-3.7
-3.6
-3.5
-3.5
-3.4
-3.4
-3.4
-3.5
-3.6
-3.7
-3.9
-4.1
-4.3
-4.5
-4.6
-4.6
-4.6
-4.5
-4.3
-4.1
-4.0
-4.0
-4.0
-3.9
-3.8
-3.6
-3.5
-3.2
-2.8
-2.5
-2.4
-2.3
-2.3
-2.2
-2.3
-2.5
-2.7
-2.8
-2.8
-2.7
-2.7
-2.6
-2.6
-2.6
-2.6
-2.6
-2.6
-2.7
-2.8
-2.9
-3.0
-3.1
-3.2
-3.3
-3.5
-3.7
-3.8
-4.0
-4.2
-4.4
-4.5
-4.5
-4.5
-4.4
-4.3
-4.1
-3.9
-3.7
-3.6
-3.5
-3.4
-3.5
-3.5
-3.5
-3.6
-3.7
-3.7
-3.8
-3.8
-3.8
-3.7
-3.7
-3.7
-3.7
-3.8
-3.8
-3.9
-3.9
-3.9
-4.0
-4.1
-4.2
-4.4
-4.5
-4.7
-4.8
-4.9
-5.0
-5.1
-5.1
-5.2
-5.2
-5.1
-5.1
-5.1
-5.0
-5.0
-4.9
-4.8
-4.7
-4.7
-4.7
-4.6
-4.6
-4.6
-4.5
-4.5
-4.5
-4.4
-4.3
-4.2
-4.1
-4.1
-4.0
-3.9
-3.9
-3.9
-3.8
-3.7
-3.6
-3.5
-3.4
-3.3
-3.3
-3.2
-3.1
-3.0
-2.9
-2.7
-2.5
-2.2
-1.9
-1.6
-1.3
-1.0
-0.8
-0.6
-0.4
-0.3
-0.2
-0.1
0.0
0.0
-0.1
-0.2
-0.3
-0.3
-0.3
-0.3
-0.2
-0.2
-0.2
-0.2
-0.2
-0.2
-0.3
-0.5
-0.7
-0.9
-1.0
-1.1
-1.2
-1.2
-1.2
-1.2
-1.3
-1.3
-1.3
-1.3
-1.4
-1.5
-1.6
-1.7
-1.7
-1.8
-1.8
-1.8
-1.7
-1.7
-1.7
-1.7
-1.7
-1.6
-1.5
-1.6
-1.7
-1.6
-1.5
-1.3
-1.3
-1.4
-1.5
-1.5
-1.4
-1.3
-1.2
-1.1
-1.0
-0.9
-0.8
-0.7
-0.7
-0.8
-0.9
-0.9
-0.9
-0.8
-0.7
-0.5
-0.3
-0.1
0.0
0.0
0.0
-0.1
-0.4
-0.5
-0.7
-0.8
-0.9
-0.9
-0.9
-0.9
-0.8
-0.8
-0.9
-0.9
-0.9
-0.8
-0.6
-0.4
-0.3
-0.3
-0.3
-0.4
-0.7
-1.0
-1.3
-1.6
-1.8
-1.9
-1.9
-1.7
-1.4
-1.1
-0.8
-0.4
0.0
0.2
0.4
0.6
0.8
1.0
1.1
1.2
1.2
1.3
1.3
1.3
1.2
1.3
1.3
1.3
1.3
1.4
1.4
1.5
1.5
1.5
1.4
1.3
1.2
1.1
1.0
1.0
0.9
0.9
0.8
0.8
0.8
0.9
1.0
1.0
1.0
1.0
1.1
1.2
1.2
1.2
1.0
0.9
0.8
0.8
0.8
0.6
0.6
0.6
0.6
0.7
0.7
0.7
0.6
0.5
0.4
0.3
0.2
0.1
0.1
0.0
0.0
0.0
0.0
0.0
0.0
0.0
0.0
0.0
-0.1
-0.1
-0.1
-0.1
-0.1
-0.2
-0.3
-0.3
-0.4
-0.6
-0.7
-0.7
-0.7
-0.6
-0.5
-0.4
-0.3
-0.2
-0.1
0.0
-0.1
-0.3
-0.7
-1.1
-1.6
-2.1
-2.5
-3.0
-3.4
-3.7
-3.9
-4.0
-4.1
-4.2
-4.2
-4.4
-4.6
-4.9
-5.1
-5.1
-5.1
-5.1
-5.0
-5.0
-4.8
-4.7
-4.5
-4.4
-4.4
-4.4
-4.5
-4.4
-4.4
-4.3
-4.2
-4.2
-4.2
-4.3
-4.3
-4.3
-4.4
-4.5
-4.6
-4.7
-4.6
-4.5
-4.5
-4.4
-4.4
-4.3
-4.2
-4.1
-4.1
-4.1
-4.0
-4.0
-4.0
-3.9
-3.9
-3.9
-3.8
-3.8
-3.8
-3.8
-3.8
-3.8
-3.8
-3.8
-3.8
-3.8
-3.8
-3.9
-4.0
-4.1
-4.1
-4.1
-4.1
-4.1
-4.0
-4.0
-3.8
-3.6
-3.4
-3.2
-3.1
-3.0
-3.0
-3.0
-3.1
-3.2
-3.2
-3.3
-3.4
-3.5
-3.6
-3.6
-3.6
-3.7
-3.8
-4.0
-4.1
-4.2
-4.3
-4.3
-4.4
-4.3
-4.3
-4.3
-4.3
-4.3
-4.3
-4.4
-4.5
-4.6
-4.7
-4.8
-4.8
-4.8
-4.7
-4.7
-4.7
-4.6
-4.6
-4.5
-4.5
-4.5
-4.6
-4.6
-4.8
-4.9
-5.0
-5.0
-5.0
-5.0
-5.0
-4.9
-4.8
-4.6
-4.5
-4.4
-4.4
-4.4
-4.4
-4.3
-4.4
-4.3
-4.3
-4.3
-4.3
-4.3
-4.3
-4.3
-4.3
-4.4
-4.4
-4.5
-4.5
-4.5
-4.6
-4.6
-4.7
-4.7
-4.8
-4.8
-4.8
-4.9
-4.9
-4.9
-4.9
-4.9
-4.9
-4.9
-4.9
-5.0
-5.1
-5.1
-5.1
-5.1
-5.2
-5.3
-5.3
-5.2
-5.1
-5.0
-4.9
-4.8
-4.6
-4.4
-4.2
-4.1
-4.0
-4.0
-4.1
-4.2
-4.2
-4.3
-4.3
-4.4
-4.4
-4.4
-4.5
-4.5
-4.5
-4.5
-4.5
-4.5
-4.6
-4.6
-4.6
-4.7
-4.7
-4.8
-4.8
-4.9
-4.9
-4.9
-4.9
-4.8
-4.8
-4.7
-4.7
-4.6
-4.5
-4.5
-4.4
-4.4
-4.4
-4.4
-4.4
-4.5
-4.5
-4.6
-4.6
-4.6
-4.7
-4.7
-4.7
-4.6
-4.6
-4.5
-4.5
-4.5
-4.5
-4.5
-4.5
-4.6
-4.6
-4.5
-4.5
-4.5
-4.6
-4.7
-4.7
-4.6
-4.5
-4.5
-4.4
-4.4
-4.3
-4.3
-4.2
-4.1
-4.0
-4.0
-4.0
-4.0
-3.9
-3.9
-3.9
-3.9
-4.0
-4.1
-4.2
-4.3
-4.4
-4.5
-4.5
-4.5
-4.4
-4.3
-4.2
-4.1
-4.1
-4.0
-4.0
-4.0
-4.0
-4.1
-4.2
-4.4
-4.6
-4.8
-4.9
-5.0
-5.0
-5.0
-4.8
-4.6
-4.5
-4.3
-4.2
-4.0
-3.9
-3.9
-3.9
-4.0
-3.9
-3.9
-3.8
-3.8
-3.8
-3.8
-3.7
-3.6
-3.6
-3.6
-3.6
-3.6
-3.6
-3.7
-3.7
-3.7
-3.7
-3.8
-3.8
-3.9
-4.0
-4.1
-4.2
-4.3
-4.4
-4.4
-4.4
-4.4
-4.3
-4.2
-4.1
-4.0
-4.0
-4.0
-4.0
-4.0
-3.9
-3.9
-3.8
-3.7
-3.6
-3.5
-3.4
-3.4
-3.4
-3.4
-3.5
-3.5
-3.6
-3.6
-3.6
-3.6
-3.6
-3.5
-3.5
-3.5
-3.4
-3.4
-3.4
-3.4
-3.4
-3.4
-3.5
-3.5
-3.5
-3.5
-3.5
-3.5
-3.4
-3.3
-3.3
-3.2
-3.2
-3.2
-3.2
-3.2
-3.3
-3.3
-3.3
-3.3
-3.3
-3.3
-3.2
-3.2
-3.2
-3.2
-3.2
-3.2
-3.2
-3.2
-3.2
-3.2
-3.1
-3.1
-3.1
-3.0
-3.0
-3.0
-3.0
-3.1
-3.1
-3.1
-3.2
-3.2
-3.2
-3.1
-3.0
-3.0
-3.0
-2.9
-2.9
-2.9
-2.9
-2.9
-3.0
-3.0
-3.0
-3.0
-2.9
-2.9
-2.9
-3.0
-3.0
-3.1
-3.1
-3.1
-3.2
-3.2
-3.1
-3.1
-3.0
-2.9
-2.9
-2.8
-2.8
-2.8
-2.7
-2.7
-2.7
-2.7
-2.7
-2.7
-2.7
-2.6
-2.6
-2.6
-2.5
-2.5
-2.5
-2.5
-2.4
-2.5
-2.5
-2.5
-2.5
-2.5
-2.4
-2.4
-2.4
-2.3
-2.3
-2.2
-2.2
-2.2
-2.2
-2.3
-2.3
-2.3
-2.3
-2.3
-2.3
-2.3
-2.3
-2.2
-2.2
-2.1
-2.1
-2.2
-2.2
-2.3
-2.3
-2.4
-2.5
-2.5
-2.6
-2.6
-2.5
-2.5
-2.5
-2.4
-2.4
-2.3
-2.3
-2.3
-2.4
-2.4
-2.5
-2.6
-2.7
-2.7
-2.7
-2.7
-2.7
-2.6
-2.6
-2.5
-2.5
-2.4
-2.4
-2.4
-2.3
-2.3
-2.2
-2.2
-2.2
-2.3
-2.3
-2.4
-2.5
-2.5
-2.6
-2.7
-2.7
-2.7
-2.7
-2.6
-2.6
-2.6
-2.6
-2.6
-2.6
-2.6
-2.6
-2.6
-2.6
-2.6
-2.6
-2.6
-2.6
-2.6
-2.6
-2.7
-2.7
-2.7
-2.7
-2.8
-2.8
-2.8
-2.7
-2.7
-2.7
-2.7
-2.7
-2.6
-2.6
-2.6
-2.5
-2.5
-2.4
-2.3
-2.3
-2.3
-2.2
-2.2
-2.2
-2.3
-2.3
-2.4
-2.5
-2.6
-2.8
-2.9
-3.0
-3.1
-3.1
-3.2
-3.2
-3.1
-3.0
-2.9
-2.8
-2.7
-2.6
-2.5
-2.4
-2.4
-2.5
-2.6
-2.7
-2.7
-2.8
-2.9
-3.0
-3.0
-3.0
-3.0
-3.0
-3.0
-3.0
-3.0
-3.0
-2.9
-2.9
-2.8
-2.7
-2.6
-2.4
-2.3
-2.2
-2.1
-2.1
-2.1
-2.1
-2.2
-2.2
-2.3
-2.3
-2.4
-2.4
-2.5
-2.6
-2.6
-2.6
-2.7
-2.8
-2.8
-2.9
-3.0
-3.1
-3.2
-3.2
-3.2
-3.2
-3.3
-3.3
-3.3
-3.3
-3.2
-3.3
-3.3
-3.4
-3.4
-3.3
-3.2
-3.1
-3.0
-2.9
-2.8
-2.8
-2.7
-2.7
-2.7
-2.8
-2.9
-2.9
-3.0
-3.0
-3.0
-3.0
-3.0
-3.0
-3.0
-2.9
-2.9
-2.8
-2.8
-2.8
-2.8
-2.7
-2.6
-2.6
-2.6
-2.6
-2.6
-2.6
-2.5
-2.5
-2.5
-2.5
-2.6
-2.7
-2.8
-2.8
-2.8
-2.7
-2.7
-2.6
-2.5
-2.4
-2.3
-2.2
-2.2
-2.3
-2.5
-2.6
-2.8
-2.8
-2.9
-2.9
-3.0
-3.0
-2.9
-2.8
-2.8
-2.8
-2.8
-2.8
-2.8
-2.8
-2.8
-2.8
-2.8
-2.7
-2.6
-2.5
-2.4
-2.4
-2.3
-2.3
-2.3
-2.3
-2.4
-2.4
-2.5
-2.6
-2.6
-2.6
-2.7
-2.7
-2.8
-2.8
-2.9
-2.9
-2.8
-2.8
-2.8
-2.7
-2.7
-2.6
-2.6
-2.6
-2.6
-2.7
-2.7
-2.8
-2.8
-2.7
-2.7
-2.6
-2.5
-2.3
-2.2
-2.2
-2.2
-2.2
-2.3
-2.3
-2.4
-2.5
-2.6
-2.7
-2.7
-2.7
-2.7
-2.7
-2.7
-2.7
-2.7
-2.6
-2.6
-2.6
-2.5
-2.5
-2.5
-2.5
-2.6
-2.6
-2.6
-2.6
-2.6
-2.6
-2.6
-2.6
-2.7
-2.7
-2.7
-2.7
-2.6
-2.6
-2.6
-2.7
-2.7
-2.7
-2.6
-2.7
-2.7
-2.7
-2.7
-2.7
-2.7
-2.7
-2.7
-2.7
-2.8
-2.8
-2.9
-2.9
-2.9
-2.9
-2.7
-2.6
-2.6
-2.5
-2.3
-2.2
-2.2
-2.1
-2.2
-2.2
-2.2
-2.2
-2.3
-2.3
-2.4
-2.5
-2.5
-2.6
-2.6
-2.6
-2.6
-2.6
-2.5
-2.5
-2.5
-2.5
-2.6
-2.6
-2.8
-2.9
-3.0
-3.1
-3.1
-3.2
-3.2
-3.2
-3.1
-3.1
-3.1
-3.1
-3.1
-3.2
-3.3
-3.3
-3.3
-3.2
-3.2
-3.2
-3.2
-3.1
-3.1
-3.0
-3.1
-3.1
-3.1
-3.1
-3.2
-3.3
-3.4
-3.5
-3.4
-3.4
-3.3
-3.3
-3.2
-3.2
-3.2
-3.3
-3.3
-3.4
-3.4
-3.4
-3.2
-3.1
-2.9
-2.7
-2.5
-2.4
-2.4
-2.3
-2.3
-2.4
-2.6
-2.7
-2.9
-3.0
-3.1
-3.3
-3.4
-3.5
-3.5
-3.4
-3.4
-3.3
-3.2
-3.1
-3.0
-2.9
-2.8
-2.8
-2.8
-2.6
-2.4
-2.2
-2.0
-1.9
-1.7
-1.6
-1.5
-1.5
-1.5
-1.7
-1.8
-2.0
-2.1
-2.2
-2.2
-2.3
-2.3
-2.3
-2.3
-2.2
-2.2
-2.2
-2.2
-2.3
-2.3
-2.2
-2.1
-2.0
-2.1
-2.0
-1.8
-1.7
-1.5
-1.5
-1.5
-1.6
-1.6
-1.6
-1.6
-1.7
-1.6
-1.6
-1.5
-1.4
-1.3
-1.3
-1.3
-1.3
-1.3
-1.4
-1.5
-1.7
-1.8
-1.9
-2.0
-2.1
-2.2
-2.3
-2.4
-2.5
-2.5
-2.5
-2.6
-2.7
-2.7
-2.8
-2.9
-2.9
-2.9
-2.9
-2.9
-3.0
-2.9
-2.9
-2.9
-2.8
-2.8
-2.8
-2.7
-2.8
-2.8
-2.9
-3.0
-3.1
-3.2
-3.4
-3.5
-3.5
-3.5
-3.4
-3.3
-3.1
-3.0
-2.8
-2.7
-2.6
-2.6
-2.6
-2.5
-2.4
-2.3
-2.3
-2.2
-2.2
-2.1
-2.2
-2.2
-2.4
-2.5
-2.7
-2.9
-2.9
-2.9
-3.0
-3.0
-2.9
-2.9
-2.7
-2.6
-2.5
-2.3
-2.1
-2.0
-1.8
-1.6
-1.5
-1.5
-1.5
-1.6
-1.6
-1.6
-1.6
-1.6
-1.6
-1.5
-1.4
-1.2
-0.9
-0.8
-0.6
-0.6
-0.7
-0.8
-1.0
-1.2
-1.4
-1.6
-1.7
-1.8
-1.9
-1.9
-1.9
-1.9
-2.0
-2.2
-2.4
-2.5
-2.7
-2.8
-2.8
-2.7
-2.5
-2.4
-2.4
-2.3
-2.2
-2.1
-2.1
-2.1
-2.2
-2.3
-2.3
-2.4
-2.5
-2.6
-2.6
-2.6
-2.6
-2.5
-2.4
-2.4
-2.3
-2.3
-2.4
-2.4
-2.5
-2.5
-2.6
-2.5
-2.5
-2.4
-2.3
-2.2
-2.1
-2.0
-1.9
-1.8
-1.7
-1.6
-1.6
-1.5
-1.6
-1.7
-1.9
-2.0
-2.0
-2.1
-2.1
-2.1
-2.0
-2.0
-1.9
-1.9
-1.9
-1.9
-2.0
-2.1
-2.2
-2.4
-2.5
-2.6
-2.8
-2.9
-2.9
-3.0
-3.0
-2.9
-2.8
-2.7
-2.7
-2.7
-2.7
-2.6
-2.6
-2.6
-2.6
-2.6
-2.5
-2.4
-2.3
-2.2
-2.2
-2.1
-2.1
-2.0
-2.0
-2.0
-2.1
-2.1
-2.2
-2.3
-2.4
-2.5
-2.6
-2.7
-2.7
-2.7
-2.6
-2.3
-2.1
-1.8
-1.6
-1.4
-1.3
-1.3
-1.4
-1.6
-1.7
-1.9
-2.1
-2.3
-2.4
-2.4
-2.4
-2.3
-2.3
-2.2
-2.1
-2.1
-2.1
-2.1
-2.2
-2.2
-2.3
-2.4
-2.4
-2.4
-2.4
-2.4
-2.3
-2.3
-2.2
-2.1
-1.9
-1.8
-1.7
-1.6
-1.6
-1.5
-1.5
-1.4
-1.3
-1.3
-1.2
-1.1
-1.1
-1.1
-1.1
-1.1
-1.1
-1.2
-1.2
-1.2
-1.1
-0.9
-0.7
-0.5
-0.2
0.0
0.1
0.2
0.3
0.3
0.4
0.3
0.2
0.0
-0.1
-0.2
-0.3
-0.4
-0.5
-0.6
-0.6
-0.6
-0.6
-0.6
-0.6
-0.5
-0.5
-0.4
-0.4
-0.4
-0.3
-0.3
-0.3
-0.4
-0.4
-0.5
-0.5
-0.5
-0.6
-0.6
-0.7
-0.7
-0.7
-0.7
-0.7
-0.7
-0.7
-0.6
-0.6
-0.5
-0.5
-0.4
-0.4
-0.4
-0.5
-0.5
-0.6
-0.7
-0.7
-0.7
-0.8
-0.8
-0.9
-0.9
-1.0
-1.0
-1.0
-1.1
-1.1
-1.1
-1.1
-1.0
-1.0
-0.9
-0.9
-0.9
-0.9
-0.9
-0.9
-0.9
-1.0
-1.0
-1.0
-1.1
-1.1
-1.1
-1.2
-1.2
-1.2
-1.2
-1.2
-1.3
-1.3
-1.4
-1.4
-1.4
-1.5
-1.6
-1.7
-1.8
-1.9
-2.0
-2.0
-2.0
-2.1
-2.1
-2.0
-2.0
-1.8
-1.8
-1.7
-1.7
-1.7
-1.7
-1.7
-1.7
-1.6
-1.7
-1.7
-1.7
-1.7
-1.6
-1.5
-1.5
-1.5
-1.5
-1.4
-1.4
-1.4
-1.4
-1.4
-1.4
-1.4
-1.3
-1.3
-1.2
-1.2
-1.2
-1.2
-1.2
-1.2
-1.3
-1.4
-1.5
-1.5
-1.6
-1.7
-1.7
-1.7
-1.8
-1.8
-1.8
-1.8
-1.9
-1.9
-1.9
-2.0
-2.0
-1.9
-2.0
-1.9
-1.9
-1.8
-1.7
-1.7
-1.7
-1.7
-1.8
-1.8
-1.8
-1.8
-1.9
-1.9
-2.0
-2.0
-2.0
-2.0
-2.0
-2.0
-2.0
-1.9
-1.9
-1.9
-1.9
-1.9
-1.9
-1.9
-1.9
-1.9
-1.9
-1.9
-1.8
-1.8
-1.7
-1.7
-1.7
-1.7
-1.7
-1.7
-1.7
-1.7
-1.7
-1.7
-1.7
-1.7
-1.7
-1.7
-1.6
-1.6
-1.7
-1.7
-1.7
-1.7
-1.8
-1.9
-2.0
-2.1
-2.1
-2.2
-2.2
-2.3
-2.3
-2.3
-2.2
-2.2
-2.1
-2.0
-2.0
-1.9
-1.8
-1.9
-1.9
-1.9
-1.9
-2.0
-2.0
-2.1
-2.0
-2.0
-1.9
-1.8
-1.8
-1.7
-1.6
-1.6
-1.5
-1.5
-1.5
-1.5
-1.4
-1.4
-1.4
-1.4
-1.4
-1.4
-1.4
-1.4
-1.4
-1.4
-1.4
-1.4
-1.4
-1.4
-1.4
-1.5
-1.5
-1.5
-1.5
-1.5
-1.7
-1.8
-1.8
-1.9
-1.9
-1.9
-2.0
-2.0
-2.0
-2.0
-1.9
-1.8
-1.7
-1.7
-1.7
-1.7
-1.6
-1.6
-1.7
-1.8
-1.9
-2.0
-2.2
-2.3
-2.4
-2.4
-2.5
-2.5
-2.5
-2.5
-2.4
-2.3
-2.2
-2.2
-2.1
-2.0
-2.0
-1.9
-1.9
-1.8
-1.8
-1.8
-1.8
-1.9
-2.0
-2.1
-2.3
-2.4
-2.5
-2.5
-2.5
-2.5
-2.5
-2.5
-2.4
-2.3
-2.3
-2.3
-2.4
-2.4
-2.5
-2.7
-2.8
-2.9
-3.0
-3.1
-3.2
-3.2
-3.2
-3.2
-3.2
-3.1
-3.1
-3.0
-2.9
-2.8
-2.7
-2.7
-2.5
-2.6
-2.7
-2.9
-3.1
-3.3
-3.5
-3.6
-3.8
-3.9
-3.9
-3.8
-3.7
-3.5
-3.4
-3.2
-3.0
-2.9
-2.8
-2.7
-2.7
-2.8
-2.9
-3.0
-3.1
-3.2
-3.3
-3.3
-3.4
-3.3
-3.2
-3.1
-3.1
-3.1
-3.0
-2.9
-2.8
-2.8
-2.9
-3.0
-3.2
-3.3
-3.4
-3.5
-3.6
-3.6
-3.6
-3.5
-3.3
-3.2
-3.1
-3.0
-2.9
-2.9
-2.9
-3.0
-3.0
-3.0
-3.1
-3.1
-3.1
-3.2
-3.2
-3.2
-3.2
-3.2
-3.3
-3.3
-3.3
-3.2
-3.2
-3.2
-3.2
-3.2
-3.2
-3.1
-3.0
-3.0
-2.8
-2.7
-2.5
-2.4
-2.2
-2.1
-2.0
-2.0
-2.0
-2.1
-2.2
-2.3
-2.4
-2.5
-2.6
-2.7
-2.7
-2.7
-2.7
-2.7
-2.7
-2.7
-2.7
-2.9
-3.0
-3.2
-3.3
-3.4
-3.6
-3.7
-3.7
-3.6
-3.5
-3.3
-3.2
-3.1
-3.0
-3.0
-3.0
-3.2
-3.3
-3.5
-3.5
-3.5
-3.5
-3.5
-3.4
-3.2
-3.1
-3.2
-3.3
-3.5
-3.5
-3.5
-3.5
-3.5
-3.4
-3.3
-3.1
-3.0
-3.0
-3.1
-3.2
-3.1
-3.1
-3.1
-3.0
-2.8
-2.5
-2.3
-2.2
-2.2
-2.2
-2.2
-2.4
-2.5
-2.7
-2.8
-3.0
-3.1
-3.1
-3.2
-3.4
-3.6
-3.7
-3.6
-3.4
-3.1
-2.8
-2.4
-2.0
-1.4
-0.9
-0.5
-0.3
-0.4
-0.6
-0.8
-1.0
-1.1
-1.2
-1.1
-0.9
-0.5
0.0
0.4
0.8
1.0
0.9
0.7
0.4
0.0
-0.3
-0.4
-0.5
-0.7
-0.7
-0.7
-0.6
-0.4
-0.5
-0.7
-0.8
-0.9
-1.0
-1.2
-1.3
-1.4
-1.5
-1.7
-1.9
-2.0
-2.0
-2.1
-2.2
-2.3
-2.2
-2.1
-2.0
-2.0
-2.3
-2.7
-2.8
-2.8
-2.8
-2.9
-3.0
-3.0
-2.7
-2.4
-2.1
-2.0
-1.9
-2.0
-2.1
-2.3
-2.4
-2.5
-2.6
-2.5
-2.3
-2.0
-1.7
-1.5
-1.3
-1.2
-1.1
-1.1
-1.1
-1.2
-1.2
-1.3
-1.4
-1.6
-1.6
-1.6
-1.7
-1.6
-1.5
-1.2
-0.9
-0.6
-0.3
-0.1
0.0
-0.1
-0.4
-0.6
-0.8
-1.1
-1.4
-1.6
-1.6
-1.6
-1.5
-1.4
-1.3
-1.3
-1.3
-1.4
-1.4
-1.5
-1.7
-1.9
-1.9
-1.9
-2.0
-2.1
-2.2
-2.3
-2.3
-2.4
-2.5
-2.7
-2.7
-2.6
-2.5
-2.4
-2.3
-2.3
-2.4
-2.5
-2.6
-2.8
-3.0
-3.3
-3.5
-3.7
-3.7
-3.7
-3.6
-3.5
-3.4
-3.3
-3.3
-3.4
-3.5
-3.7
-3.9
-4.1
-4.2
-4.2
-4.0
-3.7
-3.5
-3.2
-3.0
-2.9
-2.9
-3.1
-3.4
-3.6
-3.8
-4.0
-4.2
-4.3
-4.5
-4.7
-4.8
-4.8
-4.9
-5.0
-5.2
-5.4
-5.5
-5.7
-5.9
-5.9
-6.0
-6.2
-6.3
-6.3
-6.0
-5.9
-5.8
-5.6
-5.5
-5.3
-5.4
-5.7
-6.1
-6.5
-6.8
-7.1
-7.4
-7.5
-7.4
-7.0
-6.6
-6.2
-5.8
-5.5
-5.2
-5.1
-5.1
-5.2
-5.5
-5.8
-6.1
-6.3
-6.4
-6.4
-6.5
-6.6
-6.6
-6.4
-6.2
-6.0
-6.0
-5.8
-5.8
-5.8
-6.0
-6.3
-6.5
-6.6
-6.7
-6.7
-6.6
-6.4
-6.1
-5.9
-5.7
-5.6
-5.6
-5.8
-5.9
-6.1
-6.2
-6.4
-6.4
-6.4
-6.4
-6.3
-6.2
-6.2
-6.2
-6.2
-6.3
-6.3
-6.2
-6.2
-6.2
-6.0
-5.9
-5.7
-5.5
-5.4
-5.2
-5.1
-5.0
-4.9
-4.8
-4.7
-4.7
-4.6
-4.6
-4.6
-4.5
-4.4
-4.4
-4.2
-4.1
-3.9
-3.8
-3.8
-3.8
-3.8
-3.8
-3.8
-3.8
-3.8
-3.8
-3.7
-3.6
-3.5
-3.3
-3.2
-3.1
-2.9
-2.7
-2.6
-2.4
-2.3
-2.3
-2.3
-2.2
-2.3
-2.4
-2.6
-2.7
-2.7
-2.8
-2.8
-2.8
-2.7
-2.6
-2.5
-2.5
-2.4
-2.4
-2.4
-2.4
-2.4
-2.4
-2.4
-2.4
-2.4
-2.4
-2.5
-2.6
-2.6
-2.5
-2.5
-2.5
-2.5
-2.4
-2.4
-2.3
-2.2
-2.2
-2.2
-2.2
-2.2
-2.2
-2.2
-2.2
-2.2
-2.3
-2.3
-2.4
-2.5
-2.7
-2.7
-2.7
-2.7
-2.7
-2.7
-2.6
-2.6
-2.6
-2.6
-2.6
-2.7
-2.9
-3.0
-3.1
-3.2
-3.2
-3.3
-3.4
-3.3
-3.3
-3.2
-3.0
-2.9
-2.8
-2.6
-2.5
-2.4
-2.3
-2.3
-2.3
-2.3
-2.3
-2.3
-2.3
-2.3
-2.3
-2.2
-2.2
-2.2
-2.1
-2.1
-2.1
-2.1
-2.2
-2.2
-2.2
-2.3
-2.4
-2.4
-2.5
-2.5
-2.5
-2.4
-2.4
-2.4
-2.3
-2.2
-2.2
-2.2
-2.2
-2.2
-2.3
-2.3
-2.4
-2.4
-2.4
-2.4
-2.5
-2.5
-2.4
-2.4
-2.4
-2.4
-2.4
-2.5
-2.5
-2.6
-2.7
-2.9
-2.9
-2.9
-2.8
-2.8
-2.8
-2.8
-2.7
-2.7
-2.6
-2.6
-2.6
-2.7
-2.7
-2.5
-2.5
-2.4
-2.3
-2.3
-2.2
-2.1
-2.1
-2.2
-2.2
-2.3
-2.3
-2.3
-2.2
-2.2
-2.0
-1.9
-1.7
-1.7
-1.6
-1.5
-1.5
-1.6
-1.7
-1.7
-1.8
-2.0
-2.1
-2.2
-2.2
-2.3
-2.4
-2.4
-2.5
-2.5
-2.5
-2.5
-2.6
-2.6
-2.6
-2.7
-2.6
-2.6
-2.5
-2.4
-2.4
-2.3
-2.3
-2.2
-2.1
-2.1
-2.1
-2.0
-2.0
-1.9
-1.9
-1.9
-1.9
-1.9
-1.9
-1.9
-1.9
-2.0
-2.0
-2.0
-2.1
-2.1
-2.1
-2.2
-2.3
-2.3
-2.3
-2.3
-2.3
-2.2
-2.2
-2.1
-2.0
-2.0
-2.0
-2.0
-2.0
-2.0
-2.0
-2.0
-2.1
-2.1
-2.0
-2.0
-2.0
-2.0
-2.0
-2.0
-2.0
-2.0
-2.0
-2.0
-1.9
-1.9
-1.8
-1.8
-1.7
-1.7
-1.7
-1.7
-1.8
-1.8
-1.8
-1.9
-1.9
-1.9
-2.0
-2.0
-2.0
-2.0
-2.0
-2.0
-2.1
-2.1
-2.1
-2.1
-2.0
-2.0
-1.9
-1.9
-1.9
-1.9
-1.8
-1.6
-1.2
-1.2
-1.3
-1.2
-0.8
-0.3
-0.3
-0.8
-1.4
-1.6
-1.8
-2.0
-2.3
-2.1
-1.3
-0.4
0.0
0.0
0.3
1.0
1.2
0.8
0.0
-0.1
0.0
0.2
0.2
0.4
0.7
1.0
1.1
1.2
1.6
2.2
2.9
3.7
4.5
5.2
5.6
5.9
6.2
6.6
7.1
7.4
7.4
7.5
7.9
8.5
9.1
9.6
10.1
10.8
11.6
12.3
12.9
13.4
13.8
14.1
14.1
14.2
14.3
14.4
14.8
15.3
15.9
16.5
17.2
17.8
18.1
18.3
18.4
18.3
18.3
18.2
18.0
17.8
17.6
17.5
17.5
17.5
17.4
17.2
17.1
17.0
16.9
16.7
16.4
16.2
16.0
15.8
15.7
15.7
15.7
15.7
15.6
15.7
15.8
15.8
15.8
15.8
15.7
15.6
15.4
15.2
15.0
14.8
14.7
14.6
14.5
14.5
14.5
14.5
14.6
14.7
14.9
14.9
14.9
14.8
14.6
14.4
14.3
14.1
13.8
13.6
13.4
13.3
13.2
13.2
13.1
13.0
13.0
13.0
13.1
13.3
13.5
13.6
13.7
13.6
13.6
13.4
13.2
12.9
12.7
12.5
12.4
12.4
12.4
12.4
12.5
12.5
12.6
12.6
12.6
12.5
12.5
12.5
12.4
12.4
12.4
12.3
12.3
12.2
12.2
12.2
12.2
12.3
12.4
12.4
12.4
12.2
12.0
11.8
11.6
11.3
11.1
10.9
11.0
11.2
11.2
11.2
11.2
11.3
11.3
11.2
11.0
10.8
10.6
10.6
10.5
10.5
10.6
10.6
10.7
10.7
10.8
10.8
10.8
10.8
10.7
10.7
10.6
10.5
10.4
10.4
10.4
10.3
10.3
10.3
10.3
10.3
10.3
10.3
10.3
10.3
10.3
10.3
10.1
10.0
9.8
9.6
9.4
9.2
9.0
8.8
8.6
8.6
8.6
8.7
8.7
8.7
8.7
8.6
8.5
8.3
8.1
7.9
7.7
7.4
7.3
7.2
7.2
7.3
7.4
7.5
7.8
8.2
8.5
8.5
8.4
8.2
8.0
7.7
7.3
6.9
6.6
6.3
6.3
6.3
6.4
6.5
6.6
6.7
6.9
6.9
7.0
7.0
7.0
7.0
7.0
7.0
6.9
6.9
6.8
6.8
6.8
6.7
6.7
6.6
6.5
6.4
6.3
6.2
6.2
6.1
6.1
6.0
6.0
6.0
6.0
5.9
5.9
5.8
5.8
5.7
5.6
5.5
5.5
5.6
5.6
5.5
5.4
5.3
5.3
5.3
5.3
5.3
5.2
5.2
5.3
5.4
5.6
5.7
5.6
5.5
5.4
5.3
5.1
4.9
4.7
4.5
4.5
4.5
4.5
4.6
4.6
4.6
4.6
4.6
4.5
4.4
4.3
4.3
4.2
4.2
4.1
4.1
4.0
3.9
3.8
3.7
3.6
3.5
3.5
3.5
3.5
3.5
3.6
3.6
3.6
3.6
3.6
3.6
3.6
3.6
3.6
3.6
3.7
3.7
3.7
3.7
3.6
3.5
3.5
3.5
3.5
3.4
3.3
3.3
3.2
3.2
3.0
3.0
2.9
2.9
3.0
3.0
3.1
3.1
3.1
3.0
2.9
2.7
2.6
2.4
2.4
2.3
2.3
2.4
2.4
2.4
2.4
2.3
2.3
2.2
2.1
2.1
2.1
2.1
2.2
2.2
2.1
2.0
1.9
1.8
1.8
1.8
1.8
1.8
1.9
2.0
2.0
1.9
1.8
1.7
1.6
1.4
1.3
1.3
1.3
1.3
1.4
1.4
1.4
1.5
1.4
1.4
1.4
1.4
1.4
1.4
1.4
1.4
1.3
1.2
1.0
0.9
0.8
0.7
0.6
0.5
0.5
0.6
0.7
0.8
0.9
1.1
1.2
1.3
1.3
1.3
1.2
1.2
1.1
1.0
1.0
0.9
0.9
0.9
1.0
1.1
1.1
1.2
1.2
1.2
1.1
1.0
1.0
0.9
0.8
0.8
0.8
0.9
1.0
1.1
1.0
0.9
0.9
0.8
0.7
0.6
0.6
0.6
0.6
0.6
0.7
0.8
0.8
0.8
0.8
0.8
0.8
0.8
0.8
0.9
0.9
0.9
0.9
0.8
0.8
0.7
0.8
0.7
0.6
0.6
0.5
0.5
0.5
0.6
0.7
0.8
0.8
0.8
0.9
0.9
0.8
0.6
0.4
0.3
0.2
0.2
0.3
0.4
0.5
0.5
0.6
0.6
0.6
0.6
0.6
0.4
0.3
0.1
0.0
0.0
0.0
0.0
0.0
0.0
0.0
0.0
0.0
0.2
0.4
0.6
0.7
0.6
0.4
0.4
0.2
0.0
-0.3
-0.6
-0.8
-0.9
-0.7
-0.5
-0.2
-0.1
-0.1
-0.2
-0.2
-0.3
-0.5
-0.6
-0.8
-0.9
-0.9
-0.9
-0.9
-0.8
-0.8
-0.8
-0.8
-0.7
-0.6
-0.5
-0.5
-0.5
-0.5
-0.5
-0.6
-0.7
-0.9
-1.0
-1.1
-1.2
-1.3
-1.4
-1.4
-1.3
-1.2
-1.2
-1.2
-1.2
-1.1
-1.1
-1.1
-1.2
-1.2
-1.2
-1.2
-1.3
-1.3
-1.5
-1.6
-1.7
-1.9
-2.0
-2.0
-2.0
-2.0
-2.0
-2.0
-2.0
-1.9
-1.9
-2.0
-2.1
-2.2
-2.2
-2.2
-2.1
-2.0
-2.0
-2.1
-2.2
-2.3
-2.4
-2.4
-2.5
-2.7
-2.7
-2.8
-2.8
-2.7
-2.6
-2.5
-2.5
-2.5
-2.5
-2.4
-2.4
-2.3
-2.4
-2.4
-2.5
-2.6
-2.7
-2.9
-3.0
-3.0
-3.1
-3.2
-3.2
-3.3
-3.3
-3.3
-3.4
-3.4
-3.4
-3.4
-3.5
-3.5
-3.5
-3.5
-3.5
-3.6
-3.7
-3.7
-3.6
-3.5
-3.5
-3.5
-3.5
-3.4
-3.4
-3.5
-3.6
-3.7
-3.8
-3.9
-3.9
-3.9
-3.9
-3.9
-3.9
-3.8
-3.8
-3.8
-3.9
-4.0
-4.0
-4.0
-4.1
-4.2
-4.2
-4.3
-4.3
-4.3
-4.3
-4.3
-4.2
-4.2
-4.3
-4.3
-4.3
-4.4
-4.4
-4.6
-4.8
-4.9
-4.9
-5.0
-5.0
-5.0
-4.9
-4.9
-4.8
-4.8
-4.8
-4.8
-4.8
-4.8
-4.9
-5.0
-5.0
-5.1
-5.2
-5.2
-5.2
-5.3
-5.3
-5.4
-5.5
-5.5
-5.6
-5.7
-5.7
-5.8
-5.7
-5.7
-5.7
-5.8
-5.8
-5.8
-5.8
-5.8
-5.8
-5.9
-5.9
-5.9
-5.8
-5.6
-5.5
-5.4
-5.5
-5.6
-5.7
-5.8
-6.0
-6.2
-6.4
-6.6
-6.6
-6.6
-6.5
-6.5
-6.4
-6.4
-6.4
-6.5
-6.5
-6.5
-6.5
-6.5
-6.5
-6.5
-6.5
-6.5
-6.5
-6.6
-6.5
-6.6
-6.6
-6.7
-6.7
-6.7
-6.7
-6.7
-6.7
-6.7
-6.7
-6.8
-6.9
-6.9
-6.9
-6.9
-7.0
-7.1
-7.3
-7.3
-7.3
-7.4
-7.4
-7.5
-7.5
-7.4
-7.4
-7.3
-7.3
-7.2
-7.3
-7.3
-7.3
-7.3
-7.4
-7.5
-7.5
-7.6
-7.7
-7.8
-7.8
-7.7
-7.6
-7.5
-7.4
-7.3
-7.3
-7.3
-7.4
-7.5
-7.7
-7.8
-7.8
-7.8
-7.7
-7.6
-7.5
-7.3
-7.1
-6.9
-6.8
-6.7
-6.7
-6.7
-6.7
-6.7
-6.6
-6.6
-6.7
-6.8
-6.9
-6.9
-6.9
-6.9
-6.8
-6.8
-6.8
-6.7
-6.8
-6.8
-6.9
-7.0
-7.1
-7.3
-7.4
-7.5
-7.6
-7.6
-7.7
-7.7
-7.7
-7.7
-7.7
-7.7
-7.6
-7.6
-7.6
-7.5
-7.5
-7.4
-7.3
-7.2
-7.2
-7.1
-7.1
-7.1
-7.1
-7.1
-7.2
-7.2
-7.3
-7.4
-7.4
-7.4
-7.3
-7.3
-7.5
-7.6
-7.8
-7.8
-7.9
-8.1
-8.1
-8.2
-8.1
-8.1
-7.9
-7.7
-7.4
-7.2
-7.2
-7.2
-7.2
-7.2
-7.4
-7.6
-7.7
-7.9
-8.0
-8.0
-7.9
-7.7
-7.5
-7.2
-6.8
-6.5
-6.4
-6.6
-6.7
-6.8
-6.9
-7.0
-7.2
-7.3
-7.2
-7.0
-6.7
-6.3
-6.0
-5.8
-5.8
-5.8
-5.7
-5.5
-5.4
-5.5
-5.5
-5.4
-5.1
-4.9
-4.8
-4.8
-4.7
-4.5
-4.4
-4.4
-4.5
-4.4
-4.3
-4.2
-4.0
-3.9
-3.7
-3.5
-3.3
-3.3
-3.2
-3.2
-3.1
-3.2
-3.2
-3.2
-3.3
-3.3
-3.3
-3.3
-3.3
-3.4
-3.5
-3.5
-3.6
-3.7
-3.7
-3.7
-3.7
-3.8
-3.9
-3.9
-3.9
-4.0
-4.2
-4.3
-4.5
-4.5
-4.6
-4.7
-4.8
-4.9
-4.9
-4.9
-4.9
-4.9
-4.9
-4.9
-5.0
-5.0
-5.1
-5.1
-5.1
-5.2
-5.3
-5.3
-5.3
-5.3
-5.3
-5.4
-5.5
-5.5
-5.6
-5.6
-5.6
-5.7
-5.7
-5.7
-5.8
-5.9
-5.9
-6.0
-6.1
-6.2
-6.2
-6.3
-6.3
-6.4
-6.3
-6.3
-6.3
-6.2
-6.2
-6.3
-6.3
-6.3
-6.3
-6.3
-6.4
-6.4
-6.4
-6.4
-6.3
-6.3
-6.3
-6.3
-6.3
-6.4
-6.5
-6.5
-6.6
-6.7
-6.7
-6.7
-6.7
-6.7
-6.7
-6.7
-6.7
-6.8
-6.8
-6.9
-7.0
-7.0
-7.0
-7.0
-7.0
-6.9
-6.8
-6.7
-6.7
-6.6
-6.6
-6.7
-6.8
-6.9
-7.0
-7.0
-7.1
-7.2
-7.3
-7.3
-7.2
-7.2
-7.1
-7.1
-7.1
-7.1
-7.1
-7.1
-7.2
-7.2
-7.3
-7.4
-7.5
-7.5
-7.6
-7.7
-7.7
-7.7
-7.7
-7.7
-7.7
-7.7
-7.7
-7.7
-7.7
-7.7
-7.7
-7.7
-7.6
-7.6
-7.6
-7.6
-7.6
-7.7
-7.8
-7.9
-8.0
-8.0
-8.1
-8.1
-8.1
-8.1
-8.1
-8.1
-8.1
-8.1
-8.2
-8.2
-8.3
-8.3
-8.2
-8.2
-8.2
-8.2
-8.2
-8.1
-8.1
-8.1
-8.1
-8.2
-8.2
-8.2
-8.1
-8.1
-8.0
-8.0
-8.0
-8.1
-8.1
-8.2
-8.3
-8.3
-8.4
-8.5
-8.4
-8.4
-8.4
-8.5
-8.5
-8.6
-8.6
-8.7
-8.7
-8.8
-8.8
-8.8
-8.9
-8.9
-8.9
-8.9
-8.9
-9.0
-8.9
-8.8
-8.7
-8.6
-8.6
-8.6
-8.7
-8.7
-8.8
-8.9
-9.1
-9.2
-9.3
-9.4
-9.4
-9.4
-9.3
-9.2
-9.0
-8.9
-8.8
-8.7
-8.7
-8.6
-8.6
-8.7
-8.8
-8.9
-8.9
-8.9
-9.0
-9.0
-9.0
-8.9
-8.8
-8.7
-8.6
-8.4
-8.3
-8.1
-8.1
-8.0
-8.1
-8.2
-8.3
-8.5
-8.7
-8.8
-8.9
-9.0
-9.1
-9.1
-9.1
-9.1
-9.1
-9.0
-9.0
-8.9
-9.0
-9.0
-9.1
-9.2
-9.2
-9.3
-9.3
-9.3
-9.2
-9.0
-8.9
-8.8
-8.6
-8.5
-8.5
-8.6
-8.7
-8.8
-8.9
-8.9
-8.9
-9.0
-9.0
-9.1
-9.0
-9.0
-9.0
-9.0
-9.0
-9.0
-9.0
-9.0
-9.0
-9.0
-9.1
-9.1
-9.1
-9.1
-9.2
-9.2
-9.2
-9.2
-9.3
-9.3
-9.3
-9.4
-9.4
-9.4
-9.4
-9.4
-9.3
-9.3
-9.2
-9.2
-9.1
-9.1
-9.1
-9.1
-9.1
-9.1
-9.1
-9.1
-9.1
-9.1
-9.1
-9.0
-8.9
-8.9
-8.9
-8.9
-8.9
-8.9
-8.9
-8.9
-9.0
-9.0
-9.0
-8.9
-8.8
-8.8
-8.7
-8.7
-8.7
-8.7
-8.8
-8.8
-8.8
-8.9
-8.9
-9.0
-9.0
-9.1
-9.1
-9.2
-9.3
-9.4
-9.5
-9.6
-9.6
-9.6
-9.6
-9.6
-9.5
-9.5
-9.4
-9.4
-9.4
-9.4
-9.4
-9.4
-9.4
-9.3
-9.3
-9.2
-9.1
-9.0
-8.9
-8.9
-8.9
-9.0
-9.1
-9.2
-9.3
-9.3
-9.3
-9.3
-9.3
-9.2
-9.1
-9.1
-9.0
-8.9
-8.9
-8.9
-9.0
-9.1
-9.1
-9.1
-9.1
-9.1
-9.1
-9.0
-8.9
-8.8
-8.7
-8.7
-8.6
-8.6
-8.7
-8.7
-8.7
-8.8
-8.9
-8.9
-9.0
-9.0
-9.0
-9.0
-9.1
-9.3
-9.4
-9.4
-9.4
-9.3
-9.3
-9.2
-9.1
-8.9
-8.7
-8.5
-8.3
-8.1
-8.1
-8.0
-7.9
-7.8
-7.7
-7.6
-7.5
-7.5
-7.4
-7.3
-7.3
-7.3
-7.3
-7.3
-7.3
-7.3
-7.3
-7.4
-7.5
-7.5
-7.6
-7.6
-7.5
-7.5
-7.4
-7.3
-7.3
-7.2
-7.2
-7.3
-7.3
-7.4
-7.5
-7.5
-7.5
-7.5
-7.4
-7.3
-7.3
-7.3
-7.3
-7.3
-7.3
-7.4
-7.5
-7.5
-7.6
-7.7
-7.7
-7.8
-7.8
-7.8
-7.8
-7.9
-7.9
-7.9
-7.9
-7.8
-7.9
-8.0
-8.0
-8.1
-8.1
-8.1
-8.1
-8.1
-8.0
-7.9
-7.9
-7.8
-7.8
-7.8
-7.7
-7.7
-7.6
-7.5
-7.4
-7.4
-7.4
-7.4
-7.5
-7.5
-7.6
-7.6
-7.7
-7.8
-7.9
-7.9
-7.9
-7.9
-7.9
-7.9
-7.9
-7.8
-7.7
-7.6
-7.5
-7.4
-7.2
-7.1
-7.0
-7.0
-7.0
-7.0
-7.1
-7.3
-7.4
-7.6
-7.8
-7.9
-8.0
-8.0
-8.0
-7.9
-7.6
-7.4
-7.2
-7.1
-7.0
-6.9
-6.9
-6.9
-7.0
-7.0
-7.0
-7.0
-7.1
-7.1
-7.1
-7.2
-7.3
-7.3
-7.3
-7.3
-7.3
-7.3
-7.3
-7.3
-7.3
-7.3
-7.4
-7.5
-7.6
-7.7
-7.7
-7.7
-7.6
-7.6
-7.6
-7.7
-7.7
-7.7
-7.8
-7.8
-7.9
-7.9
-7.8
-7.8
-7.7
-7.6
-7.5
-7.4
-7.2
-7.0
-6.8
-6.7
-6.6
-6.5
-6.4
-6.3
-6.3
-6.4
-6.4
-6.4
-6.4
-6.3
-6.3
-6.3
-6.2
-6.2
-6.1
-6.1
-6.0
-5.9
-5.8
-5.8
-5.7
-5.6
-5.5
-5.5
-5.5
-5.5
-5.5
-5.5
-5.5
-5.5
-5.6
-5.6
-5.7
-5.8
-5.8
-5.8
-5.8
-5.9
-5.9
-6.0
-6.1
-6.1
-6.1
-6.2
-6.3
-6.2
-6.2
-6.1
-6.0
-6.0
-6.0
-6.0
-6.1
-6.1
-6.1
-6.2
-6.1
-6.1
-6.0
-5.9
-5.8
-5.7
-5.7
-5.7
-5.6
-5.7
-5.7
-5.8
-5.9
-6.0
-6.1
-6.2
-6.4
-6.5
-6.5
-6.5
-6.4
-6.3
-6.2
-6.1
-6.0
-6.0
-6.0
-6.0
-6.1
-6.2
-6.3
-6.4
-6.4
-6.4
-6.3
-6.3
-6.3
-6.2
-6.2
-6.2
-6.4
-6.5
-6.6
-6.8
-6.9
-7.0
-6.9
-6.8
-6.6
-6.4
-6.2
-6.0
-5.9
-5.8
-5.7
-5.7
-5.7
-5.6
-5.6
-5.5
-5.5
-5.5
-5.5
-5.5
-5.5
-5.4
-5.5
-5.5
-5.6
-5.7
-5.8
-5.9
-6.0
-6.1
-6.2
-6.2
-6.2
-6.2
-6.2
-6.1
-6.1
-6.1
-6.2
-6.3
-6.4
-6.5
-6.7
-6.7
-6.8
-6.9
-6.9
-7.0
-7.0
-7.1
-7.3
-7.4
-7.5
-7.6
-7.6
-7.7
-7.7
-7.7
-7.7
-7.7
-7.7
-7.8
-7.9
-8.0
-8.1
-8.1
-8.1
-8.2
-8.2
-8.2
-8.2
-8.1
-8.1
-8.1
-8.1
-8.1
-8.0
-8.0
-7.9
-7.8
-7.8
-7.7
-7.7
-7.7
-7.6
-7.7
-7.8
-7.8
-7.9
-8.0
-8.0
-8.0
-8.1
-8.1
-8.0
-7.9
-7.9
-7.9
-8.0
-8.1
-8.1
-8.3
-8.4
-8.5
-8.6
-8.7
-8.7
-8.7
-8.7
-8.7
-8.6
-8.6
-8.6
-8.7
-8.8
-8.8
-8.9
-8.9
-9.0
-9.0
-9.0
-8.9
-8.9
-8.8
-8.8
-8.8
-8.8
-8.8
-8.8
-8.8
-8.8
-8.8
-8.8
-8.8
-8.7
-8.7
-8.6
-8.6
-8.6
-8.6
-8.6
-8.6
-8.6
-8.7
-8.7
-8.8
-8.8
-8.8
-8.8
-8.7
-8.6
-8.6
-8.6
-8.6
-8.7
-8.8
-8.9
-8.9
-9.0
-9.0
-9.1
-9.1
-9.0
-9.0
-9.0
-9.0
-9.0
-8.9
-9.0
-9.0
-9.1
-9.1
-9.2
-9.2
-9.2
-9.2
-9.1
-9.1
-9.1
-9.0
-9.0
-9.0
-9.1
-9.1
-9.1
-9.2
-9.1
-9.1
-9.2
-9.2
-9.2
-9.2
-9.1
-9.1
-9.1
-9.0
-8.9
-8.8
-8.7
-8.7
-8.6
-8.6
-8.7
-8.8
-8.9
-9.0
-9.0
-9.0
-9.0
-9.0
-9.0
-9.0
-9.0
-9.0
-8.9
-8.9
-8.9
-8.9
-8.8
-8.8
-8.8
-8.7
-8.8
-8.8
-8.8
-8.9
-8.9
-8.9
-8.9
-8.9
-8.9
-8.9
-8.9
-8.9
-9.0
-9.1
-9.2
-9.3
-9.3
-9.3
-9.4
-9.4
-9.4
-9.4
-9.4
-9.3
-9.3
-9.3
-9.2
-9.2
-9.2
-9.2
-9.2
-9.2
-9.3
-9.4
-9.5
-9.6
-9.6
-9.6
-9.6
-9.6
-9.6
-9.6
-9.6
-9.6
-9.6
-9.6
-9.6
-9.6
-9.6
-9.6
-9.6
-9.6
-9.6
-9.6
-9.6
-9.7
-9.8
-9.9
-10.0
-10.0
-10.0
-10.0
-10.0
-9.9
-9.9
-9.8
-9.7
-9.7
-9.6
-9.6
-9.6
-9.6
-9.5
-9.5
-9.5
-9.5
-9.5
-9.5
-9.5
-9.5
-9.4
-9.4
-9.3
-9.2
-9.1
-9.0
-9.0
-9.0
-9.0
-9.1
-9.2
-9.2
-9.1
-9.1
-9.0
-8.9
-8.8
-8.8
-8.7
-8.6
-8.6
-8.5
-8.5
-8.3
-8.2
-8.1
-8.1
-8.1
-8.1
-8.3
-8.5
-8.7
-8.8
-8.9
-8.9
-8.8
-8.6
-8.4
-8.1
-7.9
-7.7
-7.6
-7.5
-7.4
-7.4
-7.4
-7.3
-7.3
-7.1
-7.0
-6.9
-6.8
-6.8
-6.8
-6.8
-6.8
-6.9
-6.9
-6.9
-6.8
-6.7
-6.6
-6.4
-6.2
-6.2
-6.1
-6.1
-6.1
-6.2
-6.2
-6.3
-6.3
-6.2
-6.2
-6.1
-6.0
-6.0
-6.0
-6.0
-6.0
-6.0
-6.0
-5.9
-5.8
-5.8
-5.7
-5.7
-5.7
-5.7
-5.8
-5.8
-5.8
-5.7
-5.6
-5.6
-5.5
-5.4
-5.4
-5.3
-5.3
-5.3
-5.4
-5.5
-5.5
-5.5
-5.5
-5.5
-5.4
-5.4
-5.4
-5.4
-5.3
-5.2
-5.1
-5.0
-5.0
-4.8
-4.7
-4.6
-4.6
-4.6
-4.6
-4.6
-4.7
-4.8
-4.9
-5.0
-5.1
-5.2
-5.2
-5.2
-5.2
-5.1
-5.1
-5.1
-5.1
-5.1
-5.0
-5.1
-5.1
-5.1
-5.0
-5.0
-4.8
-4.8
-4.8
-4.7
-4.7
-4.6
-4.6
-4.7
-4.7
-4.7
-4.7
-4.7
-4.6
-4.6
-4.6
-4.5
-4.5
-4.4
-4.4
-4.3
-4.4
-4.4
-4.4
-4.4
-4.4
-4.4
-4.4
-4.3
-4.2
-4.2
-4.2
-4.2
-4.2
-4.2
-4.3
-4.4
-4.4
-4.4
-4.4
-4.4
-4.4
-4.5
-4.5
-4.5
-4.5
-4.5
-4.5
-4.6
-4.5
-4.5
-4.6
-4.5
-4.5
-4.5
-4.5
-4.5
-4.5
-4.5
-4.5
-4.4
-4.3
-4.3
-4.2
-4.2
-4.1
-4.1
-4.1
-4.2
-4.2
-4.1
-4.1
-4.1
-4.1
-4.1
-4.1
-4.1
-4.1
-4.1
-4.1
-4.2
-4.2
-4.3
-4.3
-4.3
-4.3
-4.3
-4.4
-4.4
-4.5
-4.5
-4.5
-4.5
-4.6
-4.6
-4.6
-4.7
-4.7
-4.7
-4.7
-4.8
-4.8
-4.9
-4.9
-4.9
-5.0
-5.0
-5.1
-5.1
-5.1
-5.1
-5.1
-5.1
-5.0
-5.0
-5.0
-4.9
-4.9
-4.9
-4.9
-4.8
-4.8
-4.8
-4.8
-4.9
-4.9
-5.0
-5.1
-5.2
-5.3
-5.4
-5.4
-5.4
-5.3
-5.3
-5.2
-5.2
-5.2
-5.2
-5.2
-5.2
-5.3
-5.3
-5.3
-5.3
-5.3
-5.4
-5.4
-5.5
-5.5
-5.5
-5.5
-5.6
-5.6
-5.6
-5.7
-5.7
-5.7
-5.8
-5.8
-5.9
-5.9
-5.9
-5.9
-5.9
-5.8
-5.8
-5.8
-5.8
-5.8
-5.8
-5.8
-5.8
-5.7
-5.7
-5.7
-5.6
-5.6
-5.6
-5.5
-5.5
-5.5
-5.5
-5.4
-5.4
-5.3
-5.3
-5.3
-5.2
-5.2
-5.2
-5.2
-5.2
-5.3
-5.3
-5.3
-5.4
-5.4
-5.5
-5.5
-5.5
-5.5
-5.4
-5.4
-5.3
-5.3
-5.4
-5.4
-5.5
-5.6
-5.6
-5.7
-5.7
-5.7
-5.6
-5.5
-5.3
-5.1
-5.0
-5.0
-5.0
-5.0
-5.0
-5.1
-5.3
-5.4
-5.4
-5.4
-5.4
-5.4
-5.4
-5.4
-5.4
-5.3
-5.3
-5.3
-5.3
-5.3
-5.2
-5.2
-5.1
-5.1
-5.1
-5.2
-5.3
-5.3
-5.4
-5.5
-5.5
-5.5
-5.5
-5.4
-5.3
-5.2
-5.2
-5.2
-5.1
-5.2
-5.2
-5.3
-5.4
-5.5
-5.6
-5.6
-5.6
-5.6
-5.5
-5.5
-5.4
-5.3
-5.2
-5.1
-5.1
-5.1
-5.1
-5.1
-5.2
-5.3
-5.3
-5.3
-5.3
-5.2
-5.2
-5.1
-5.2
-5.2
-5.1
-5.1
-5.1
-5.1
-5.1
-5.0
-4.9
-4.8
-4.6
-4.5
-4.4
-4.4
-4.3
-4.4
-4.4
-4.4
-4.5
-4.6
-4.6
-4.7
-4.7
-4.7
-4.7
-4.7
-4.7
-4.5
-4.4
-4.3
-4.3
-4.3
-4.3
-4.3
-4.4
-4.5
-4.6
-4.6
-4.6
-4.6
-4.6
-4.6
-4.6
-4.6
-4.6
-4.6
-4.6
-4.6
-4.5
-4.3
-4.2
-4.0
-4.0
-4.0
-4.1
-4.1
-4.2
-4.2
-4.3
-4.3
-4.3
-4.1
-4.0
-3.8
-3.7
-3.6
-3.5
-3.4
-3.3
-3.3
-3.2
-3.2
-3.2
-3.1
-3.0
-2.9
-2.8
-2.7
-2.6
-2.5
-2.4
-2.2
-2.0
-1.9
-1.9
-1.9
-1.8
-1.8
-1.7
-1.7
-1.7
-1.8
-1.8
-1.8
-1.8
-1.8
-1.8
-1.7
-1.6
-1.6
-1.6
-1.5
-1.6
-1.7
-1.9
-2.0
-2.1
-2.2
-2.2
-2.2
-2.1
-1.9
-1.7
-1.4
-1.2
-1.1
-0.8
-0.7
-0.5
-0.4
-0.4
-0.3
-0.2
-0.1
-0.1
0.0
0.0
0.0
0.2
0.3
0.4
0.6
0.8
1.0
1.2
1.2
1.3
1.4
1.5
1.5
1.3
1.2
1.2
1.3
1.2
1.1
1.1
1.0
1.0
1.1
1.1
1.2
1.2
1.2
1.3
1.4
1.4
1.3
1.2
1.2
1.1
1.1
1.0
1.0
1.1
1.1
1.2
1.3
1.4
1.6
1.7
1.8
1.8
1.8
1.7
1.7
1.7
1.6
1.5
1.5
1.5
1.6
1.7
1.8
1.8
1.8
1.9
1.8
1.8
1.8
1.8
1.7
1.7
1.7
1.7
1.7
1.7
1.7
1.8
1.9
2.1
2.3
2.4
2.5
2.7
2.8
3.0
3.0
3.0
3.0
3.0
2.9
2.9
2.8
2.8
2.7
2.7
2.6
2.6
2.6
2.6
2.5
2.5
2.5
2.4
2.3
2.2
2.1
2.1
2.0
1.8
1.8
1.7
1.7
1.6
1.6
1.6
1.7
1.8
1.8
1.8
1.8
1.8
1.8
1.8
1.7
1.7
1.8
1.8
1.8
1.8
1.9
1.9
2.0
1.9
1.8
1.8
1.8
1.8
1.8
1.8
1.8
1.8
1.7
1.6
1.6
1.5
1.4
1.4
1.3
1.3
1.2
1.2
1.2
1.2
1.2
1.1
1.0
0.9
0.8
0.7
0.6
0.6
0.6
0.6
0.6
0.6
0.7
0.8
0.8
0.8
0.7
0.7
0.6
0.6
0.5
0.5
0.5
0.5
0.5
0.5
0.5
0.5
0.4
0.3
0.2
0.1
0.1
0.0
0.0
0.0
-0.1
-0.1
-0.2
-0.2
-0.3
-0.3
-0.3
-0.3
-0.2
-0.2
-0.2
-0.2
-0.1
-0.1
-0.1
-0.2
-0.2
-0.2
-0.2
-0.1
-0.1
0.0
0.0
0.1
0.1
0.2
0.2
0.2
0.1
0.1
0.2
0.2
0.2
0.2
0.2
0.2
0.2
0.1
0.0
0.0
-0.2
-0.3
-0.5
-0.6
-0.8
-1.0
-1.1
-1.1
-1.1
-1.1
-1.1
-1.0
-0.9
-0.8
-0.8
-0.7
-0.8
-0.8
-0.9
-0.9
-1.0
-1.0
-1.0
-1.1
-1.1
-1.1
-1.1
-1.1
-1.1
-1.0
-1.0
-1.0
-0.9
-0.8
-0.7
-0.6
-0.5
-0.5
-0.5
-0.6
-0.6
-0.8
-0.9
-0.9
-1.0
-1.0
-1.0
-0.9
-0.9
-0.8
-0.7
-0.7
-0.6
-0.7
-0.7
-0.7
-0.7
-0.8
-0.8
-0.9
-1.0
-1.0
-1.1
-1.1
-1.1
-1.1
-1.1
-1.1
-1.1
-1.1
-1.1
-1.1
-1.2
-1.3
-1.4
-1.5
-1.6
-1.6
-1.7
-1.7
-1.7
-1.7
-1.7
-1.7
-1.6
-1.6
-1.6
-1.5
-1.5
-1.4
-1.3
-1.3
-1.4
-1.4
-1.5
-1.6
-1.7
-1.8
-1.8
-1.8
-1.7
-1.6
-1.7
-1.6
-1.6
-1.5
-1.5
-1.6
-1.7
-1.8
-1.7
-1.6
-1.5
-1.5
-1.4
-1.2
-1.0
-0.9
-1.0
-1.1
-1.1
-1.2
-1.3
-1.4
-1.6
-1.7
-1.6
-1.5
-1.3
-1.2
-0.9
-0.7
-0.4
-0.2
0.0
0.2
0.4
0.6
0.8
0.9
1.0
1.0
1.0
0.9
0.9
1.0
1.0
1.0
1.0
1.0
1.0
1.0
1.0
0.9
0.9
0.9
0.9
1.0
1.0
1.2
1.3
1.3
1.4
1.4
1.3
1.3
1.3
1.3
1.3
1.3
1.4
1.5
1.5
1.5
1.5
1.4
1.4
1.3
1.3
1.3
1.4
1.4
1.5
1.6
1.7
1.7
1.7
1.7
1.7
1.6
1.5
1.5
1.4
1.4
1.4
1.3
1.3
1.2
1.1
1.0
1.0
0.9
0.8
0.8
0.7
0.7
0.7
0.7
0.7
0.7
0.6
0.5
0.4
0.3
0.2
0.1
0.0
0.0
0.0
0.0
0.0
0.0
0.0
0.0
-0.1
-0.1
-0.1
-0.1
-0.1
-0.1
-0.1
-0.1
-0.1
-0.2
-0.1
-0.1
-0.1
-0.1
-0.1
-0.1
-0.1
0.0
0.0
0.0
0.0
0.0
0.0
0.0
0.0
0.0
-0.1
-0.1
-0.2
-0.3
-0.3
-0.3
-0.3
-0.3
-0.3
-0.3
-0.3
-0.3
-0.3
-0.2
-0.2
-0.2
-0.2
-0.3
-0.3
-0.4
-0.5
-0.6
-0.7
-0.7
-0.8
-0.8
-0.8
-0.8
-0.9
-0.8
-0.8
-0.8
-0.8
-0.7
-0.7
-0.7
-0.6
-0.6
-0.5
-0.4
-0.4
-0.4
-0.4
-0.4
-0.4
-0.4
-0.5
-0.6
-0.7
-0.7
-0.7
-0.7
-0.6
-0.6
-0.6
-0.7
-0.7
-0.7
-0.7
-0.7
-0.8
-0.8
-0.7
-0.7
-0.6
-0.6
-0.5
-0.4
-0.3
-0.3
-0.4
-0.5
-0.6
-0.7
-0.7
-0.8
-0.9
-1.0
-1.1
-1.1
-1.1
-1.1
-1.1
-1.1
-1.1
-1.2
-1.2
-1.2
-1.3
-1.3
-1.5
-1.5
-1.6
-1.6
-1.6
-1.5
-1.4
-1.3
-1.3
-1.2
-1.2
-1.2
-1.2
-1.2
-1.2
-1.3
-1.3
-1.4
-1.4
-1.4
-1.5
-1.5
-1.5
-1.5
-1.5
-1.6
-1.6
-1.6
-1.7
-1.7
-1.7
-1.7
-1.7
-1.6
-1.6
-1.5
-1.5
-1.5
-1.5
-1.5
-1.4
-1.4
-1.4
-1.3
-1.3
-1.3
-1.2
-1.2
-1.1
-1.1
-1.1
-1.1
-1.1
-1.1
-1.1
-1.1
-1.1
-1.1
-1.1
-1.1
-1.0
-1.0
-1.0
-1.0
-1.0
-1.0
-1.0
-1.0
-1.0
-1.0
-0.9
-1.0
-1.0
-1.0
-1.1
-1.1
-1.2
-1.3
-1.4
-1.5
-1.7
-1.8
-1.9
-2.0
-2.1
-2.1
-2.1
-2.1
-2.1
-2.1
-2.0
-2.0
-2.0
-1.9
-1.9
-1.9
-2.0
-2.0
-2.0
-2.0
-2.0
-2.1
-2.1
-2.2
-2.2
-2.3
-2.3
-2.4
-2.5
-2.4
-2.4
-2.4
-2.3
-2.2
-2.1
-2.0
-2.0
-2.0
-2.0
-2.0
-2.0
-2.0
-2.0
-2.0
-2.0
-2.0
-1.9
-1.8
-1.8
-1.9
-1.9
-2.0
-2.0
-2.0
-2.1
-2.2
-2.2
-2.2
-2.2
-2.2
-2.2
-2.2
-2.3
-2.4
-2.5
-2.6
-2.7
-2.7
-2.7
-2.7
-2.6
-2.6
-2.5
-2.5
-2.5
-2.6
-2.6
-2.6
-2.5
-2.5
-2.5
-2.4
-2.4
-2.3
-2.3
-2.3
-2.3
-2.4
-2.5
-2.6
-2.8
-2.9
-2.9
-2.9
-2.8
-2.7
-2.6
-2.4
-2.1
-1.9
-1.7
-1.6
-1.6
-1.5
-1.4
-1.3
-1.3
-1.2
-1.1
-1.0
-0.9
-0.8
-0.7
-0.7
-0.6
-0.6
-0.6
-0.6
-0.6
-0.7
-0.7
-0.7
-0.7
-0.7
-0.8
-0.9
-0.9
-0.9
-0.9
-0.9
-0.8
-0.8
-0.8
-0.8
-0.8
-0.8
-0.8
-0.9
-0.9
-1.0
-1.0
-1.1
-1.2
-1.3
-1.3
-1.4
-1.4
-1.5
-1.5
-1.5
-1.4
-1.4
-1.4
-1.4
-1.4
-1.4
-1.5
-1.5
-1.5
-1.5
-1.5
-1.5
-1.6
-1.7
-1.8
-1.8
-1.8
-1.9
-1.9
-1.9
-1.9
-1.9
-1.8
-1.8
-1.8
-1.9
-1.8
-1.8
-1.7
-1.7
-1.7
-1.6
-1.6
-1.6
-1.7
-1.7
-1.7
-1.7
-1.7
-1.7
-1.6
-1.6
-1.5
-1.5
-1.5
-1.6
-1.7
-1.7
-1.8
-1.9
-2.0
-2.0
-1.9
-1.8
-1.8
-1.8
-1.8
-1.8
-1.8
-1.8
-1.8
-1.8
-1.8
-1.9
-1.9
-2.0
-2.0
-2.1
-2.1
-2.1
-2.1
-2.1
-2.0
-1.9
-1.7
-1.7
-1.7
-1.6
-1.6
-1.5
-1.5
-1.5
-1.4
-1.4
-1.4
-1.5
-1.5
-1.6
-1.7
-1.8
-1.8
-1.9
-2.0
-2.1
-2.1
-2.2
-2.2
-2.2
-2.2
-2.2
-2.3
-2.3
-2.4
-2.4
-2.4
-2.4
-2.5
-2.4
-2.4
-2.4
-2.4
-2.4
-2.4
-2.4
-2.4
-2.5
-2.5
-2.5
-2.5
-2.5
-2.5
-2.5
-2.5
-2.4
-2.4
-2.3
-2.2
-2.1
-2.0
-1.9
-1.7
-1.7
-1.6
-1.6
-1.6
-1.6
-1.7
-1.8
-1.9
-2.0
-2.0
-2.1
-2.1
-2.2
-2.2
-2.2
-2.1
-2.1
-2.1
-2.1
-2.1
-2.1
-2.1
-2.1
-2.0
-2.0
-2.0
-2.1
-2.1
-2.0
-2.0
-1.9
-1.8
-1.7
-1.5
-1.4
-1.3
-1.3
-1.3
-1.3
-1.4
-1.5
-1.7
-1.8
-1.9
-2.0
-2.0
-2.1
-2.2
-2.3
-2.3
-2.4
-2.4
-2.4
-2.3
-2.2
-2.2
-2.2
-2.1
-2.0
-2.0
-2.0
-2.0
-2.0
-2.0
-2.0
-2.0
-2.1
-2.2
-2.2
-2.3
-2.4
-2.4
-2.5
-2.5
-2.6
-2.6
-2.5
-2.5
-2.5
-2.4
-2.4
-2.3
-2.3
-2.3
-2.3
-2.4
-2.4
-2.3
-2.3
-2.2
-2.2
-2.2
-2.2
-2.2
-2.2
-2.3
-2.4
-2.4
-2.5
-2.5
-2.5
-2.5
-2.4
-2.3
-2.2
-2.2
-2.1
-2.0
-2.0
-1.9
-1.8
-1.8
-1.8
-1.7
-1.8
-1.7
-1.8
-1.9
-2.0
-2.1
-2.2
-2.2
-2.3
-2.3
-2.3
-2.3
-2.3
-2.3
-2.3
-2.4
-2.5
-2.5
-2.5
-2.6
-2.6
-2.5
-2.5
-2.5
-2.5
-2.4
-2.4
-2.4
-2.4
-2.4
-2.4
-2.4
-2.4
-2.5
-2.5
-2.5
-2.6
-2.6
-2.6
-2.6
-2.6
-2.6
-2.5
-2.5
-2.5
-2.5
-2.5
-2.5
-2.5
-2.4
-2.4
-2.4
-2.4
-2.3
-2.3
-2.3
-2.3
-2.3
-2.3
-2.3
-2.3
-2.3
-2.2
-2.2
-2.1
-2.0
-1.9
-1.8
-1.8
-1.9
-1.9
-1.9
-1.9
-2.0
-2.0
-2.0
-2.1
-2.1
-2.0
-1.9
-1.9
-1.9
-2.0
-2.2
-2.3
-2.4
-2.4
-2.5
-2.5
-2.6
-2.5
-2.5
-2.4
-2.3
-2.3
-2.3
-2.4
-2.4
-2.5
-2.7
-2.7
-2.8
-2.9
-3.0
-3.0
-3.0
-2.9
-2.9
-2.8
-2.7
-2.6
-2.5
-2.5
-2.4
-2.4
-2.3
-2.3
-2.2
-2.2
-2.2
-2.2
-2.2
-2.1
-2.1
-2.2
-2.2
-2.2
-2.3
-2.4
-2.5
-2.7
-2.8
-2.9
-3.0
-3.1
-3.2
-3.3
-3.3
-3.3
-3.3
-3.2
-3.2
-3.2
-3.3
-3.3
-3.4
-3.4
-3.5
-3.6
-3.7
-3.8
-3.8
-3.8
-3.9
-3.9
-3.9
-4.0
-4.0
-4.1
-4.1
-4.2
-4.2
-4.3
-4.3
-4.3
-4.3
-4.4
-4.4
-4.4
-4.5
-4.5
-4.6
-4.7
-4.7
-4.7
-4.7
-4.7
-4.7
-4.7
-4.6
-4.6
-4.5
-4.5
-4.6
-4.6
-4.6
-4.6
-4.6
-4.5
-4.5
-4.4
-4.3
-4.2
-4.2
-4.2
-4.2
-4.2
-4.2
-4.2
-4.3
-4.3
-4.3
-4.4
-4.5
-4.5
-4.6
-4.6
-4.7
-4.8
-4.8
-4.8
-4.8
-4.9
-4.9
-5.0
-5.0
-5.1
-5.1
-5.2
-5.2
-5.1
-5.0
-4.9
-4.7
-4.5
-4.4
-4.4
-4.3
-4.1
-4.1
-4.1
-4.1
-4.2
-4.2
-4.2
-4.2
-4.3
-4.3
-4.3
-4.3
-4.2
-4.2
-4.2
-4.2
-4.2
-4.3
-4.3
-4.4
-4.5
-4.6
-4.7
-4.7
-4.7
-4.6
-4.5
-4.4
-4.4
-4.3
-4.2
-4.1
-4.1
-4.0
-4.0
-3.9
-3.9
-3.9
-3.9
-3.8
-3.7
-3.7
-3.6
-3.5
-3.5
-3.4
-3.4
-3.4
-3.5
-3.6
-3.7
-3.8
-3.9
-4.0
-4.0
-4.0
-4.0
-3.9
-3.9
-3.9
-3.9
-3.9
-3.9
-3.8
-3.8
-3.8
-3.8
-3.7
-3.7
-3.7
-3.6
-3.6
-3.6
-3.6
-3.5
-3.5
-3.5
-3.4
-3.4
-3.4
-3.3
-3.4
-3.3
-3.3
-3.2
-3.2
-3.1
-3.1
-3.1
-3.2
-3.2
-3.1
-3.1
-3.1
-3.1
-3.1
-3.1
-3.0
-3.0
-2.9
-3.0
-3.0
-3.0
-3.0
-3.0
-3.0
-3.0
-3.0
-3.0
-3.0
-3.0
-3.0
-3.0
-3.0
-2.9
-2.9
-3.0
-3.0
-3.0
-3.0
-3.0
-3.1
-3.0
-3.0
-2.9
-2.9
-2.9
-2.9
-2.9
-3.0
-3.1
-3.3
-3.4
-3.5
-3.5
-3.4
-3.3
-3.2
-3.1
-3.0
-2.9
-2.8
-2.8
-2.8
-2.9
-2.8
-2.8
-2.8
-2.7
-2.7
-2.7
-2.6
-2.6
-2.6
-2.6
-2.6
-2.6
-2.5
-2.5
-2.5
-2.5
-2.5
-2.5
-2.5
-2.5
-2.6
-2.6
-2.6
-2.6
-2.7
-2.7
-2.7
-2.8
-2.8
-2.8
-2.9
-2.9
-2.9
-3.0
-3.0
-3.1
-3.2
-3.2
-3.3
-3.4
-3.4
-3.4
-3.4
-3.3
-3.2
-3.2
-3.1
-3.1
-3.0
-3.1
-3.1
-3.2
-3.3
-3.4
-3.5
-3.5
-3.5
-3.5
-3.5
-3.4
-3.4
-3.3
-3.2
-3.1
-3.1
-3.1
-3.1
-3.1
-3.1
-3.2
-3.2
-3.2
-3.2
-3.1
-3.1
-3.0
-2.9
-2.8
-2.7
-2.6
-2.5
-2.5
-2.5
-2.5
-2.5
-2.5
-2.6
-2.7
-2.7
-2.9
-3.0
-3.1
-3.2
-3.2
-3.2
-3.3
-3.3
-3.4
-3.5
-3.6
-3.7
-3.9
-4.0
-4.0
-4.1
-4.0
-4.0
-3.9
-3.8
-3.8
-3.8
-3.8
-3.8
-3.9
-4.0
-4.1
-4.1
-4.1
-4.1
-4.0
-3.9
-3.8
-3.7
-3.6
-3.6
-3.6
-3.6
-3.7
-3.8
-3.9
-4.0
-3.9
-3.7
-3.5
-3.2
-3.1
-3.0
-2.9
-2.9
-3.0
-3.2
-3.3
-3.4
-3.4
-3.3
-3.2
-3.1
-3.0
-2.9
-2.9
-2.9
-2.8
-2.8
-2.8
-2.9
-2.9
-2.8
-2.8
-2.8
-2.9
-2.8
-2.7
-2.6
-2.4
-2.3
-2.3
-2.2
-2.2
-2.1
-1.7
-1.4
-1.4
-1.5
-1.4
-1.3
-1.3
-1.5
-1.8
-2.1
-2.1
-2.1
-2.0
-1.7
-1.4
-1.0
-0.8
-0.5
-0.3
-0.2
0.0
0.2
0.4
0.7
0.8
0.9
1.0
1.1
1.1
1.0
0.9
0.8
0.8
0.8
0.9
1.0
1.1
1.2
1.3
1.5
1.6
1.7
1.7
1.7
1.8
1.8
1.8
1.8
1.8
1.8
1.9
2.0
2.1
2.1
2.1
2.0
2.0
2.0
1.9
1.8
1.8
1.9
2.1
2.2
2.3
2.4
2.5
2.5
2.4
2.2
2.1
2.1
2.1
2.0
2.0
1.9
1.9
1.9
1.9
1.9
1.9
1.8
1.8
1.8
1.8
1.9
1.9
1.8
1.7
1.7
1.6
1.6
1.6
1.6
1.6
1.6
1.6
1.7
1.7
1.7
1.7
1.5
1.3
1.3
1.3
1.4
1.5
1.7
1.9
2.0
1.9
1.8
1.9
1.8
1.5
1.2
1.0
0.9
0.9
1.0
1.3
1.9
2.5
3.1
3.4
3.5
3.5
3.6
3.6
3.4
3.1
2.8
2.8
3.0
3.3
3.6
3.9
4.2
4.5
4.9
5.5
6.3
7.5
8.5
9.1
9.5
10.0
10.6
11.1
11.7
12.3
13.0
13.5
13.9
14.5
15.3
16.0
16.5
16.7
17.0
17.5
18.5
19.5
20.4
21.2
22.2
23.3
24.4
25.0
25.2
25.6
26.4
27.2
27.8
28.2
28.7
29.3
30.1
31.1
32.2
32.9
33.4
33.9
34.5
35.2
35.8
36.2
36.5
36.9
37.3
37.7
38.0
38.3
38.7
39.2
39.8
40.5
41.0
41.4
42.0
42.5
43.0
43.3
43.3
43.4
43.4
43.5
43.6
43.6
43.7
43.9
44.2
44.5
44.7
45.0
45.2
45.2
45.2
45.1
44.9
44.7
44.3
43.9
43.5
43.1
42.7
42.3
42.0
41.6
41.3
41.0
40.6
40.2
39.7
39.1
38.5
37.9
37.4
36.7
36.2
35.6
35.0
34.4
33.9
33.4
32.8
32.3
31.8
31.4
31.0
30.6
30.2
29.8
29.4
29.1
28.7
28.4
28.1
27.8
27.6
27.3
27.1
26.8
26.5
26.2
25.9
25.5
25.2
24.9
24.6
24.3
24.0
23.7
23.3
22.9
22.5
22.0
21.6
21.2
20.7
20.3
19.9
19.6
19.3
19.0
18.7
18.5
18.3
18.1
17.9
17.8
17.6
17.3
17.0
16.7
16.3
16.0
15.6
15.2
14.9
14.6
14.2
13.9
13.6
13.3
13.0
12.8
12.5
12.3
12.1
11.9
11.6
11.4
11.2
11.0
10.7
10.5
10.2
10.0
9.8
9.6
9.4
9.2
9.0
8.9
8.7
8.5
8.3
8.1
8.0
7.9
7.8
7.7
7.5
7.4
7.3
7.1
7.0
6.8
6.6
6.3
6.1
5.9
5.8
5.6
5.4
5.2
5.0
4.8
4.6
4.5
4.3
4.1
3.9
3.7
3.6
3.4
3.2
3.0
2.8
2.6
2.4
2.2
2.0
1.7
1.5
1.3
1.1
1.0
0.8
0.6
0.5
0.3
0.2
0.1
0.0
0.0
-0.2
-0.2
-0.3
-0.4
-0.5
-0.6
-0.8
-0.8
-1.0
-1.1
-1.3
-1.4
-1.4
-1.5
-1.6
-1.6
-1.7
-1.7
-1.7
-1.8
-1.9
-2.0
-2.0
-2.2
-2.2
-2.3
-2.5
-2.6
-2.7
-2.8
-2.9
-3.0
-3.1
-3.2
-3.3
-3.4
-3.6
-3.7
-3.9
-4.0
-4.2
-4.3
-4.5
-4.6
-4.8
-4.9
-5.0
-5.1
-5.3
-5.4
-5.5
-5.5
