-2.6
-2.8
-0.7
-1.7
-1.7
-2.2
-3.9
-4.1
-5.7
-4.5
-3.3
-2.6
-2.7
-2.7
-1.8
-1.7
-2.6
-1.2
-1.6
-1.4
-1.5
-1.4
-0.5
-2.0
-2.1
-1.6
-1.5
-1.0
-1.0
-0.8
-2.0
-3.3
-2.1
-1.7
-0.9
-0.1
-1.1
-1.4
-1.9
-1.4
-0.8
-1.5
-3.1
-2.3
-3.2
-1.5
-2.0
-2.7
-1.3
-2.3
-1.7
-3.0
-3.8
-4.0
-2.7
-3.6
-2.4
-2.9
-2.5
-2.7
-2.9
-2.3
-1.3
-3.1
-2.7
-2.8
-1.4
-1.6
-1.9
-1.1
0.7
-3.0
-1.0
-3.2
-1.0
-3.5
-2.6
-1.6
-1.7
-2.0
-1.8
-1.1
-1.1
-2.4
-2.9
-2.0
-1.9
-2.1
-1.0
-0.3
-1.5
-1.2
-1.0
-1.7
-2.6
-2.7
-2.1
-0.2
-0.5
-2.5
-1.4
-3.4
-2.2
-0.3
-1.5
-0.9
-1.5
-2.7
0.0
-0.5
-0.4
-0.4
-1.1
-0.9
-0.3
0.3
1.2
-0.8
-2.3
-3.7
-2.4
-0.4
0.2
-1.2
-2.1
-2.2
-0.7
-1.3
-0.3
-1.4
-2.0
-1.2
-1.5
0.0
0.0
-0.4
0.4
-1.1
-1.7
-2.9
-1.7
-1.2
-0.3
0.1
0.9
-1.0
-1.5
-1.8
-2.2
-1.4
-1.5
-0.9
-1.6
-2.9
-2.6
-3.0
-3.6
-2.4
-1.3
-1.3
-0.3
0.0
-0.1
-0.6
-1.5
-1.0
0.2
-2.1
-1.9
-0.8
-3.1
-3.0
-3.0
-2.2
-0.5
-2.9
-1.7
-1.0
-1.6
-2.2
-1.7
-2.8
-2.2
-2.8
-1.1
-0.9
-1.9
-2.1
-1.6
-1.8
-2.3
-2.7
-2.0
-2.0
-2.8
-3.6
-2.9
-2.3
-2.5
-3.2
-3.2
-2.5
-1.8
-3.1
-0.4
-3.0
-2.2
-3.1
-3.8
-2.5
-3.4
-3.9
-2.8
-2.2
-0.8
-1.3
-1.3
-2.2
-3.7
-3.2
-2.2
-1.8
-0.8
-3.2
-3.2
-3.5
-2.9
-2.0
-2.9
-1.8
-1.3
0.0
-0.3
-1.1
-1.6
-1.5
-2.3
-1.8
-1.6
-0.7
0.0
0.5
2.0
1.2
1.7
2.1
1.6
0.9
0.2
0.8
0.6
0.6
1.6
1.2
0.7
0.0
1.1
2.8
1.7
0.9
0.3
-0.3
0.0
-0.1
-1.2
-0.1
-0.9
1.4
-0.5
0.0
-1.2
-2.2
-1.6
-1.9
0.1
-0.2
-0.8
-0.9
-1.2
-0.9
-2.4
-1.4
-0.6
0.4
-0.9
0.1
-1.5
-1.3
-1.3
-2.1
-1.9
-2.4
-2.6
-3.0
-4.8
-2.7
-1.9
-2.8
-4.2
-5.8
-3.5
-2.2
-1.4
-1.7
-2.4
-2.7
-2.1
-3.4
-4.6
-3.6
-2.5
-2.6
-1.6
-3.2
-2.5
-3.0
-3.2
-1.6
-2.6
-3.3
-4.4
-2.2
-3.9
-4.3
-5.0
-3.0
-1.9
-2.1
-2.7
-1.7
-0.8
-2.4
-3.2
-4.4
-3.8
-3.4
-3.5
-4.2
-3.6
-4.3
-2.1
-3.2
-3.7
-2.6
-2.8
-3.3
-4.1
-3.9
-3.0
-2.8
-4.1
-2.9
-2.2
-3.6
-4.2
-2.2
-2.9
-1.8
-2.5
-3.0
-2.8
-4.8
-3.7
-3.3
-1.9
-2.0
-2.6
-2.9
-1.6
-2.9
-3.8
-3.7
-4.8
-3.3
-2.7
-2.1
-1.3
-0.5
-0.5
-1.3
-2.7
-5.6
-4.0
-4.7
-3.5
-2.6
-2.8
-2.4
-2.9
-2.0
-1.4
-2.7
-2.3
-3.4
-3.9
-3.7
-1.5
-1.7
-2.5
-2.9
-3.0
-3.7
-2.4
-2.3
-1.8
-1.7
-1.7
-1.3
-0.7
-1.1
-2.7
-3.3
-4.5
-5.2
-4.4
-5.5
-3.7
-3.6
-2.5
-1.5
-2.0
-3.2
-2.8
-2.8
-2.7
-1.5
-3.3
-2.0
-3.2
-0.7
-2.0
-1.4
-1.1
-2.7
-2.8
-4.2
-5.6
-2.6
-4.0
-3.7
-3.8
-4.1
-4.2
-3.8
-2.7
-3.5
-2.7
-3.2
-1.6
-1.5
-4.5
-3.0
-2.4
-2.2
-1.7
-3.7
-4.9
-4.9
-4.9
-3.4
-2.5
-2.7
-1.5
-3.8
-4.2
-4.7
-3.5
-3.7
-4.5
-3.6
-3.2
-3.1
-3.2
-2.7
-2.4
-2.4
-3.0
-4.0
-5.5
-4.9
-2.0
-3.4
-4.1
-4.9
-4.3
-3.0
-2.7
-3.7
-3.3
-3.8
-3.9
-3.3
-3.0
-3.0
-3.5
-3.2
-3.7
-2.6
-2.6
-3.2
-3.6
-4.1
-2.9
-4.1
-6.0
-3.7
-4.1
-2.2
-2.6
-3.9
-3.8
-3.8
-3.0
-3.2
-4.4
-4.8
-5.1
-4.1
-4.1
-3.6
-3.9
-3.7
-4.5
-3.0
-4.2
-4.2
-3.8
-4.5
-3.4
-3.6
-3.1
-2.7
-3.7
-6.1
-4.7
-3.9
-3.7
-4.3
-6.6
-6.6
-3.4
-3.9
-2.4
-3.9
-4.3
-5.6
-5.3
-3.5
-0.6
-1.0
-3.5
-5.0
-6.2
-4.6
-2.5
-0.1
-0.4
-2.5
-6.0
-3.6
-2.4
-0.2
0.0
-2.0
-3.8
-3.2
-2.9
-1.1
-1.4
-1.8
-2.1
-1.3
-2.0
-1.2
0.0
-2.0
-3.3
-4.7
-4.1
-1.8
-1.3
0.1
0.0
0.0
-3.5
-5.0
-5.2
-2.4
-3.2
-3.0
-3.2
-2.4
-0.1
-1.3
-2.1
-3.8
-2.2
-1.5
-0.8
-2.2
-1.5
-3.0
-2.0
-1.7
-1.3
-2.8
-2.4
-2.3
-0.5
-0.9
-1.5
-2.9
-3.4
-3.4
-1.4
-1.7
-1.5
-1.9
-1.7
-0.8
-0.5
0.0
0.4
-2.0
-3.1
-3.2
-1.2
-1.1
-0.9
-1.2
-1.7
-1.2
-1.4
-0.7
0.2
1.0
1.8
1.7
1.7
0.5
0.8
2.9
3.1
1.2
1.2
1.1
1.2
0.5
-1.1
-0.2
0.1
-0.5
0.2
0.8
1.3
1.3
1.0
1.5
0.9
-0.8
0.1
-1.7
0.4
0.9
-0.6
-2.4
-2.6
-1.2
-0.3
-0.4
-2.5
-3.6
-4.1
-2.9
-2.3
-1.1
-1.7
-1.6
-2.4
-1.5
-2.7
-2.1
-3.7
-4.0
-1.5
-0.4
-0.5
-1.9
-3.2
-5.8
-5.1
-4.8
-2.7
-1.5
-2.1
-1.6
-2.3
-1.8
-1.1
-3.4
-5.3
-4.1
-2.1
-0.9
-1.6
-3.2
-2.1
-1.9
-3.0
-5.0
-4.9
-4.5
-4.1
-3.0
-2.8
-3.0
-2.7
-3.8
-3.6
-2.1
-3.4
-2.5
-3.0
-2.2
-1.3
-3.5
-2.8
-2.9
-1.2
-0.6
-1.7
-1.4
-1.9
-1.4
-1.9
-3.0
-3.5
-1.6
0.9
0.8
-1.7
-2.4
-1.8
-1.2
0.3
-2.1
-1.9
-0.8
-0.6
0.0
-2.4
-3.5
-2.4
-1.2
-1.5
-1.8
-1.2
-1.9
-1.9
-3.3
-2.0
-2.0
-3.8
-1.8
-1.1
-0.7
-2.2
-1.5
-2.8
-1.3
-1.4
-0.1
0.0
-1.6
-2.7
-3.4
-3.7
-4.5
-3.0
-2.0
-1.3
-2.2
-2.4
-3.2
-3.2
-2.0
-1.3
-1.4
-3.5
-3.3
-3.4
-1.8
-1.6
-2.5
-2.9
-3.4
-2.7
-1.1
-0.4
-1.5
-2.8
-2.5
0.1
0.0
0.1
-0.3
-0.7
-2.2
-4.0
-3.6
-2.2
0.0
-1.3
-1.6
-1.7
-2.5
-1.2
-2.0
-0.8
-0.1
0.3
0.9
0.9
-0.6
-2.4
-3.2
-0.5
-0.4
-0.1
-2.3
-1.2
-2.5
-1.9
-3.4
-2.8
-1.7
-1.3
-0.6
-1.7
-3.4
-4.0
-4.3
-3.3
-2.7
-0.6
-3.6
-4.0
-5.3
-3.0
-2.0
-1.2
-1.6
-1.9
-2.3
-2.2
-1.9
-2.2
-4.1
-4.0
-3.0
-2.5
-3.3
-2.0
-1.1
-1.9
-2.2
-2.1
1.3
0.0
-1.1
-1.9
-2.2
-1.3
-3.0
-1.4
-0.8
1.2
0.2
-1.2
-1.4
-3.4
-0.6
-0.9
0.0
-0.9
-2.6
-2.5
-2.0
-2.1
-1.2
-1.3
-2.1
-2.1
-2.0
-0.9
-0.2
-0.8
-0.4
-0.8
-1.4
-1.8
-2.7
-3.7
-2.1
-2.3
-1.2
0.1
-0.3
-1.5
-1.2
-2.4
-2.6
-1.5
-0.5
0.7
-1.0
-2.5
-1.8
-1.4
0.1
0.3
0.5
-1.4
-2.5
-2.7
-1.8
-0.7
0.4
-0.7
-0.4
0.2
-0.6
-1.6
-2.4
-1.2
-1.3
-0.9
-2.0
-0.5
-0.8
-0.8
-1.7
-1.8
-0.5
-2.0
-0.8
0.0
0.8
1.9
0.8
-0.3
-1.0
-1.3
-1.4
-1.8
-1.7
-0.8
0.9
2.3
3.2
3.0
1.2
2.4
1.1
1.1
0.2
1.4
1.8
3.2
3.3
3.2
2.9
4.0
2.1
2.2
1.8
1.2
-0.1
-0.2
-0.5
0.0
0.7
-0.2
-0.5
0.0
1.6
0.4
-0.1
-0.1
-2.9
-0.1
0.0
0.0
0.8
0.9
-0.5
0.3
-0.3
-1.5
-2.4
-2.9
-3.4
-3.9
-2.7
-1.9
-0.4
0.6
1.2
0.8
2.0
-1.2
-2.0
-1.8
-0.3
-0.9
-1.1
-2.4
-1.5
-1.5
0.3
-0.3
1.1
0.0
0.0
0.2
0.3
-0.2
0.1
0.5
0.3
-0.8
-1.6
-3.9
-3.4
-3.0
-2.8
-1.0
0.9
1.1
0.1
-0.9
-2.0
-3.2
-2.6
-1.7
-1.3
-0.2
-2.1
-2.0
-2.8
-1.4
-2.6
-2.9
-3.9
-3.7
-3.9
-2.1
-0.8
-0.8
-1.4
-4.0
-5.1
-4.4
-2.6
-2.9
-0.2
-1.2
-2.0
-2.2
-3.0
-2.8
-1.5
-2.2
-1.1
-1.1
-1.5
-1.2
0.0
-1.0
-1.8
-3.9
-3.9
-4.3
-4.6
-3.5
-3.5
-2.1
-1.5
-2.1
-2.6
-2.6
-3.5
-3.0
-3.3
-3.1
-1.1
-3.5
-1.3
-1.9
0.6
0.8
0.3
-1.6
-1.7
-1.3
-0.8
-1.9
-4.2
-3.0
-3.7
-1.4
0.0
1.7
1.7
-0.3
-1.2
-1.1
-0.7
-2.0
-2.9
-2.6
-0.8
0.0
-0.3
0.7
0.0
-2.2
-2.5
-1.8
-1.6
-0.5
-2.0
0.3
0.3
0.3
-0.8
-1.1
-2.4
-2.8
-1.1
0.7
2.0
2.1
2.4
1.6
1.1
1.6
0.7
2.3
2.3
2.7
3.9
3.5
6.2
5.3
4.4
4.7
5.7
4.4
2.3
3.3
1.6
3.8
5.3
4.6
2.9
1.0
1.2
4.4
5.0
3.6
3.7
2.3
-0.2
0.6
0.4
3.4
0.8
1.4
1.2
1.1
1.7
1.6
2.2
0.6
-1.1
0.1
1.7
3.0
3.8
3.4
1.9
1.8
1.2
1.8
-0.5
0.1
-0.3
0.2
0.0
-0.2
0.3
1.7
-0.3
-0.6
-0.7
-1.1
-2.3
-0.2
-0.6
1.6
0.9
2.1
0.5
-0.1
-0.2
-2.7
-2.3
-2.9
-3.2
-4.1
-3.4
-2.7
0.2
-1.0
-0.2
-0.2
-0.7
-1.5
-1.1
-0.6
-1.0
-2.4
-1.8
-0.2
-1.7
-1.9
-2.4
-2.9
-2.8
-2.2
-2.3
0.7
0.2
-0.7
-0.9
-2.1
-3.4
-2.2
-1.7
0.1
0.9
-1.0
-2.0
-2.0
0.9
2.0
0.8
0.5
0.3
2.6
0.4
-0.7
-1.4
-1.7
-2.7
-2.2
-2.5
-0.6
-1.6
0.5
0.2
-2.0
-1.1
-0.7
0.9
0.3
-1.7
-3.0
-2.4
-3.2
-4.0
-3.7
-3.0
-0.8
-1.3
-1.2
-1.0
-0.5
0.7
-1.6
-2.0
-1.3
-1.5
-0.5
-1.0
-1.0
-2.1
-1.6
-2.3
-0.7
-2.0
-2.3
-3.3
-1.6
-0.3
-3.0
-1.5
-2.5
-1.4
-1.2
-0.7
-1.4
-1.0
-0.7
0.3
0.0
-1.1
-0.2
-1.8
-2.0
-1.8
-1.4
-2.4
-2.2
-2.0
-2.4
-0.7
-1.8
-1.0
-1.1
-0.3
-2.7
-0.1
-1.8
-1.2
-0.7
-0.8
-0.5
-1.5
-2.5
-2.9
-1.6
-1.7
-1.7
-1.0
0.6
-1.2
-2.4
-2.1
-1.9
0.3
-1.6
-2.4
-1.6
-1.2
-1.2
-1.1
-1.2
-1.5
-1.8
-2.3
-1.9
-2.1
-1.5
-1.4
-0.5
-2.2
-1.0
-1.3
-0.9
-1.2
-2.9
-3.0
-1.3
-0.3
-0.1
-0.4
-0.6
-1.2
-0.7
-1.1
-3.1
-1.6
-0.4
0.3
-0.8
-1.0
-1.3
0.2
0.0
-0.5
1.3
-0.3
-3.5
-4.3
-1.4
-1.2
1.2
0.0
-1.5
0.0
-1.3
-1.6
-1.4
-2.6
-1.6
-1.9
-0.8
-1.3
-0.1
-0.2
0.2
-0.3
-1.5
-2.7
-2.7
-1.9
-1.8
-1.9
-1.5
-0.3
0.0
-0.8
-1.9
-1.9
-2.2
-1.5
-2.1
-1.0
-2.2
-3.9
-3.3
-2.6
-0.8
-2.5
-1.6
-1.6
-2.1
-2.4
-1.9
-2.4
-2.2
-1.7
-2.0
-1.6
-3.2
-1.8
-0.7
-1.0
-1.7
-2.2
-1.7
-2.3
-2.5
-2.2
-0.3
-0.7
-2.0
-2.5
-3.1
-3.0
-1.7
-4.1
-3.3
-3.3
-4.3
-2.0
-0.1
-1.7
-1.5
-2.7
-2.1
-2.3
-1.4
-0.9
-1.8
-1.1
-2.0
-1.0
-0.2
-0.4
-0.4
-1.7
-1.7
-1.5
-3.6
-1.9
-1.5
-0.6
-0.4
-0.3
-0.4
-0.9
-0.7
-0.1
0.5
-1.3
0.0
0.3
0.6
-1.0
-2.4
-0.7
-0.6
0.5
-0.3
-0.8
-0.4
-0.5
-0.8
-1.0
-1.4
-0.6
0.0
-0.4
-0.4
0.3
-0.2
0.9
1.5
0.6
0.0
1.8
0.9
0.7
0.9
-1.0
-0.2
-0.4
0.3
0.2
0.4
0.0
1.2
0.7
-1.9
-1.5
-0.3
-1.4
-1.8
-2.1
0.2
-0.1
0.3
-1.7
-1.1
-3.4
-4.1
-2.5
-2.5
-1.1
-1.3
-1.8
-1.7
-1.5
-2.2
-1.8
-2.9
-3.2
-0.9
-0.5
0.9
-2.2
-1.6
-1.9
-1.7
-1.5
-1.0
-1.5
-0.3
-2.1
-2.9
-2.2
-1.7
-1.9
-2.0
-1.4
-0.3
-0.9
-0.8
-0.5
-2.0
-3.1
-2.1
-1.4
-0.8
-0.5
-1.6
-1.1
-1.8
-1.4
-0.3
0.7
-0.2
-0.5
-1.1
-2.1
-2.1
-2.1
-0.2
0.0
0.6
0.8
0.0
1.6
1.4
1.4
1.1
0.8
2.2
3.1
2.1
3.0
2.9
6.4
5.8
5.3
3.5
1.1
2.1
3.2
3.3
3.3
1.6
1.6
1.5
1.5
2.2
1.8
0.9
0.0
1.9
2.0
3.2
2.9
0.6
0.3
-0.8
0.7
0.4
0.7
1.3
-0.4
-0.5
-1.6
-0.4
1.1
-1.2
-1.4
-1.2
-0.8
-1.6
-1.1
-0.7
0.2
0.3
0.2
0.1
-0.9
-2.0
-3.3
-0.2
0.3
-0.4
-0.8
-1.2
-0.8
-0.9
-2.0
-2.4
-1.3
-1.2
-0.1
-0.4
-2.4
-1.9
-2.0
-0.9
0.3
-0.2
-0.2
-1.2
-1.6
-2.6
-3.0
-2.5
-1.3
0.4
0.4
-0.7
-3.5
-2.2
-2.8
-1.1
-0.9
-0.4
-1.6
-3.5
-3.4
-2.3
-2.1
-3.3
-3.4
0.3
-0.7
-2.9
-3.0
-1.7
-1.1
-1.6
-2.1
-1.0
-1.2
-0.3
0.5
0.0
-3.2
-2.3
-1.3
0.3
0.5
-1.7
-1.7
-3.2
-1.2
-0.9
-1.7
-2.9
-2.4
-1.0
-2.0
-3.2
-3.7
-2.4
-0.6
0.0
-0.8
-3.0
-2.8
-2.8
-0.2
-0.4
-1.8
-2.9
-3.3
-1.3
-3.0
-2.5
-3.8
-0.9
-1.3
-3.0
-3.3
-3.2
-3.7
-1.8
-1.3
-1.5
-1.2
-2.9
0.0
-2.6
-2.1
-2.8
-2.1
-1.0
-3.9
-3.0
-0.5
-0.4
-1.8
-3.9
-2.8
-2.3
-1.8
-1.9
-0.4
-0.6
-0.6
-2.9
-2.1
-1.7
-1.6
-1.0
-1.1
-0.6
-1.2
-2.2
-1.5
-2.7
-0.6
-0.8
-1.1
-0.5
-0.5
-0.8
-0.9
-0.7
-1.1
-1.1
-1.3
-1.0
0.5
0.4
1.4
0.3
0.3
-1.1
-0.7
-0.6
1.5
1.6
0.3
-1.6
-1.1
-0.6
-1.1
-1.2
1.7
1.7
0.6
0.0
-1.2
-0.4
-0.3
-2.0
-1.4
-1.2
-1.9
-1.3
-0.2
-0.3
-0.7
-1.5
-1.7
-1.4
-1.6
-0.3
-1.1
-1.0
-0.9
-1.2
0.0
-0.6
-1.6
-0.9
-1.5
0.4
-0.8
-2.0
-3.1
-1.7
-0.2
1.0
0.5
-1.2
-1.8
-3.2
-2.1
0.0
-0.6
0.4
-1.8
0.0
0.0
-0.8
-2.1
-0.9
-1.7
-1.5
-1.8
-1.2
0.0
-0.1
0.9
0.5
-0.3
-1.5
0.2
2.1
2.3
-0.2
-0.5
-0.4
0.2
3.5
1.6
2.5
0.3
-0.7
0.7
5.6
6.4
6.0
2.2
-0.5
0.3
3.3
6.1
7.5
2.5
-1.9
-1.4
0.6
4.2
5.7
5.8
2.4
1.4
1.2
1.8
3.6
3.3
3.7
0.1
-2.2
-1.7
0.5
1.9
2.1
0.1
-1.4
0.0
-1.1
-1.2
-1.3
-1.2
0.3
0.0
-0.6
-2.7
-1.9
0.2
-0.7
0.9
-0.8
-0.9
-2.1
-2.2
-1.0
-1.1
-3.1
-2.4
-0.5
1.8
1.7
-0.1
-1.9
-2.8
-3.6
-1.1
2.6
2.6
0.4
-1.4
-2.0
-1.8
-0.3
-0.3
0.3
-0.5
-0.7
0.0
0.3
0.3
-1.9
-2.7
-3.5
-0.6
-0.2
0.0
-1.7
-2.2
-1.2
-0.9
-2.3
-0.8
-1.3
-0.9
0.3
-1.3
-1.6
-2.7
-3.0
-1.8
-1.1
0.4
1.7
-0.5
-2.0
-0.4
-0.7
0.3
-0.1
-1.6
0.0
-0.6
-0.9
-0.4
-0.2
1.0
1.5
1.3
-0.1
-1.0
-2.0
-0.6
-0.2
1.6
0.6
1.0
0.6
-0.6
0.6
-0.9
-1.2
-1.1
0.0
1.3
0.0
2.3
2.9
2.9
2.7
1.2
2.7
1.0
-0.5
-0.4
0.0
1.3
1.1
1.8
1.0
2.3
0.0
0.7
0.8
0.6
1.7
1.1
1.4
1.9
0.6
0.2
-1.1
-0.4
-0.2
1.4
1.6
1.4
1.4
1.1
-0.9
-0.1
-0.5
0.6
-0.1
0.2
0.4
1.4
0.8
-0.2
-1.1
-1.1
-0.6
0.7
-0.1
0.9
2.2
1.7
-0.2
-0.4
-0.5
1.1
0.4
0.3
0.0
0.2
0.5
-0.2
1.1
-0.4
1.1
0.4
0.3
-1.3
-0.3
-0.2
0.0
0.4
1.2
0.3
-1.1
0.4
0.8
0.7
0.6
0.0
-1.8
-2.8
-1.4
-0.5
0.5
0.4
1.3
-0.4
1.3
-0.3
1.0
-1.3
-3.0
-1.9
-1.0
1.2
1.4
1.7
1.0
1.0
-0.2
-0.7
-2.7
-2.4
-1.7
-0.3
0.6
1.6
1.0
-0.6
0.9
0.0
-1.3
-2.4
-2.9
-0.1
0.5
0.4
1.1
1.2
-1.1
-0.6
-1.6
-0.8
-1.5
-0.7
-0.4
0.0
0.1
-0.4
-0.3
-1.6
0.5
0.5
-0.4
-1.3
-0.5
-0.1
0.2
0.0
-0.2
0.8
0.2
-0.3
-1.2
0.0
1.7
0.2
0.5
-1.7
0.0
-0.5
0.8
1.2
2.7
2.5
-1.3
-0.3
-2.5
1.3
0.6
0.7
-0.3
0.0
-0.9
-0.4
0.0
0.0
1.3
0.3
-0.6
-0.4
-1.3
-0.6
0.9
-1.1
0.0
-0.4
0.5
0.8
-1.3
-1.4
-0.8
-1.1
-1.0
-0.6
-0.2
0.3
-0.2
0.0
1.2
-1.1
-2.7
-1.2
-0.8
-0.4
-2.3
-2.4
-0.4
-0.2
-2.0
-1.4
-2.1
-2.1
-1.2
-0.9
-0.2
-1.5
-2.1
-2.1
-0.5
-1.2
-0.1
-0.2
-1.1
-0.1
0.8
0.3
0.1
-0.3
0.0
-0.3
-2.4
-1.9
-0.7
-1.3
-1.1
-2.5
-1.2
-0.6
0.1
-1.6
-0.7
-1.1
-1.7
-1.0
-1.6
-0.8
-0.9
-3.4
-2.4
-2.5
-0.4
0.3
-0.5
-1.1
-2.1
-2.9
0.9
-1.0
-2.3
-3.0
-1.7
0.0
0.7
0.8
0.9
-0.8
-2.2
-1.3
-2.1
-1.2
-2.5
-2.3
-1.0
0.3
0.2
-0.5
-2.1
-2.1
-1.1
-0.3
-1.7
-2.1
-1.6
-2.0
-0.6
-1.2
0.4
-0.5
-1.1
-1.7
-3.1
-2.3
-3.2
-0.5
1.7
2.2
1.7
-0.3
-2.4
-1.7
-0.8
0.0
0.9
1.4
1.4
0.6
0.6
-0.1
1.6
0.0
1.8
2.2
2.0
2.4
2.2
2.5
2.6
1.4
0.0
-0.1
0.0
-1.3
1.4
1.8
2.4
3.6
2.9
1.6
1.0
0.2
1.1
0.8
1.4
2.0
1.0
-1.1
-1.7
-1.8
-0.6
1.1
2.1
2.6
2.4
0.0
-0.1
-1.5
-0.6
-0.9
0.4
-1.8
-1.6
-1.2
-0.5
-0.5
0.0
0.1
-0.2
-0.7
-0.5
-1.1
-1.0
-1.0
-0.5
-1.0
-0.4
0.3
0.5
0.1
0.6
-0.3
0.0
-2.0
0.0
-0.3
-2.0
-1.3
-1.6
0.0
-0.5
1.0
1.9
1.3
0.0
-0.5
-0.7
-2.0
-2.5
-1.8
-0.2
-0.2
0.0
-0.3
-0.3
0.7
-1.1
-0.4
-1.2
-1.7
-0.1
0.0
-1.1
-0.7
-1.7
-1.2
-2.0
-1.0
-0.9
-0.8
0.0
-1.7
1.1
-1.5
-1.7
-2.9
-2.2
-2.1
-1.7
-1.1
-0.3
0.7
0.2
0.4
-1.4
0.2
-1.8
-1.3
-3.6
-2.3
-2.9
-0.7
-1.4
-0.1
-1.3
-1.3
-1.7
-1.3
-1.4
-2.5
-1.8
-2.2
-0.8
-1.2
-1.7
-1.8
-1.2
-2.7
-1.8
-2.7
-1.8
-1.5
0.3
-1.0
-1.5
-3.5
-4.1
-3.1
-2.0
-1.2
-0.5
0.1
0.0
-0.1
-3.8
-4.4
-3.7
-1.3
0.2
0.3
-0.8
-1.3
-2.3
-3.0
-2.5
-0.2
-0.5
-0.9
-1.6
-2.2
0.3
0.7
0.3
-0.6
-2.0
-2.2
-0.2
-1.2
-1.9
-2.0
-1.2
-0.6
-0.2
-1.3
0.2
1.3
1.7
2.5
0.6
-1.0
-2.0
-2.5
-3.0
-2.9
-1.1
-1.4
0.4
0.4
0.6
0.8
-0.7
-2.4
-1.4
-1.4
-1.9
-1.9
-2.0
-2.0
-1.3
0.6
-2.0
0.9
0.7
-0.2
-1.2
-3.4
-2.5
-2.0
-2.5
-1.5
0.0
1.5
1.5
1.5
1.9
0.6
-0.2
-0.7
-0.1
-2.2
-0.6
-1.6
-1.4
0.3
2.1
5.9
5.8
3.3
2.6
2.0
1.1
4.6
1.9
2.7
0.2
-1.6
-1.4
-0.7
-0.3
0.9
2.7
0.9
2.4
0.6
-1.1
-2.1
-0.2
-1.3
-1.3
-0.8
-1.1
0.2
0.6
0.0
-0.2
0.3
-0.7
-1.2
-2.8
-3.9
-3.8
-3.6
-1.4
0.1
-0.6
-0.4
-1.8
-1.1
-1.2
-1.5
0.0
0.0
-1.8
-3.0
-2.7
-2.6
-1.5
-1.4
-1.9
-2.1
-2.4
-1.4
-1.8
-0.8
-2.1
-3.4
-4.2
-5.5
-2.3
-2.9
-1.9
-3.9
-4.1
-1.5
-0.4
0.5
-1.7
-2.0
-0.5
-2.3
-2.7
-2.2
-2.8
-3.7
-4.3
-1.9
-1.9
-2.6
-2.9
-3.3
-2.6
-0.7
-0.2
-0.3
-0.7
-3.1
-3.6
-3.4
-1.8
-1.1
-3.1
-3.4
-3.1
-0.9
-2.9
-3.2
-1.9
-0.9
-1.0
-2.2
0.1
-1.9
-2.9
-2.2
-1.4
0.7
-1.2
-1.9
-0.5
-0.5
0.8
1.3
1.4
1.1
0.3
-0.1
-0.7
-0.9
-1.2
-1.3
-0.6
-1.4
-1.3
-2.1
-0.5
-1.3
-0.5
-1.9
-1.1
-1.5
-0.6
-0.1
0.3
0.7
-1.5
-3.8
-3.5
-2.5
-1.9
-1.5
-2.2
-1.2
-1.8
-3.6
-1.9
-2.2
-2.2
-1.9
-1.0
0.2
0.8
1.9
1.9
1.3
-0.7
-1.6
-1.6
-0.6
0.0
-0.6
0.4
0.3
-0.7
0.7
-0.3
-0.6
0.0
0.4
0.3
0.3
-0.6
-0.6
-1.4
-2.5
-4.3
-2.7
-2.2
-1.7
0.3
0.3
-2.0
0.7
0.4
0.0
0.1
-3.2
-0.5
0.0
2.5
0.9
0.5
-2.4
-2.1
-1.6
-2.1
-0.9
-1.1
-1.6
-1.0
-3.2
-1.2
-1.3
-0.4
0.2
0.1
0.3
0.4
-0.2
0.3
-0.5
-0.8
-0.3
-2.4
-1.6
-2.2
-1.8
-1.4
-0.3
-0.9
-0.6
-0.3
0.4
-0.7
0.0
-0.4
1.1
-0.6
-3.1
-1.4
-0.1
-0.4
-2.5
-3.1
-1.4
-2.0
-0.7
-1.1
-1.6
-1.6
-3.1
-0.5
-0.4
-0.8
0.0
0.0
0.6
0.0
-0.2
0.9
0.0
1.5
-0.1
-0.8
-1.3
-1.2
0.5
0.6
-0.2
-1.5
-1.3
-1.9
-1.7
0.0
-0.6
-1.7
0.6
1.3
3.2
0.9
-1.1
-2.1
-2.0
-0.5
0.6
2.0
1.1
0.9
-0.2
-0.8
-1.6
-1.2
-0.9
-1.7
-2.1
-2.2
-2.3
-1.3
0.9
1.4
0.3
-0.4
0.0
-0.8
-0.8
-2.0
-2.5
-0.2
-2.0
-3.2
-1.9
-1.3
-0.5
-1.3
-2.4
-2.7
-0.2
1.9
1.2
-0.3
-0.2
0.2
-0.1
0.5
-2.0
-0.5
-2.4
-3.2
-3.3
-2.3
-1.8
-1.4
-2.2
-1.7
-1.2
-1.1
-0.9
-0.6
-3.0
0.4
-1.3
-0.7
0.3
1.6
0.5
-0.6
0.0
1.3
2.4
-0.8
-4.5
-5.0
-2.1
0.3
2.8
0.7
-1.7
-3.1
-2.5
-3.1
-2.4
-3.2
-2.5
-1.2
0.6
1.1
3.2
0.5
-2.4
-1.3
-1.7
-0.3
-1.3
-0.6
-0.1
1.4
2.0
0.4
-0.6
-3.2
-2.4
-2.2
-1.4
-0.7
-0.4
-1.2
-0.9
-1.7
-1.0
-1.6
-3.1
-2.2
-0.7
0.0
0.3
1.0
1.1
-0.3
0.5
-0.2
-0.8
-1.2
-1.7
-2.1
0.3
0.0
0.2
0.9
1.2
0.7
0.5
-0.6
-0.3
-0.4
-2.0
-3.0
-2.2
-0.8
-0.3
0.1
1.1
2.8
2.5
1.7
1.5
-1.3
-0.1
1.0
0.3
-2.7
-4.6
-3.0
-0.8
-1.5
-2.9
-2.2
-1.5
-0.8
1.7
1.3
0.3
-0.4
-1.2
1.6
3.0
0.5
-0.2
-1.6
-1.5
1.5
2.8
2.0
0.0
-0.8
-0.1
0.2
0.9
-3.1
-5.5
-2.9
-2.1
0.3
0.6
-0.5
-2.8
-3.0
-2.4
-1.8
-0.6
-2.0
-3.3
0.0
-0.2
1.4
2.4
-0.5
-2.0
-2.4
-1.0
1.3
1.6
0.6
-2.4
-2.8
-2.1
-1.4
1.4
1.1
0.4
0.0
-0.9
-0.2
0.2
-0.3
-3.0
-2.6
-1.6
-0.3
1.7
0.2
-0.4
-1.1
-2.7
-3.0
-1.1
0.1
0.6
-0.1
-0.7
-0.5
-0.6
-0.4
-0.6
-0.5
-0.8
-1.0
-2.0
-2.0
-1.9
-1.3
0.2
-1.5
0.0
0.0
0.8
0.3
0.0
0.5
-1.8
-1.6
-1.7
-2.0
0.0
-0.9
-0.7
0.1
1.5
-0.4
-1.3
-5.0
-3.8
-2.4
-0.6
-1.2
-1.2
-1.9
-1.8
0.2
1.6
-0.2
-0.4
-2.8
-1.5
0.4
3.6
6.6
3.8
2.0
-0.5
0.0
2.2
4.8
5.5
7.2
4.8
1.6
1.6
3.0
4.5
5.9
3.8
3.1
1.8
1.6
2.0
4.9
5.8
4.6
3.8
1.2
0.0
0.2
2.8
5.1
4.9
3.2
1.2
0.6
-0.7
0.0
0.0
1.2
0.6
0.1
-0.6
-1.2
0.0
2.4
3.7
4.6
3.6
2.1
1.1
0.5
1.5
-1.1
-2.3
-3.1
-1.6
-0.8
1.5
0.7
-4.4
-3.7
-3.0
-0.9
1.1
0.9
-0.6
-1.9
-3.3
-1.4
2.2
0.3
0.0
-0.9
-1.3
-3.0
-3.9
-2.2
0.6
1.9
-0.7
-2.0
-3.3
-2.5
-3.2
-3.0
-0.5
0.0
0.0
0.0
-0.4
0.0
-0.6
-1.4
-0.7
-2.3
-3.2
-2.9
0.0
1.5
0.3
0.1
-1.5
0.0
-1.4
-2.2
-0.7
0.8
1.0
1.6
1.3
0.6
-1.5
-1.6
1.0
2.0
1.6
-1.7
-1.5
0.0
1.6
2.1
1.4
-0.6
-0.8
-2.5
0.0
2.4
2.4
0.4
-2.8
-2.9
0.2
0.5
2.4
0.6
-0.8
0.0
-0.9
1.5
1.5
2.6
2.3
0.6
0.1
-1.0
-1.7
-1.9
-1.5
-0.5
1.0
0.7
1.6
2.4
0.9
0.4
-0.5
-1.4
-2.1
-0.5
1.9
3.0
1.3
-0.1
0.0
-1.1
0.7
0.5
2.0
0.0
-2.1
-2.5
-0.5
1.0
0.8
-0.1
-3.0
-3.9
-2.1
-0.6
3.1
4.1
2.7
-0.7
-2.4
-3.1
-1.4
0.3
1.7
1.3
1.2
-0.4
0.0
-0.6
-2.4
-3.3
-3.3
-0.4
0.4
3.0
2.7
0.8
-1.3
-1.1
-0.5
0.1
1.2
2.3
2.8
2.1
-3.0
-2.1
-0.7
-0.4
0.9
0.9
1.2
0.5
0.7
1.6
0.9
1.7
0.4
1.0
-0.4
1.1
-0.3
1.6
1.6
3.4
3.8
1.1
-1.7
-1.8
-1.0
1.2
3.5
2.0
0.4
1.1
-1.0
0.0
-2.1
-1.4
-2.2
-0.4
0.0
1.8
3.3
2.5
3.2
2.6
2.1
2.5
0.3
0.0
1.8
2.6
3.2
1.6
2.9
1.4
0.3
-1.9
-0.7
-1.1
0.0
1.5
2.4
2.6
1.6
0.2
-1.1
-1.4
-0.7
2.4
2.0
1.3
-0.4
1.3
1.4
3.7
3.2
0.4
-1.2
-3.5
-3.2
-2.0
0.6
0.4
1.2
2.0
0.8
1.5
-1.4
-1.0
-1.0
1.4
1.6
0.8
-0.4
-0.4
-0.2
0.3
0.6
0.0
1.2
1.0
1.2
1.5
1.3
-0.1
0.2
-0.1
2.0
1.4
2.7
1.4
-0.4
-0.9
0.4
0.4
0.8
0.9
2.0
1.6
0.0
0.6
1.1
2.0
1.5
1.7
2.7
3.7
4.1
2.6
1.0
2.4
2.4
3.0
4.4
3.8
4.1
4.4
4.0
3.8
4.5
3.0
1.9
3.3
1.5
1.3
0.9
0.2
1.9
1.9
1.3
2.3
1.8
2.2
1.0
1.3
1.1
1.5
1.1
1.5
0.2
1.0
2.4
1.9
1.9
1.1
1.6
1.2
1.1
0.7
0.0
0.2
-0.5
-1.5
-2.1
0.0
0.1
0.3
-0.6
-0.3
0.8
0.6
0.1
-0.1
0.6
1.6
0.6
0.7
-1.0
-1.6
-2.1
-0.4
-0.2
1.4
0.7
-0.7
0.3
-0.7
0.0
0.1
-0.3
-2.0
-0.9
-0.7
-0.2
-0.6
0.1
-1.0
0.0
-0.6
0.0
-1.4
-0.6
0.0
0.4
-0.4
-1.1
-1.6
-2.0
-1.8
-0.9
-0.3
0.0
0.0
-0.8
0.8
0.2
-0.8
-0.1
-2.2
-1.4
-1.6
-2.0
-0.8
-1.9
-1.1
0.0
-0.4
-0.4
-1.5
-2.7
-1.1
-0.8
-0.5
-0.6
-2.1
-2.4
-1.5
-0.7
-1.8
-1.1
-0.9
-1.2
-1.9
-0.9
-0.4
-0.1
1.0
0.3
0.1
0.3
-0.7
-0.2
-0.9
-1.1
0.3
0.0
0.4
0.0
-1.3
-1.1
-2.2
0.2
0.1
1.3
1.2
-1.9
-0.4
-0.3
0.0
-0.6
-2.1
-1.2
-1.2
0.2
-0.7
0.0
0.6
0.6
1.6
1.3
0.4
-0.6
-2.6
-0.6
1.0
2.7
1.0
-0.1
0.2
-0.3
0.2
0.2
0.6
1.4
1.1
-0.3
-1.9
-0.7
-0.8
0.2
-0.8
0.0
0.4
-0.3
0.9
-0.1
2.0
-0.2
-0.3
-1.4
0.4
-0.2
0.8
-0.1
-1.3
-0.5
-2.1
-1.7
-1.1
-0.4
-0.3
-1.0
-1.2
-2.8
-0.9
-2.5
-3.8
-1.2
-1.8
0.3
-0.6
-0.1
0.1
0.2
-0.9
-0.9
-1.0
0.0
-1.3
-1.5
-2.4
-1.3
0.6
1.6
2.4
2.0
1.4
-0.5
1.6
0.3
1.8
1.3
2.4
3.5
3.3
0.9
0.7
-1.1
-1.6
-0.9
0.5
1.0
0.0
0.5
0.6
1.7
0.6
-0.3
-0.3
-1.2
-0.2
0.0
-0.8
0.0
-0.1
0.0
0.2
-0.3
-0.1
0.8
0.6
1.4
0.9
1.5
1.2
-0.4
0.2
-0.8
-0.6
-0.2
-0.5
-0.1
0.0
-1.1
-2.7
-1.9
-2.8
-1.6
0.1
0.0
-0.1
-0.3
-1.3
-0.5
-0.8
-0.8
-0.8
-0.2
-1.6
-2.0
-2.4
-2.0
-2.0
-2.5
-2.7
-2.7
-1.5
-0.5
-0.8
-0.8
-0.5
0.0
0.3
-0.5
-0.2
-0.9
-1.0
-0.8
-0.3
-0.8
-1.9
-1.4
-1.6
-0.8
-1.0
0.0
0.3
-0.1
-1.8
-0.8
-0.2
-0.2
-0.6
-2.4
-0.3
-0.6
1.2
0.9
0.3
0.4
0.0
-0.9
0.2
-1.1
-1.2
-0.8
-1.2
-1.5
-1.1
-1.5
-2.0
-2.5
-0.8
1.2
0.0
-1.0
-0.6
-0.5
0.1
-0.7
-0.4
-0.6
-0.6
-0.1
0.8
-0.4
-0.4
-1.4
-2.0
-1.6
-0.1
-0.7
0.5
0.7
1.7
2.2
0.0
-1.5
-0.9
0.0
0.7
-1.1
-0.8
-0.6
-0.3
1.2
-0.3
-0.7
-0.1
-0.5
0.2
0.9
-0.2
-0.6
-0.1
-0.8
-0.3
0.3
1.7
0.8
-0.6
-2.5
-1.6
-2.2
-1.4
-1.1
-0.9
-0.6
-0.1
1.4
1.5
-0.4
-0.4
-0.7
1.3
0.2
-1.8
-2.5
-2.8
-2.2
-3.1
-2.4
-2.6
-1.1
-0.2
-1.0
-2.0
-3.8
-1.8
-3.0
0.0
-0.6
-0.8
-0.1
0.9
-1.0
-1.4
-1.9
-2.1
-1.2
-0.5
-1.1
-1.3
-0.1
-0.6
1.3
-0.5
0.0
-0.7
0.4
-1.2
-0.2
-1.2
-1.2
-0.9
-0.7
-1.0
-1.3
-1.6
-0.5
-0.4
-1.6
-0.9
-0.3
0.8
0.0
-0.1
0.8
-1.3
-0.7
-0.9
-0.3
-0.1
0.1
0.2
0.4
-1.0
-0.8
-1.2
-0.9
0.2
1.1
1.4
0.8
0.3
0.0
1.4
-0.5
0.9
1.4
2.0
1.2
0.3
0.5
0.5
-0.3
-1.1
-0.8
-0.1
-1.3
-1.5
-1.1
-1.7
-1.0
-1.6
1.6
0.7
0.3
-0.6
-1.5
-0.9
0.0
-1.2
-1.0
-0.7
0.0
-0.6
-2.5
-2.0
-1.1
-0.3
0.1
-1.1
-0.3
-1.7
-0.5
-1.7
-1.4
-1.5
-1.1
-1.7
-2.1
-1.9
-0.8
-1.6
-2.8
-3.2
-3.2
-2.7
-2.6
-2.5
-1.5
-1.9
-1.9
-4.1
-2.1
-1.8
-2.0
-3.5
-3.0
-2.7
-1.7
-1.4
-2.7
-2.9
-2.9
-1.7
-2.2
-3.5
-5.0
-4.6
-2.5
-3.4
-2.4
-3.0
-3.3
-3.4
-3.2
-2.3
-1.2
-1.6
-0.8
-2.8
-2.3
-1.5
-1.4
-1.9
-1.5
-1.7
-1.3
-0.2
-0.7
-0.5
-1.8
-2.9
-1.7
-1.3
0.1
2.0
0.5
0.9
1.6
1.4
1.2
1.5
2.3
3.8
4.0
2.6
1.5
0.3
0.5
2.7
3.6
3.2
2.0
2.3
1.9
2.1
2.3
1.6
0.6
0.6
1.2
1.2
-0.4
0.3
2.4
2.7
0.6
0.6
0.6
1.0
0.4
1.5
0.5
0.9
-0.4
-0.9
-0.2
0.0
0.8
0.7
0.9
1.2
1.5
0.8
0.4
-0.3
0.8
-0.1
-0.4
-1.2
-1.0
-1.1
-1.8
-1.7
-2.2
-2.4
-3.0
-2.0
-2.7
-1.5
-0.9
-0.1
0.3
-1.4
-2.5
-1.8
-2.4
-2.3
-2.6
-2.1
-2.0
-1.5
-2.6
-2.0
-2.6
-2.9
-3.6
-3.8
-2.2
-0.6
-1.3
-3.0
-3.3
-2.2
-1.4
-1.9
-4.2
-3.7
-2.8
-2.3
-1.3
-0.4
-2.2
-2.2
-3.5
-2.2
-1.7
-2.9
-2.1
-2.0
-0.4
-0.1
-0.3
-1.1
-2.4
-2.0
-1.2
-0.7
-1.3
-1.8
-0.4
-1.0
-1.4
-2.9
-2.2
-1.9
-0.1
-0.3
-0.6
-0.5
-1.4
-0.9
-2.3
-0.6
-0.7
0.0
0.0
0.5
-0.5
-1.9
-1.0
-2.2
-1.3
-0.3
-1.7
-0.8
-2.0
-2.8
-0.6
-0.2
0.0
-1.3
-0.7
-0.6
-0.5
-0.4
-1.7
-1.9
-1.3
-1.2
-0.8
-0.7
-1.0
-0.8
-0.3
-1.8
-0.5
-1.5
0.1
-0.5
-0.4
-1.2
-1.2
0.1
-0.4
0.8
-1.3
-2.9
-3.4
-2.3
-1.4
-0.5
-0.4
-1.1
-1.6
-2.1
-2.2
-1.3
0.0
-1.3
-1.7
-2.0
-1.1
-1.0
0.0
-0.4
-1.3
-1.0
-1.9
-1.9
-2.3
-2.2
-0.4
1.5
0.3
-2.2
-2.5
-0.3
0.5
-1.6
-2.2
-2.5
-1.2
0.6
-0.3
-1.0
-1.4
-2.5
-0.5
0.0
-0.3
-0.3
-1.7
-2.6
-2.2
-2.3
-2.1
-0.8
-0.2
-0.9
-1.8
-2.1
-1.8
0.1
-1.5
-1.6
0.1
0.4
0.3
-0.8
-1.1
-0.9
-1.5
-2.8
-2.0
-0.9
0.6
0.3
-1.1
-1.6
-2.4
-0.3
-1.4
-0.8
-1.7
-1.6
-0.9
-0.8
-0.4
-2.5
-2.1
-2.9
-0.7
-0.7
-1.2
-1.3
-1.9
-1.5
-0.2
0.0
-1.3
-3.0
-2.4
-1.3
0.4
0.8
0.3
-0.9
-3.0
-2.5
0.0
2.4
2.5
0.9
-1.4
-1.6
-2.0
-0.1
-1.0
0.7
1.3
1.8
-0.6
-2.2
-3.0
-2.0
0.2
-0.3
-0.8
-0.2
0.1
1.0
0.3
0.6
-0.5
0.3
0.0
0.6
0.3
-1.5
-1.7
0.0
0.6
1.0
-1.4
0.6
-0.2
-0.1
0.1
1.2
1.0
2.1
-0.3
-1.0
-0.1
-0.3
-0.8
0.2
0.4
1.6
0.4
0.3
-1.0
-3.6
-2.5
-2.4
-0.5
-0.8
-1.8
0.5
-0.5
-0.9
-2.9
-1.4
-1.0
-0.6
-0.2
-0.8
-0.6
-1.5
-1.9
0.0
-1.1
0.0
-1.2
-1.7
-1.4
-0.5
0.0
-2.2
-2.4
-2.1
0.0
0.1
0.2
0.2
1.1
0.7
-0.1
0.7
0.4
0.9
1.8
0.6
1.2
0.8
2.3
4.2
4.1
5.4
5.4
4.5
2.7
4.0
4.5
6.1
6.6
5.1
4.8
3.6
3.2
4.1
2.9
3.1
3.1
2.4
2.5
1.9
3.5
3.6
2.2
3.5
3.7
2.8
2.7
3.5
2.8
1.3
1.1
2.2
2.8
1.9
1.7
1.1
1.4
1.2
0.4
1.2
0.2
1.7
1.0
1.4
1.6
2.9
1.7
1.3
1.0
0.0
0.1
-2.1
1.8
1.9
0.8
1.2
-0.6
-0.3
0.3
0.1
1.2
0.4
-0.3
0.3
0.2
0.0
0.8
1.5
2.2
1.2
1.5
1.8
1.6
1.5
1.6
-0.2
-0.6
0.0
0.0
-0.1
1.2
1.3
1.4
2.0
-0.6
1.0
0.0
-1.5
-0.5
-1.3
0.1
0.3
0.4
-0.7
-0.6
-0.5
1.9
1.6
0.9
-0.1
0.5
-0.2
2.0
-0.5
-0.1
-1.6
-1.0
0.6
0.2
-1.4
-2.7
-2.7
-2.1
0.3
-0.1
-0.5
-2.7
-0.8
-0.8
1.1
0.2
0.0
-0.2
0.8
0.8
1.2
0.5
0.4
-0.4
-0.5
-0.7
0.4
1.0
0.7
1.0
1.8
1.9
0.6
-0.9
-1.3
-0.5
0.3
-0.4
-1.5
1.1
-0.3
-0.1
-0.3
-0.9
0.4
-0.7
-0.3
-0.6
0.4
0.9
0.6
-1.0
-1.1
-0.1
-0.4
0.0
-0.4
-2.2
-0.5
-1.0
0.9
-0.2
0.4
0.0
-0.1
-1.4
-0.5
0.0
0.1
-0.8
-1.2
-0.8
-2.5
-0.1
1.1
1.2
0.4
0.4
0.4
0.0
-0.3
0.4
0.1
-1.2
-1.6
-0.4
0.9
1.4
0.0
-1.6
-1.6
-2.2
0.2
2.5
2.4
2.8
-0.7
-0.8
-3.0
-2.5
-0.5
0.3
0.5
0.8
0.0
-0.5
-0.6
-0.2
1.0
2.5
0.9
1.0
0.7
0.2
-0.3
-0.6
-0.5
2.1
2.1
1.4
-0.1
-1.3
-2.4
-2.4
-0.8
-2.3
0.0
-0.8
-1.7
-0.4
-1.1
-0.8
-1.7
-2.5
-1.4
-0.2
0.7
0.9
1.9
1.4
0.3
-0.6
-0.1
-1.9
-1.0
-0.4
0.1
0.0
-0.4
-1.8
-0.9
0.2
-0.2
0.2
-2.7
-2.8
-2.5
-3.0
-1.5
-1.5
0.4
0.1
-0.9
-0.6
-0.8
-1.8
-0.8
0.0
0.6
0.6
-0.3
-1.0
-2.3
-3.3
-3.7
-1.1
0.0
1.1
-0.1
-0.9
-1.4
-2.1
-0.3
0.7
1.7
-0.8
-1.6
-2.9
-1.3
-1.1
-1.0
-1.0
-1.1
-0.6
-0.4
0.2
-0.2
1.0
-1.2
-1.4
-1.6
0.4
3.5
3.5
1.0
-1.6
-3.8
-3.8
-1.7
0.4
1.7
0.9
-0.4
-4.0
-3.0
-1.5
0.9
2.7
2.7
2.2
2.7
0.8
0.1
-0.9
0.9
1.6
4.4
5.4
6.4
7.0
5.8
5.6
3.3
0.8
0.3
0.9
3.0
7.0
7.4
7.8
7.0
4.5
1.6
1.7
2.4
3.7
4.3
2.5
1.4
0.6
-0.8
-0.9
1.3
2.4
1.8
1.8
-0.3
0.2
0.1
0.7
1.3
1.6
2.7
3.0
2.8
0.0
-0.2
0.4
1.0
3.0
2.4
3.0
2.5
0.4
-1.1
-1.5
0.0
1.2
0.2
-0.8
-0.3
-1.9
-0.9
0.1
1.7
1.4
-0.1
0.9
1.6
2.0
1.2
-0.1
-0.6
-0.9
0.2
2.0
1.7
0.7
0.2
1.2
1.7
0.3
0.0
-0.6
-0.5
0.1
-0.8
-1.7
-0.4
0.0
1.4
1.2
1.1
-0.4
-0.5
0.0
-0.3
0.7
0.6
0.7
0.7
0.9
0.7
-1.5
-0.7
-0.8
1.1
1.4
-0.2
-0.6
0.0
0.5
0.6
0.9
1.6
1.9
1.5
0.6
-1.6
0.1
1.6
2.7
1.8
0.4
1.8
0.7
-0.6
1.1
0.7
2.1
2.0
0.8
0.0
-0.8
-0.9
0.4
1.0
1.6
1.9
2.6
2.9
1.3
1.1
-0.2
1.5
0.7
1.6
1.7
0.8
1.5
1.0
1.1
-1.1
-1.1
0.6
1.8
2.5
1.5
2.0
2.5
2.1
1.4
2.4
1.8
0.9
0.8
1.1
1.6
0.8
1.3
0.0
1.6
1.7
1.1
0.7
1.3
2.9
3.8
2.0
0.9
1.9
1.4
1.2
1.6
2.0
2.1
1.4
1.1
2.5
0.0
0.5
1.4
1.3
-0.2
0.5
0.9
1.3
0.6
-0.1
-0.2
0.7
-0.9
2.0
2.2
1.3
0.8
1.9
0.2
0.0
0.4
-0.1
0.6
0.0
-0.6
2.5
1.8
1.1
1.6
0.0
0.3
1.1
1.3
0.4
1.6
0.4
-0.3
0.5
0.8
2.3
0.4
-0.4
-0.4
1.3
1.9
1.7
1.6
0.8
2.2
1.5
1.5
1.5
2.7
1.5
1.3
1.6
1.8
1.9
1.2
2.2
0.9
-0.3
0.2
2.2
2.6
2.4
2.5
1.4
0.4
-1.5
-2.9
-0.5
1.1
4.1
3.3
1.4
1.3
0.3
-0.6
-1.0
-0.5
0.0
1.2
2.7
1.6
2.8
0.8
2.5
2.0
1.1
0.0
0.0
1.1
2.1
2.2
3.0
5.3
2.7
2.4
0.7
2.3
4.0
1.6
-0.2
-0.6
0.1
-1.1
-0.3
0.8
0.3
3.7
2.9
2.2
0.7
0.0
-0.8
1.2
-0.3
1.7
1.6
1.9
1.8
0.6
0.4
-0.1
1.5
1.4
1.8
2.4
2.5
2.4
0.2
-0.1
-0.3
2.0
1.5
0.7
2.3
1.5
2.2
1.1
0.2
0.0
1.4
2.0
0.9
1.3
-0.2
1.2
1.7
3.0
1.4
1.0
0.2
1.3
1.7
1.8
0.9
-0.9
-0.5
0.0
1.1
1.6
1.7
0.2
1.3
1.2
1.3
0.2
0.3
0.0
1.2
0.6
1.4
0.3
0.9
1.1
2.0
1.3
0.6
-0.7
0.9
0.8
1.4
1.6
2.0
0.3
0.4
-0.4
1.9
2.6
1.4
0.9
2.1
0.9
0.4
0.3
0.5
2.5
1.7
0.8
2.0
1.1
1.4
1.2
1.8
1.4
0.9
1.3
2.8
4.9
5.0
6.0
4.4
4.9
5.0
5.6
6.9
6.0
6.1
5.6
3.8
4.3
5.9
6.1
4.3
4.3
3.8
5.2
3.5
3.5
3.9
2.9
3.3
1.6
2.9
2.9
3.3
3.4
0.8
1.6
3.2
1.9
0.9
-0.3
0.5
2.8
3.0
3.6
1.9
1.8
0.3
1.1
2.1
1.3
2.2
1.8
2.2
-0.2
-0.2
0.3
0.7
2.1
1.2
2.9
4.6
3.0
2.1
1.4
1.8
2.3
1.6
1.0
0.9
0.8
1.3
1.6
2.5
2.7
2.5
1.3
1.8
2.5
3.0
0.8
-1.5
0.1
1.3
3.0
2.1
2.3
1.4
1.7
0.2
1.0
0.8
1.6
2.6
2.4
1.8
0.0
-0.3
0.4
2.2
1.4
1.5
1.0
0.2
0.1
-1.2
0.9
0.7
1.3
0.0
0.0
-0.1
0.9
-0.2
-1.5
-0.8
-0.4
0.7
0.7
0.5
1.0
-0.1
0.6
0.4
0.4
0.7
0.8
0.0
0.1
-0.9
-0.2
-0.1
0.9
0.4
0.6
0.0
-2.8
-0.7
-0.2
0.2
-0.8
-1.4
-0.9
0.8
0.9
0.9
0.7
0.9
-0.2
-0.5
0.0
0.6
0.8
1.8
0.3
1.1
1.4
1.1
0.0
-1.5
0.0
0.9
0.7
-0.4
-0.6
-1.1
0.2
-0.4
0.4
1.6
1.5
2.5
-0.5
-2.7
-2.5
-2.4
0.4
1.2
2.1
-0.1
-1.6
-1.6
-0.6
1.1
0.3
-0.6
-4.1
-4.5
-5.1
-0.6
1.7
3.0
4.3
1.1
-0.5
-2.8
-2.0
-0.8
-0.1
2.8
3.5
2.0
2.0
1.2
0.3
-1.7
-2.9
-0.6
1.0
1.4
2.4
2.1
1.0
-0.1
-2.2
-2.1
-1.5
-1.5
0.8
2.3
0.6
1.4
2.4
1.1
0.0
-1.7
-0.8
0.7
1.1
0.4
1.2
0.0
1.9
2.8
1.3
-0.8
-1.3
-2.7
-1.0
-0.6
1.1
0.5
2.7
1.2
1.6
0.6
-1.1
-0.2
0.1
0.4
0.6
-0.8
-0.5
-0.2
0.3
0.6
0.8
1.3
1.6
1.2
0.5
0.3
-1.4
-1.4
-0.6
0.5
1.1
1.0
2.2
2.9
3.2
3.3
2.1
3.4
4.6
4.1
3.1
1.4
2.9
2.3
3.9
2.4
2.8
3.6
2.9
2.9
3.7
3.6
4.1
1.9
1.8
1.4
1.0
2.3
2.0
4.2
4.2
1.6
1.7
0.3
0.5
0.8
-0.1
1.7
1.2
1.2
0.7
1.1
2.1
0.9
1.7
0.4
1.3
1.4
1.6
0.3
-0.1
-1.4
0.0
0.7
1.1
0.3
1.8
1.2
0.9
-1.2
-1.8
-0.8
0.8
-0.9
-0.1
0.3
0.1
0.8
1.2
0.8
1.3
0.1
-0.2
0.6
-0.4
0.0
0.8
0.9
0.1
0.4
-1.6
-1.3
-2.4
-1.7
-1.6
-1.1
-1.4
0.0
0.0
0.3
-0.2
-1.5
-0.5
-0.3
-0.1
0.0
0.0
0.0
-0.6
0.0
-1.2
-2.0
-2.5
-1.3
-0.2
-1.3
-1.7
-1.7
0.6
1.0
1.3
-0.4
-0.7
-0.8
-2.0
-1.9
-2.4
-4.2
-5.1
-3.6
-1.8
-0.3
-1.4
-1.2
0.2
-0.4
-0.1
-1.8
-0.4
-2.2
-1.8
-1.5
0.0
-0.1
-1.4
-2.8
-1.6
-1.5
-1.2
-2.0
-1.3
-1.9
-0.8
-1.2
-1.1
-1.4
-0.5
-0.1
0.4
-0.5
-0.5
-1.2
-1.7
-1.2
-1.0
-0.3
0.2
-1.2
-1.8
-3.5
-2.2
-3.6
-1.5
-1.7
0.7
-0.4
-0.1
-1.1
0.2
-0.4
0.5
-0.6
0.1
0.3
-0.6
-2.6
-1.7
-1.3
-0.3
-1.5
-1.6
-2.0
-0.1
-0.5
0.2
-0.6
-1.0
-1.3
0.1
-0.3
-0.1
-0.7
-0.5
-1.5
-1.3
-4.6
-3.5
-3.4
-1.3
0.3
0.1
0.8
0.1
0.7
-0.3
0.1
-0.4
0.7
1.3
1.3
-0.1
-0.6
0.0
0.0
0.4
1.1
1.7
1.3
3.0
2.6
3.5
2.8
2.9
5.5
7.6
6.4
6.8
7.5
8.5
8.8
6.9
6.4
5.1
3.9
4.2
5.3
5.0
4.6
4.7
6.9
7.5
6.4
6.2
6.6
6.0
5.7
3.8
1.8
2.0
1.6
0.3
3.6
2.2
3.0
4.4
4.0
3.9
1.3
-1.3
-1.1
0.8
0.1
1.7
2.6
3.0
2.1
1.7
0.7
-0.5
-2.2
-1.9
-1.1
0.7
2.0
3.0
3.5
3.0
1.1
-1.4
-0.4
-0.9
-1.0
-1.4
-1.3
-1.4
-0.6
-1.0
-0.5
-0.8
-1.9
-2.2
-0.8
-2.0
-2.2
-3.5
-0.7
1.2
1.2
0.9
-0.4
-1.3
-0.9
0.2
0.8
0.5
0.1
-0.1
-1.2
-1.2
-2.2
-0.7
-2.3
-0.8
1.0
1.6
3.3
0.1
0.0
0.8
2.2
3.4
2.5
1.7
2.8
4.3
2.2
1.0
1.4
2.4
2.5
1.8
0.0
1.4
0.3
1.1
-0.2
0.2
1.2
0.1
0.1
-0.6
-0.4
-1.1
-0.4
-1.0
0.0
0.5
0.3
2.6
1.3
0.6
-3.2
-2.2
-0.6
0.9
0.7
0.1
1.1
1.7
2.1
1.9
1.4
0.2
-0.3
-1.4
0.6
0.4
2.7
0.8
1.4
-0.1
0.1
0.0
0.8
1.1
-0.6
-0.6
-0.7
0.0
-0.1
0.0
-1.3
1.3
1.3
0.9
-0.3
-1.5
-1.2
-1.8
-1.7
-1.2
-0.5
1.3
0.9
0.6
0.0
-1.0
-1.4
-2.5
-2.3
-2.6
-0.2
1.5
1.6
-0.5
-1.0
-2.1
-0.8
0.6
-0.7
-0.2
-1.9
-1.0
-2.2
-0.6
-0.6
-0.9
-1.3
-0.4
-0.9
-0.2
-2.2
-2.5
-2.6
-2.5
-1.3
-0.7
-0.5
-0.3
-0.6
-1.4
-1.1
-0.4
-0.8
-2.9
-1.8
-1.5
0.3
0.5
-1.3
-1.3
-0.1
0.2
-0.4
-1.8
-0.8
0.6
0.7
0.3
0.7
0.5
-1.1
-1.3
-0.7
0.9
-1.1
0.5
0.1
0.7
0.3
0.4
-0.1
-0.6
-0.8
1.6
2.5
0.8
-0.6
-0.2
0.7
-0.2
-2.2
-1.7
-2.4
0.0
-0.7
1.1
1.1
-0.6
-0.4
-2.4
-0.6
-1.2
-0.5
1.2
1.9
1.5
2.5
1.7
0.5
0.0
0.0
-0.8
-1.5
-1.6
-1.8
-0.3
-0.9
-1.6
-0.5
-0.4
-0.6
-2.7
-1.0
0.3
-0.5
-0.6
-2.9
-2.7
-3.2
-1.8
-0.9
0.3
-0.7
-0.7
-1.1
-1.6
-1.6
-2.7
-1.7
-1.5
-2.5
-2.2
-1.0
-0.2
0.3
1.7
2.4
3.4
3.0
1.7
2.2
3.9
3.3
3.1
0.4
2.6
2.9
3.2
3.3
2.8
2.2
1.9
2.3
3.1
2.6
1.3
1.3
1.3
1.8
2.5
3.1
3.4
1.4
1.1
1.5
0.1
0.3
0.6
1.6
3.3
1.8
1.4
-1.7
0.5
0.7
1.4
1.6
0.5
0.3
0.5
0.4
0.3
1.2
0.0
-0.5
-1.0
-1.1
-1.7
-2.4
-1.5
0.0
0.8
0.6
0.9
1.1
2.4
1.1
1.4
0.6
0.5
0.8
0.8
1.5
1.7
1.8
2.1
2.9
1.3
2.4
1.6
3.5
3.3
3.3
3.7
4.2
5.5
5.3
5.0
4.2
5.4
5.9
5.0
5.8
5.3
6.1
6.1
5.7
6.0
6.9
6.6
6.0
6.1
6.2
5.6
6.0
5.4
5.1
4.4
5.2
4.9
4.8
3.8
3.9
4.4
4.6
4.3
3.7
3.7
2.8
4.1
2.1
1.3
1.6
2.7
2.3
2.7
2.3
3.6
4.1
3.8
2.8
2.2
0.7
0.5
0.2
0.0
1.8
1.1
2.6
2.4
2.8
3.4
1.9
2.0
1.4
0.4
1.7
3.1
2.5
2.3
0.7
0.6
0.3
-0.4
-1.4
-0.6
-0.7
1.7
0.2
0.5
1.4
1.5
2.2
1.2
0.6
0.0
0.9
1.8
2.0
1.6
0.3
1.6
2.4
1.7
1.8
1.5
2.5
3.5
1.8
1.4
1.6
1.0
0.9
0.1
0.3
-0.4
0.5
1.1
2.8
5.0
3.8
1.8
1.6
2.5
4.4
5.4
4.0
6.0
5.3
2.4
7.2
2.8
1.7
1.6
0.2
6.3
5.6
5.9
8.0
2.0
3.8
3.8
5.4
7.0
4.6
7.5
4.1
5.6
3.8
5.0
7.0
3.9
3.4
4.1
4.2
4.9
4.1
4.1
5.0
6.3
6.0
7.7
6.2
6.4
5.2
6.6
5.4
4.9
4.4
4.2
4.0
4.2
3.0
3.5
4.6
5.9
6.5
8.6
3.8
6.6
3.6
2.1
2.7
2.7
6.0
5.5
5.4
6.7
5.5
5.2
2.6
2.7
4.9
5.7
5.8
5.3
4.4
6.5
4.8
1.4
-1.1
-0.8
1.2
3.1
1.5
1.6
7.0
0.9
2.5
1.4
1.6
3.9
3.5
4.6
3.5
1.5
2.0
0.1
0.5
-0.9
1.9
3.5
1.5
0.8
0.4
2.0
1.5
2.7
1.7
-0.9
0.4
1.5
-0.8
0.6
0.7
0.0
-0.7
-0.3
0.2
0.8
0.3
1.6
0.1
-2.7
-1.1
-2.3
-0.7
-0.1
-1.0
0.2
0.5
0.3
1.3
-0.1
0.4
-0.3
-1.1
-0.7
-0.1
-1.5
-0.1
-1.7
-1.0
-0.7
-0.6
-0.5
-1.9
-3.3
-3.3
-2.1
-1.2
-1.0
0.4
2.1
-1.5
-1.0
-4.1
-4.6
-4.5
-3.1
-0.3
2.2
1.5
2.3
2.4
1.0
2.1
-0.7
-0.4
0.3
0.0
0.0
1.0
0.7
1.1
-0.1
0.5
-1.2
-0.8
-1.3
-0.8
-2.6
-0.8
-1.1
1.7
0.6
1.6
2.0
2.7
-0.8
-0.2
-0.7
-0.3
0.7
-2.7
-2.3
-3.0
-0.9
-0.5
-0.6
-1.7
-3.8
-3.4
-1.6
-2.5
0.2
-0.5
-2.6
-2.0
-2.3
-1.5
-1.2
-1.3
-2.8
-2.4
-2.3
-1.2
-0.3
-0.3
-0.5
-1.1
-1.5
0.0
-0.8
-0.3
-0.4
-0.1
-2.1
-1.1
-1.5
-1.7
-2.1
-4.4
-4.7
-7.7
-10.0
-11.6
-11.1
-10.6
-11.9
-13.4
-15.9
-18.2
-19.0
-17.8
-15.9
-17.0
-16.1
-17.7
-20.3
-20.2
-21.3
-20.3
-20.7
-22.1
-24.0
-25.4
-27.0
-27.9
-27.3
-27.9
-30.0
-30.8
-31.9
-32.1
-32.4
-32.6
-33.1
-34.3
-35.0
-35.2
-36.4
-36.8
-38.5
-41.2
-39.8
-40.2
-40.9
-43.4
-44.5
-45.3
-42.4
-43.4
-44.7
-44.2
-47.8
-47.2
-48.5
-50.9
-51.8
-53.4
-52.7
-51.0
-53.0
-54.8
-56.8
-56.8
-56.6
-57.4
-59.7
-61.1
-61.6
-60.0
-61.0
-62.2
-64.8
-65.0
-63.0
-60.7
-61.2
-62.4
-64.3
-64.1
-62.1
-60.4
-59.5
-60.4
-62.0
-62.8
-62.2
-60.7
-59.2
-57.7
-58.2
-60.1
-61.2
-61.7
-61.9
-60.0
-60.5
-58.8
-58.3
-58.6
-58.4
-58.0
-56.5
-57.4
-58.3
-60.0
-59.3
-56.6
-57.4
-55.7
-55.8
-56.0
-56.5
-57.8
-57.8
-57.5
-57.0
-56.9
-56.0
-56.2
-54.6
-55.2
-53.5
-54.3
-54.7
-55.0
-55.2
-55.5
-56.0
-55.9
-54.6
-52.1
-50.7
-50.5
-51.4
-52.6
-54.5
-55.4
-55.4
-55.9
-57.0
-57.7
-57.4
-57.1
-55.8
-55.4
-53.4
-54.7
-54.9
-56.4
-55.5
-55.6
-54.5
-55.0
-55.8
-55.0
-53.8
-52.7
-53.0
-53.5
-51.3
-50.1
-49.3
-48.1
-48.4
-49.1
-49.0
-48.2
-48.5
-46.9
-48.0
-46.4
-49.3
-47.0
-47.2
-44.8
-45.6
-47.1
-45.9
-45.7
-43.9
-43.3
-44.7
-44.5
-46.3
-45.8
-45.2
-45.9
-44.6
-43.7
-42.5
-41.4
-41.1
-40.6
-38.9
-39.8
-40.2
-41.7
-42.0
-40.3
-41.0
-40.1
-41.4
-41.3
-40.9
-40.6
-39.0
-39.2
-39.1
-38.2
-39.4
-39.4
-39.6
-38.8
-37.0
-36.6
-36.5
-37.2
-37.7
-38.1
-38.0
-37.6
-38.3
-38.5
-39.7
-39.2
-38.2
-37.8
-38.4
-38.2
-39.5
-38.5
-38.0
-38.4
-38.2
-38.5
-37.3
-37.5
-37.5
-37.5
-38.5
-37.0
-36.9
-36.1
-35.0
-35.0
-35.2
-33.6
-34.1
-35.9
-36.9
-35.5
-35.9
-35.7
-36.1
-34.1
-33.4
-33.2
-34.6
-33.2
-35.2
-34.1
-33.0
-33.1
-32.1
-32.8
-30.6
-30.1
-32.4
-30.9
-31.2
-30.2
-31.0
-32.5
-31.5
-30.4
-30.2
-30.3
-30.3
-29.2
-29.0
-28.5
-29.8
-30.1
-30.3
-30.6
-30.2
-30.0
-28.3
-29.4
-29.7
-31.0
-30.3
-30.3
-30.7
-30.8
-29.6
-29.8
-29.8
-31.3
-29.8
-31.9
-31.4
-32.5
-32.3
-32.3
-31.0
-33.9
-34.7
-35.1
-34.4
-35.2
-34.9
-34.6
-35.4
-35.7
-37.0
-36.0
-36.2
-37.6
-38.3
-38.0
-38.4
-38.3
-38.0
-39.2
-37.5
-38.1
-38.2
-39.7
-39.4
-38.5
-37.2
-38.5
-39.0
-40.1
-42.0
-43.0
-43.7
-42.8
-42.8
-42.6
-41.2
-42.8
-44.1
-45.2
-44.9
-46.4
-47.1
-46.4
-46.5
-46.6
-46.6
-48.0
-46.9
-48.3
-49.6
-49.3
-47.4
-49.6
-49.5
-48.7
-44.5
-49.8
-47.3
-50.0
-48.8
-47.8
-46.3
-46.2
-52.1
-50.2
-51.7
-47.5
-48.4
-48.6
-46.2
-47.9
-51.0
-47.2
-47.4
-49.1
-51.5
-49.1
-45.1
-48.0
-50.2
-49.7
-52.2
-51.3
-50.5
-47.7
-50.9
-49.6
-50.5
-50.6
-51.7
-52.5
-48.3
-50.6
-51.1
-52.2
-49.9
-52.8
-51.0
-53.4
-52.4
-51.0
-50.7
-50.2
-52.8
-51.7
-53.8
-50.1
-54.1
-53.9
-53.8
-51.8
-52.3
-53.9
-54.8
-54.2
-55.5
-55.8
-53.5
-52.4
-52.8
-52.7
-55.5
-56.9
-58.1
-55.4
-55.9
-57.6
-58.0
-58.4
-57.1
-57.3
-58.1
-58.4
-59.1
-60.8
-61.9
-61.9
-62.2
-62.2
-61.5
-62.2
-62.2
-64.1
-64.0
-63.5
-63.2
-64.4
-64.5
-63.4
-62.6
-62.6
-63.5
-62.7
-63.5
-62.9
-63.3
-62.9
-64.5
-64.0
-64.2
-63.6
-62.1
-62.2
-62.1
-61.7
-61.8
-62.4
-62.5
-63.5
-64.0
-63.8
-64.0
-64.8
-64.3
-64.4
-64.0
-63.1
-63.0
-63.6
-64.2
-65.1
-64.5
-64.2
-63.2
-64.3
-63.0
-63.4
-63.7
-64.2
-64.5
-65.0
-65.1
-65.2
-63.8
-64.2
-64.4
-65.0
-64.3
-64.3
-65.0
-66.2
-67.1
-66.6
-65.7
-66.6
-67.2
-68.5
-69.7
-70.6
-71.8
-73.3
-73.8
-75.4
-75.7
-75.6
-77.7
-77.0
-75.5
-74.9
-74.4
-76.4
-76.4
-76.0
-76.5
-75.5
-74.9
-77.4
-78.6
-77.4
-76.3
-75.3
-75.2
-75.5
-76.4
-79.0
-79.4
-78.4
-77.0
-77.1
-76.4
-75.9
-75.9
-78.0
-78.5
-79.0
-78.4
-76.4
-77.2
-76.4
-76.5
-77.1
-76.7
-78.6
-79.8
-79.8
-79.4
-77.8
-77.9
-76.8
-77.4
-76.8
-77.9
-78.2
-77.6
-77.7
-77.0
-76.4
-76.1
-76.8
-77.5
-77.5
-77.4
-78.6
-77.7
-77.7
-76.4
-76.1
-77.6
-77.0
-78.0
-79.1
-80.0
-79.5
-77.5
-76.7
-76.3
-77.2
-78.0
-79.1
-78.6
-78.7
-78.5
-77.6
-78.3
-77.0
-76.3
-77.3
-76.5
-77.2
-76.7
-78.0
-78.0
-78.5
-78.6
-77.6
-78.0
-75.9
-75.7
-76.3
-76.4
-77.7
-77.7
-76.9
-77.5
-78.0
-76.7
-76.0
-75.2
-76.1
-76.2
-76.4
-76.5
-76.2
-76.9
-75.2
-74.8
-75.3
-75.3
-75.4
-75.3
-74.8
-75.7
-76.3
-76.6
-76.0
-75.6
-76.3
-76.7
-76.0
-74.5
-74.6
-75.8
-76.4
-75.8
-76.0
-76.0
-76.3
-76.9
-77.0
-76.9
-75.8
-75.8
-76.3
-75.4
-74.6
-74.1
-75.5
-76.6
-76.0
-75.6
-75.0
-75.5
-76.1
-75.3
-75.3
-74.9
-75.1
-75.6
-76.8
-77.0
-77.5
-76.4
-77.0
-77.3
-77.1
-76.2
-75.9
-75.7
-75.9
-75.9
-75.4
-76.2
-76.8
-77.1
-77.2
-77.0
-77.0
-76.7
-76.4
-77.8
-77.5
-77.9
-78.2
-78.2
-79.2
-77.8
-76.9
-77.8
-79.0
-79.5
-78.6
-79.4
-79.8
-80.6
-80.2
-79.5
-79.0
-78.6
-79.1
-79.6
-79.7
-80.1
-81.0
-80.9
-81.3
-80.5
-80.9
-81.9
-81.7
-82.2
-80.6
-81.7
-81.1
-81.1
-82.3
-81.8
-82.2
-83.1
-82.1
-82.6
-81.4
-82.3
-82.3
-82.3
-83.3
-83.2
-83.4
-82.7
-83.5
-83.8
-85.1
-83.7
-83.7
-84.0
-83.1
-85.3
-84.8
-85.4
-85.6
-85.7
-86.1
-86.3
-85.9
-86.2
-85.6
-85.3
-85.8
-85.7
-85.0
-85.6
-85.8
-86.4
-86.8
-86.9
-87.5
-87.8
-88.6
-88.1
-88.1
-86.6
-87.6
-88.5
-88.8
-89.6
-88.7
-88.5
-88.0
-88.6
-89.1
-89.2
-89.1
-89.6
-89.6
-90.0
-89.7
-90.1
-89.0
-89.5
-90.1
-89.4
-87.4
-86.7
-86.4
-86.9
-85.5
-85.2
-84.9
-84.8
-84.3
-84.9
-84.5
-85.4
-85.7
-85.7
-85.3
-85.5
-85.3
-86.4
-85.2
-85.0
-85.8
-86.2
-85.7
-86.4
-86.8
-87.6
-87.2
-87.7
-87.2
-87.2
-88.6
-88.4
-88.6
-87.5
-87.1
-88.3
-89.9
-90.5
-90.5
-89.6
-88.8
-89.0
-90.9
-90.5
-88.9
-90.2
-90.5
-91.0
-91.0
-91.3
-90.4
-89.1
-86.7
-87.2
-88.8
-89.8
-89.8
-89.3
-88.9
-88.2
-87.6
-87.3
-87.6
-88.7
-89.6
-88.9
-87.8
-87.3
-86.9
-87.3
-87.5
-87.6
-87.7
-87.1
-86.9
-87.5
-87.3
-87.5
-86.5
-86.1
-85.8
-86.0
-86.1
-86.5
-86.4
-87.5
-86.8
-85.9
-84.8
-85.3
-85.6
-85.3
-85.6
-85.6
-85.1
-84.9
-85.6
-85.1
-84.7
-83.6
-83.0
-83.2
-81.4
-82.8
-84.0
-84.5
-84.2
-82.8
-82.8
-82.9
-82.2
-82.0
-81.3
-80.7
-79.9
-80.3
-80.0
-80.2
-80.8
-80.1
-80.5
-79.2
-79.3
-79.0
-78.9
-78.9
-78.8
-77.6
-77.3
-78.2
-78.6
-78.5
-77.9
-77.7
-77.1
-77.0
-76.9
-76.2
-76.1
-75.4
-75.0
-75.0
-75.7
-76.3
-76.6
-75.4
-74.1
-74.7
-75.3
-75.8
-74.2
-73.8
-73.8
-74.3
-74.5
-73.7
-73.3
-73.4
-72.4
-72.3
-71.9
-70.7
-70.3
-69.7
-70.2
-68.8
-66.9
-66.0
-65.5
-65.7
-64.9
-63.4
-62.4
-60.3
-59.5
-60.1
-60.7
-60.4
-59.8
-59.2
-59.0
-60.7
-60.4
-60.5
-59.1
-58.9
-58.2
-59.7
-58.6
-59.6
-59.5
-60.4
-60.2
-59.8
-59.7
-59.1
-60.6
-59.4
-59.1
-58.4
-59.4
-60.1
-60.5
-60.5
-58.8
-57.9
-56.6
-57.0
-57.5
-58.3
-56.8
-57.5
-56.5
-55.6
-56.1
-56.1
-56.2
-55.3
-54.4
-54.9
-55.7
-56.5
-57.7
-57.2
-56.0
-54.3
-54.1
-53.3
-52.2
-52.7
-53.4
-53.2
-52.4
-52.4
-51.5
-51.7
-52.0
-53.1
-52.8
-52.0
-52.1
-52.9
-53.0
-52.4
-51.6
-51.4
-51.0
-50.8
-50.6
-49.5
-49.7
-49.5
-50.4
-48.7
-50.8
-50.7
-49.7
-50.5
-49.4
-50.3
-49.9
-49.5
-49.7
-49.4
-48.7
-48.1
-49.6
-48.5
-49.2
-47.8
-47.4
-47.2
-47.2
-46.6
-47.4
-46.3
-47.5
-48.0
-48.1
-47.5
-43.7
-44.4
-45.6
-46.9
-48.6
-47.5
-44.9
-44.4
-45.9
-49.0
-48.5
-47.2
-45.5
-44.1
-45.0
-48.7
-51.7
-51.6
-47.8
-43.6
-40.8
-42.7
-44.5
-48.7
-48.5
-45.6
-46.0
-43.7
-41.1
-40.8
-41.7
-43.7
-44.3
-44.8
-44.5
-44.8
-42.5
-41.4
-41.8
-41.8
-42.1
-43.1
-43.3
-43.4
-42.2
-41.9
-41.0
-41.1
-41.9
-41.6
-41.5
-40.5
-37.9
-37.1
-35.9
-36.7
-37.4
-37.4
-36.3
-34.9
-35.0
-34.4
-34.2
-33.3
-34.1
-34.1
-33.7
-34.0
-33.3
-34.8
-34.9
-34.6
-34.5
-35.7
-36.5
-35.8
-35.0
-33.1
-34.2
-36.2
-36.6
-36.5
-35.5
-35.4
-35.4
-35.8
-35.2
-37.1
-36.6
-38.3
-36.9
-35.7
-35.0
-34.7
-36.3
-37.8
-38.5
-38.0
-37.2
-33.8
-36.9
-36.9
-36.4
-35.5
-34.0
-35.9
-38.0
-37.1
-36.4
-33.8
-34.3
-32.0
-35.0
-34.9
-35.5
-33.5
-34.7
-34.2
-37.9
-36.9
-37.4
-33.1
-33.2
-32.7
-35.4
-35.3
-32.9
-36.7
-32.1
-34.0
-34.1
-35.5
-34.5
-35.4
-34.9
-32.7
-34.0
-34.2
-33.9
-34.3
-29.9
-31.0
-33.1
-34.2
-30.4
-31.2
-29.4
-30.4
-32.4
-33.2
-34.9
-33.3
-30.0
-27.2
-27.7
-27.5
-33.0
-33.9
-34.6
-31.8
-28.5
-28.7
-30.7
-28.2
-31.2
-30.0
-28.2
-29.8
-29.0
-33.1
-31.5
-29.0
-26.3
-27.4
-26.5
-30.0
-29.0
-28.0
-26.7
-25.4
-28.0
-27.3
-27.3
-27.4
-26.5
-26.9
-26.9
-27.2
-26.8
-25.8
-27.7
-27.0
-27.6
-25.9
-25.7
-25.8
-24.8
-25.8
-25.9
-26.9
-27.4
-25.6
-25.4
-24.0
-23.7
-25.6
-24.8
-25.8
-25.8
-25.0
-24.8
-23.5
-22.8
-22.3
-22.8
-22.6
-22.7
-22.0
-20.9
-20.3
-19.7
-19.3
-18.6
-17.5
-17.0
-16.1
-15.3
-13.9
-13.1
-13.9
-14.4
-16.6
-13.5
-13.9
-10.8
-15.0
-15.8
-15.4
-15.0
-13.1
-15.3
-14.5
-15.7
-17.1
-16.4
-14.7
-15.8
-15.6
-16.0
-16.2
-17.0
-17.9
-15.5
-12.1
-15.5
-18.0
-18.9
-16.9
-12.6
-12.1
-14.9
-17.4
-18.7
-17.1
-14.9
-12.0
-10.3
-12.1
-19.3
-20.5
-18.4
-12.6
-10.9
-9.4
-10.2
-11.3
-13.8
-14.6
-15.0
-13.4
-12.1
-9.3
-9.1
-10.9
-14.3
-13.8
