13.0
12.9
12.8
12.6
12.3
12.0
11.6
11.2
10.9
10.7
10.4
10.1
10.1
10.3
10.7
10.9
10.7
10.5
10.3
10.1
9.9
9.5
9.1
8.7
8.5
8.5
8.7
8.8
8.9
8.9
8.9
8.8
8.5
8.0
7.5
7.1
6.8
6.4
5.8
5.3
4.9
4.9
5.0
5.1
5.0
4.9
4.8
4.8
4.9
4.9
4.7
4.2
3.5
2.9
2.5
2.2
1.8
1.5
1.2
1.2
1.4
1.6
1.6
1.5
1.3
1.1
0.5
0.0
-0.6
-1.0
-1.3
-1.5
-1.7
-1.8
-1.7
-1.6
-1.4
-1.3
-1.1
-0.8
-0.5
-0.1
0.2
0.6
1.0
1.2
1.3
1.3
1.1
0.9
0.6
0.6
0.7
1.0
1.3
1.9
2.6
3.5
4.5
5.5
6.3
6.9
7.5
8.3
9.1
9.9
10.6
11.4
12.3
13.3
14.3
15.2
16.0
16.9
18.0
19.1
20.2
21.3
22.3
23.5
24.7
26.0
27.2
28.2
29.1
30.2
31.3
32.5
34.0
35.6
37.2
38.9
40.5
42.3
44.0
45.5
46.7
47.7
48.8
50.0
51.3
52.6
54.1
55.6
57.3
59.2
61.4
63.8
66.3
69.1
72.0
75.0
78.0
81.0
83.9
86.6
89.3
92.0
94.9
98.0
101.8
106.5
112.9
120.8
130.0
140.2
151.1
162.4
173.9
184.8
194.7
203.1
210.0
215.4
219.9
223.9
227.6
231.0
234.3
237.7
241.2
244.6
248.0
251.3
254.6
257.8
260.9
263.9
266.9
270.1
273.5
277.0
280.5
284.1
287.7
291.5
295.4
299.7
304.0
308.3
312.6
316.7
320.9
325.0
329.0
332.7
336.3
339.8
343.3
346.7
350.1
353.7
357.2
360.7
364.2
367.7
371.2
374.9
378.4
381.6
384.6
387.4
390.3
393.3
396.2
399.1
401.8
404.3
406.4
408.2
409.4
410.1
410.2
409.7
408.7
407.5
406.0
404.5
403.0
401.5
400.1
398.6
397.2
395.9
394.6
393.2
392.0
390.7
389.5
388.2
387.0
385.7
384.5
383.3
382.1
380.8
379.6
378.4
377.2
375.9
374.7
373.5
372.3
371.1
369.9
368.7
367.5
366.4
365.2
364.0
362.8
361.7
360.5
359.3
358.2
357.0
355.9
354.7
353.6
352.5
351.3
350.2
349.1
347.9
346.8
345.7
344.6
343.5
342.4
341.3
340.2
339.1
338.0
336.9
335.8
334.7
333.6
332.6
331.5
330.4
329.4
328.3
327.2
326.2
325.1
324.1
323.0
322.0
321.0
319.9
318.9
317.9
316.8
315.8
314.8
313.8
312.8
311.8
310.8
309.8
308.8
307.8
306.8
305.8
304.8
303.8
302.8
301.9
300.9
299.9
298.9
298.0
297.0
296.1
295.1
294.2
293.2
292.3
291.3
290.4
289.4
288.5
287.6
286.7
285.7
284.8
283.9
283.0
282.0
281.1
280.2
279.3
278.4
277.5
276.6
275.7
274.8
274.0
273.1
272.2
271.3
270.4
269.6
268.7
267.8
266.9
266.1
265.2
264.4
263.5
262.7
261.8
261.0
260.1
259.3
258.4
257.6
256.8
255.9
255.1
254.3
253.5
252.6
251.8
251.0
250.2
249.4
248.6
247.8
247.0
246.2
245.4
244.6
243.8
243.0
242.2
241.5
240.7
239.9
239.1
238.3
237.6
236.8
236.0
235.3
234.5
233.7
233.0
232.2
231.5
230.7
230.0
229.2
228.5
227.7
227.0
226.3
225.5
224.8
224.1
223.4
222.6
221.9
221.2
220.5
219.8
219.0
218.3
217.6
216.9
216.2
215.5
214.8
214.1
213.4
212.7
212.1
211.4
210.7
210.0
209.3
208.6
208.0
207.3
206.6
205.9
205.3
204.6
203.9
203.3
202.6
202.0
201.3
200.6
200.0
199.3
198.7
198.1
197.4
196.8
196.1
195.5
194.9
194.2
193.6
192.8
191.7
189.9
187.4
184.1
180.0
175.0
169.2
162.8
156.1
149.4
142.7
136.4
130.6
125.4
120.8
116.6
112.9
109.6
106.8
104.3
102.0
99.7
97.4
95.1
92.9
90.7
88.5
86.4
84.3
82.3
80.5
78.7
77.0
75.5
74.0
72.4
70.9
69.5
68.0
66.6
65.2
63.9
62.5
61.2
59.8
58.5
57.3
56.1
55.0
53.9
52.8
51.7
50.5
49.3
48.2
47.0
45.8
44.5
43.1
41.7
40.5
39.4
38.2
37.2
36.2
35.3
34.5
33.6
32.7
31.7
30.7
29.6
28.6
27.5
26.3
25.2
24.1
23.0
22.0
20.9
19.7
18.6
17.5
16.5
15.6
14.6
13.6
12.5
11.5
10.5
9.5
8.5
7.6
6.8
6.0
5.2
4.4
3.6
2.8
2.0
1.2
0.4
-0.3
-1.0
-1.7
-2.4
-3.0
-3.7
-4.2
-4.9
-5.6
-6.4
-7.2
-7.8
-8.3
-8.7
-8.9
-9.1
-9.1
-9.0
-8.8
-8.5
-8.2
-8.1
-8.1
-8.2
-8.2
-8.3
-8.4
-8.7
-9.1
-9.6
-9.9
-10.2
-10.6
-11.1
-11.6
-12.0
-12.3
-12.7
-13.1
-13.5
-13.9
-14.3
-14.8
-15.3
-15.8
-16.4
-16.9
-17.3
-17.7
-18.0
-18.3
-18.5
-18.6
-18.7
-18.8
-18.8
-18.8
-18.9
-19.0
-19.2
-19.3
-19.5
-19.7
-19.9
-20.2
-20.5
-20.8
-21.1
-21.4
-21.6
-21.8
-22.1
-22.3
-22.6
-22.9
-23.2
-23.6
-24.1
-24.5
-25.1
-25.6
-26.2
-26.9
-27.6
-28.4
-29.2
-30.0
-30.9
-31.8
-32.8
-33.9
-35.0
-36.0
-37.0
-38.0
-39.0
-39.8
-40.5
-41.2
-41.8
-42.3
-42.8
-43.3
-43.9
-44.4
-45.0
-45.6
-46.2
-46.8
-47.4
-48.0
-48.7
-49.4
-50.2
-50.9
-51.7
-52.5
-53.3
-53.9
-54.4
-54.9
-55.3
-55.7
-56.0
-56.2
-56.6
-56.9
-57.4
-57.8
-58.4
-59.1
-59.8
-60.5
-61.1
-61.8
-62.5
-63.1
-63.6
-64.2
-64.6
-65.1
-65.4
-65.8
-66.1
-66.4
-66.7
-67.0
-67.3
-67.6
-68.1
-68.5
-69.0
-69.6
-70.1
-70.7
-71.0
-71.3
-71.6
-71.8
-72.0
-72.3
-72.6
-73.1
-73.6
-74.2
-74.7
-75.3
-75.8
-76.2
-76.3
-76.3
-76.3
-76.2
-76.1
-76.0
-76.0
-76.0
-76.1
-76.2
-76.3
-76.4
-76.7
-77.1
-77.4
-77.8
-78.0
-78.4
-78.6
-78.9
-79.1
-79.2
-79.2
-79.1
-79.0
-78.9
-79.0
-78.9
-78.9
-78.7
-78.5
-78.3
-78.3
-78.5
-78.9
-79.2
-79.6
-80.1
-80.7
-81.4
-81.9
-82.3
-82.5
-82.4
-82.3
-82.1
-81.9
-81.9
-82.1
-82.4
-83.0
-83.7
-84.6
-85.6
-86.7
-87.7
-88.7
-89.6
-90.4
-91.5
-92.6
-93.8
-94.8
-95.6
-96.2
-96.7
-97.2
-97.6
-98.0
-98.3
-98.7
-99.1
-99.5
-100.0
-100.3
-100.5
-100.5
-100.3
-99.9
-99.5
-99.2
-99.0
-99.0
-99.1
-99.2
-99.5
-99.8
-100.3
-100.8
-101.3
-101.6
-101.8
-101.9
-102.0
-102.1
-102.1
-102.0
-101.8
-101.6
-101.5
-101.3
-101.3
-101.3
-101.5
-101.6
-101.7
-101.8
-101.8
-101.8
-101.7
-101.7
-101.9
-102.2
-102.5
-102.8
-103.2
-103.7
-104.1
-104.6
-104.8
-104.9
-105.1
-105.3
-105.5
-105.7
-105.8
-105.9
-106.0
-106.2
-106.3
-106.3
-106.3
-106.5
-106.9
-107.4
-107.7
-107.8
-107.7
-107.7
-107.7
-107.7
-107.7
-107.7
-107.7
-107.8
-108.1
-108.5
-108.8
-109.0
-109.1
-109.3
-109.5
-109.8
-110.0
-110.2
-110.3
-110.5
-110.7
-110.9
-111.2
-111.4
-111.5
-111.5
-111.3
-111.2
-111.1
-110.8
-110.5
-110.2
-110.0
-110.0
-110.2
-110.6
-111.1
-111.6
-112.1
-112.4
-112.5
-112.5
-112.6
-112.7
-113.0
-113.1
-113.3
-113.4
-113.6
-113.7
-113.8
-113.8
-113.6
-113.4
-113.3
-113.5
-113.8
-114.1
-114.5
-114.8
-115.1
-115.3
-115.3
-115.3
-115.4
-115.5
-115.7
-116.0
-116.3
-116.6
-117.1
-117.5
-117.8
-117.9
-117.9
-117.7
-117.6
-117.6
-117.8
-117.9
-118.0
-118.0
-118.1
-118.4
-118.8
-119.2
-119.5
-119.5
-119.4
-119.2
-119.1
-119.0
-118.8
-118.6
-118.3
-118.2
-118.4
-119.0
-119.6
-120.0
-120.0
-119.9
-119.8
-119.5
-119.2
-119.0
-119.0
-119.1
-119.2
-119.5
-120.0
-120.7
-121.3
-121.8
-121.9
-121.9
-121.9
-121.9
-121.9
-121.8
-121.7
-121.5
-121.4
-121.3
-121.2
-121.3
-121.3
-121.4
-121.4
-121.6
-121.9
-122.1
-122.2
-122.3
-122.5
-122.7
-123.0
-123.2
-123.2
-123.2
-123.1
-123.0
-122.8
-122.6
-122.6
-122.7
-123.0
-123.3
-123.5
-123.6
-123.6
-123.5
-123.4
-123.2
-123.0
-122.8
-122.6
-122.8
-123.4
-124.4
-125.4
-126.1
-126.2
-125.9
-125.4
-125.0
-124.7
-124.5
-124.3
-124.1
-123.9
-123.8
-123.9
-124.3
-124.6
-124.7
-124.6
-124.6
-124.9
-125.5
-126.2
-126.7
-126.9
-126.9
-126.8
-126.7
-126.6
-126.3
-125.8
-125.5
-125.3
-125.5
-125.9
-126.3
-126.8
-127.3
-127.6
-127.8
-127.9
-128.0
-128.1
-128.1
-127.9
-127.6
-127.6
-127.9
-128.6
-129.4
-130.1
-130.6
-130.8
-130.9
-130.9
-130.8
-130.6
-130.2
-129.8
-129.4
-129.3
-129.8
-130.6
-131.4
-131.9
-131.9
-131.9
-131.9
-131.8
-131.6
-131.1
-130.8
-130.5
-130.4
-130.4
-130.5
-130.6
-130.6
-130.5
-130.3
-130.1
-130.0
-129.9
-129.8
-129.8
-129.8
-129.8
-129.9
-129.8
-129.7
-129.6
-129.3
-128.8
-128.4
-127.9
-127.5
-127.1
-126.9
-126.9
-127.0
-127.4
-127.9
-128.4
-128.9
-129.3
-129.5
-129.6
-129.6
-129.5
-129.2
-128.8
-128.4
-128.1
-127.8
-127.6
-127.5
-127.3
-127.2
-127.0
-126.8
-126.6
-126.4
-126.3
-126.4
-126.6
-126.9
-127.1
-127.3
-127.4
-127.4
-127.1
-126.8
-126.4
-126.1
-125.8
-125.5
-125.4
-125.4
-125.5
-125.4
-125.2
-124.8
-124.4
-124.1
-123.8
-123.7
-123.7
-123.8
-123.9
-124.0
-124.3
-124.5
-124.8
-125.0
-125.1
-125.0
-124.9
-124.7
-124.5
-124.2
-123.7
-123.3
-123.0
-122.9
-122.8
-122.9
-123.0
-123.0
-123.1
-123.1
-123.1
-123.1
-123.0
-122.9
-122.8
-122.6
-122.5
-122.4
-122.3
-122.0
-121.7
-121.5
-121.2
-121.0
-120.7
-120.4
-120.1
-119.8
-119.4
-119.0
-118.6
-118.4
-118.3
-118.3
-118.5
-118.7
-118.9
-119.0
-119.0
-118.9
-118.5
-118.0
-117.2
-116.3
-115.4
-114.6
-114.0
-113.5
-113.2
-113.0
-113.0
-113.1
-113.2
-113.2
-113.3
-113.4
-113.3
-113.0
-112.6
-112.1
-111.7
-111.1
-110.6
-110.1
-109.7
-109.4
-109.4
-109.5
-109.7
-110.0
-110.5
-111.0
-111.5
-112.0
-112.4
-112.6
-112.7
-112.6
-112.5
-112.3
-112.0
-111.7
-111.5
-111.4
-111.4
-111.4
-111.5
-111.7
-111.9
-112.0
-112.0
-111.8
-111.6
-111.5
-111.3
-111.1
-110.9
-110.7
-110.6
-110.6
-110.6
-110.7
-110.7
-110.5
-110.5
-110.3
-110.2
-110.0
-109.9
-109.8
-109.8
-109.8
-109.7
-109.8
-109.8
-109.8
-109.7
-109.5
-109.4
-109.3
-109.1
-108.9
-108.7
-108.5
-108.3
-108.1
-108.1
-108.0
-108.0
-108.1
-108.3
-108.5
-108.7
-108.7
-108.7
-108.6
-108.4
-108.1
-107.7
-107.4
-107.2
-107.0
-106.9
-106.8
-106.8
-106.8
-106.8
-106.7
-106.5
-106.4
-106.3
-106.3
-106.4
-106.5
-106.5
-106.5
-106.4
-106.4
-106.3
-106.0
-105.8
-105.5
-105.5
-105.5
-105.5
-105.5
-105.5
-105.5
-105.4
-105.3
-105.0
-104.8
-104.5
-104.2
-103.9
-103.7
-103.5
-103.4
-103.3
-103.3
-103.4
-103.4
-103.4
-103.5
-103.5
-103.5
-103.4
-103.2
-103.0
-102.7
-102.5
-102.2
-102.0
-101.8
-101.5
-101.3
-101.2
-101.1
-101.2
-101.2
-101.3
-101.2
-101.2
-101.3
-101.3
-101.2
-101.1
-100.9
-100.7
-100.3
-99.8
-99.2
-98.7
-98.2
-97.7
-97.2
-96.8
-96.5
-96.4
-96.5
-96.6
-96.7
-96.6
-96.5
-96.4
-96.3
-96.1
-95.9
-95.6
-95.3
-95.0
-94.8
-94.6
-94.4
-94.1
-93.7
-93.4
-93.1
-92.9
-92.9
-92.9
-92.9
-92.8
-92.8
-92.7
-92.6
-92.4
-92.0
-91.6
-91.1
-90.7
-90.3
-89.9
-89.5
-89.1
-88.8
-88.4
-88.0
-87.7
-87.4
-87.1
-87.0
-86.9
-86.8
-86.7
-86.7
-86.7
-86.7
-86.7
-86.7
-86.7
-86.6
-86.5
-86.5
-86.5
-86.6
-86.6
-86.7
-86.7
-86.7
-86.7
-86.8
-86.8
-86.7
-86.6
-86.5
-86.5
-86.3
-86.2
-86.0
-85.8
-85.7
-85.6
-85.5
-85.4
-85.4
-85.5
-85.5
-85.4
-85.4
-85.4
-85.4
-85.4
-85.3
-85.3
-85.1
-85.1
-85.0
-84.9
-84.8
-84.7
-84.5
-84.5
-84.4
-84.4
-84.4
-84.5
-84.5
-84.5
-84.5
-84.4
-84.3
-84.2
-84.0
-83.7
-83.4
-83.2
-83.0
-82.8
-82.6
-82.5
-82.4
-82.4
-82.3
-82.3
-82.4
-82.4
-82.4
-82.3
-82.1
-82.0
-81.9
-81.8
-81.7
-81.6
-81.5
-81.5
-81.4
-81.3
-81.2
-81.1
-81.0
-80.8
-80.7
-80.5
-80.5
-80.4
-80.3
-80.3
-80.2
-80.2
-80.2
-80.1
-80.0
-79.8
-79.6
-79.4
-79.1
-78.9
-78.8
-78.7
-78.9
-79.1
-79.4
-79.7
-79.8
-79.8
-79.6
-79.3
-78.9
-78.5
-78.0
-77.6
-77.3
-77.1
-77.0
-77.1
-77.1
-77.2
-77.3
-77.5
-77.6
-77.6
-77.6
-77.6
-77.5
-77.3
-77.0
-76.7
-76.4
-76.2
-76.0
-76.0
-75.9
-75.9
-76.0
-76.0
-76.1
-76.0
-75.9
-75.7
-75.5
-75.2
-75.0
-74.7
-74.4
-74.0
-73.8
-73.5
-73.4
-73.2
-73.0
-72.8
-72.5
-72.1
-71.8
-71.4
-71.1
-70.7
-70.4
-70.2
-70.0
-69.9
-69.8
-69.6
-69.5
-69.3
-69.0
-68.6
-68.2
-67.9
-67.6
-67.4
-67.3
-67.3
-67.3
-67.4
-67.5
-67.6
-67.7
-67.8
-67.8
-67.7
-67.6
-67.6
-67.5
-67.6
-67.7
-67.8
-67.9
-68.0
-68.1
-68.2
-68.3
-68.4
-68.6
-68.9
-69.1
-69.2
-69.3
-69.5
-69.6
-69.7
-69.6
-69.5
-69.3
-69.2
-69.1
-69.1
-69.1
-69.2
-69.3
-69.5
-69.7
-69.8
-69.9
-69.9
-69.8
-69.6
-69.5
-69.4
-69.3
-69.1
-69.0
-68.9
-68.8
-68.8
-68.7
-68.6
-68.4
-68.3
-68.3
-68.3
-68.3
-68.1
-67.9
-67.7
-67.5
-67.3
-66.9
-66.2
-65.6
-65.0
-64.6
-64.2
-63.9
-63.6
-63.4
-63.3
-63.2
-63.2
-63.0
-62.7
-62.1
-61.4
-60.7
-60.1
-59.6
-59.2
-58.8
-58.6
-58.5
-58.5
-58.5
-58.4
-58.2
-58.1
-57.9
-57.7
-57.6
-57.5
-57.4
-57.4
-57.4
-57.4
-57.4
-57.3
-57.2
-57.2
-57.3
-57.3
-57.3
-57.3
-57.3
-57.3
-57.4
-57.6
-57.8
-57.9
-58.0
-58.0
-58.0
-58.0
-57.9
-57.8
-57.7
-57.6
-57.5
-57.5
-57.6
-57.9
-58.3
-58.8
-59.1
-59.4
-59.6
-59.8
-59.9
-59.9
-59.8
-59.8
-59.9
-60.0
-60.3
-60.6
-61.0
-61.3
-61.7
-61.9
-62.3
-62.7
-63.0
-63.1
-63.1
-63.2
-63.2
-63.2
-63.0
-62.7
-62.4
-62.2
-62.1
-62.2
-62.4
-62.7
-63.1
-63.5
-63.7
-63.8
-63.8
-63.9
-63.8
-63.7
-63.4
-63.1
-62.9
-63.0
-63.2
-63.5
-63.7
-63.7
-63.6
-63.5
-63.1
-62.8
-62.4
-62.0
-61.7
-61.5
-61.4
-61.5
-61.6
-61.7
-61.9
-62.1
-62.1
-62.0
-61.8
-61.6
-61.3
-61.1
-61.0
-61.0
-61.0
-60.9
-60.7
-60.7
-60.8
-60.8
-60.6
-60.3
-59.9
-59.7
-59.6
-59.6
-59.6
-59.6
-59.6
-59.5
-59.5
-59.4
-59.4
-59.3
-59.3
-59.5
-59.7
-59.9
-60.0
-60.0
-60.0
-59.9
-59.8
-59.5
-59.2
-58.8
-58.4
-58.2
-58.2
-58.2
-58.1
-58.0
-58.0
-57.9
-58.0
-58.0
-58.0
-58.1
-58.2
-58.3
-58.4
-58.3
-58.1
-57.7
-57.3
-56.8
-56.2
-55.6
-55.2
-55.0
-55.1
-55.3
-55.7
-56.0
-56.3
-56.5
-56.5
-56.4
-56.2
-55.9
-55.6
-55.2
-54.8
-54.5
-54.4
-54.3
-54.2
-54.1
-54.1
-53.9
-53.8
-53.7
-53.5
-53.4
-53.3
-53.1
-52.9
-52.7
-52.5
-52.2
-51.9
-51.6
-51.4
-51.3
-51.1
-51.0
-50.7
-50.6
-50.4
-50.3
-50.2
-50.1
-50.0
-49.8
-49.7
-49.5
-49.4
-49.3
-49.0
-48.7
-48.2
-47.8
-47.5
-47.1
-46.9
-46.7
-46.6
-46.4
-46.2
-46.0
-45.8
-45.6
-45.4
-45.1
-44.8
-44.4
-44.1
-43.8
-43.6
-43.4
-43.1
-42.9
-42.7
-42.6
-42.6
-42.7
-42.8
-42.8
-42.8
-42.8
-42.7
-42.7
-42.6
-42.4
-42.3
-42.2
-42.0
-41.9
-41.9
-41.8
-41.7
-41.6
-41.5
-41.4
-41.4
-41.4
-41.3
-41.3
-41.3
-41.4
-41.4
-41.5
-41.4
-41.4
-41.4
-41.4
-41.3
-41.2
-41.2
-41.1
-41.1
-41.2
-41.3
-41.4
-41.6
-41.8
-42.0
-42.1
-42.0
-41.9
-41.7
-41.6
-41.4
-41.1
-40.9
-40.7
-40.6
-40.7
-40.7
-40.7
-40.8
-40.8
-40.8
-40.9
-40.9
-40.9
-40.8
-40.7
-40.5
-40.3
-40.1
-40.0
-39.8
-39.7
-39.5
-39.4
-39.3
-39.3
-39.2
-39.3
-39.3
-39.3
-39.2
-39.2
-39.2
-39.2
-39.2
-39.2
-39.2
-39.2
-39.1
-39.0
-38.8
-38.6
-38.4
-38.2
-37.9
-37.7
-37.5
-37.5
-37.6
-37.7
-37.8
-37.9
-38.0
-38.0
-37.9
-37.7
-37.5
-37.2
-36.8
-36.5
-36.2
-36.0
-35.7
-35.5
-35.3
-35.1
-34.9
-34.7
-34.6
-34.4
-34.2
-34.0
-33.6
-33.4
-33.2
-33.1
-33.2
-33.4
-33.8
-34.3
-34.8
-35.5
-36.1
-36.7
-37.3
-37.8
-38.3
-38.7
-39.2
-39.8
-40.4
-41.0
-41.5
-42.1
-42.7
-43.4
-44.0
-44.6
-45.1
-45.5
-45.9
-46.2
-46.5
-46.7
-46.9
-47.1
-47.3
-47.7
-48.0
-48.3
-48.7
-49.0
-49.4
-49.8
-50.1
-50.4
-50.7
-50.9
-51.2
-51.5
-51.7
-51.8
-51.9
-51.9
-52.0
-52.0
-52.0
-52.0
-52.1
-52.1
-52.2
-52.3
-52.3
-52.3
-52.2
-52.1
-52.0
-51.8
-51.6
-51.4
-51.2
-51.1
-51.0
-50.8
-50.7
-50.5
-50.3
-50.1
-50.0
-50.0
-50.0
-50.0
-49.9
-49.8
-49.7
-49.6
-49.5
-49.4
-49.2
-49.0
-48.9
-48.9
-48.8
-48.7
-48.6
-48.5
-48.4
-48.2
-48.0
-47.8
-47.7
-47.6
-47.5
-47.4
-47.4
-47.3
-47.2
-47.1
-47.0
-46.8
-46.6
-46.5
-46.3
-46.1
-45.9
-45.7
-45.5
-45.4
-45.2
-45.1
-45.0
-44.9
-44.7
-44.6
-44.6
-44.5
-44.5
-44.4
-44.4
-44.3
-44.3
-44.3
-44.1
-44.0
-43.8
-43.6
-43.4
-43.3
-43.1
-43.0
-42.9
-42.8
-42.7
-42.7
-42.6
-42.5
-42.4
-42.3
-42.2
-42.1
-41.9
-41.8
-41.6
-41.5
-41.3
-41.1
-41.0
-40.8
-40.8
-40.7
-40.6
-40.4
-40.3
-40.2
-40.0
-39.7
-39.6
-39.4
-39.2
-39.0
-38.9
-38.8
-38.7
-38.6
-38.5
-38.4
-38.3
-38.1
-37.9
-37.7
-37.5
-37.3
-37.2
-37.1
-36.9
-36.8
-36.7
-36.6
-36.5
-36.3
-36.1
-36.0
-35.8
-35.6
-35.5
-35.3
-35.2
-35.2
-35.1
-35.0
-34.8
-34.6
-34.5
-34.4
-34.3
-34.1
-34.0
-33.8
-33.7
-33.5
-33.4
-33.2
-33.0
-32.8
-32.7
-32.5
-32.4
-32.2
-32.1
-32.0
-31.8
-31.6
-31.4
-31.1
-30.9
-30.6
-30.3
-30.0
-29.7
-29.6
-29.4
-29.4
-29.3
-29.3
-29.2
-29.1
-29.1
-29.0
-29.0
-28.9
-28.8
-28.7
-28.6
-28.4
-28.3
-28.1
-28.0
-27.8
-27.6
-27.4
-27.3
-27.2
-27.2
-27.1
-27.1
-27.1
-27.1
-27.1
-27.1
-27.0
-27.0
-26.9
-26.8
-26.8
-26.7
-26.6
-26.6
-26.6
-26.6
-26.5
-26.4
-26.3
-26.1
-25.9
-25.7
-25.6
-25.4
-25.2
-25.1
-25.0
-25.0
-25.0
-25.0
-25.0
-25.0
-24.9
-24.8
-24.7
-24.6
-24.5
-24.3
-24.1
-24.0
-24.0
-24.0
-24.0
-23.9
-23.9
-23.8
-23.7
-23.6
-23.5
-23.3
-23.1
-22.9
-22.7
-22.5
-22.4
-22.4
-22.5
-22.6
-22.7
-22.8
-22.8
-22.8
-22.9
-22.9
-23.0
-23.0
-23.2
-23.5
-23.8
-24.2
-24.5
-24.8
-25.1
-25.2
-25.3
-25.3
-25.3
-25.3
-25.3
-25.3
-25.3
-25.3
-25.2
-25.2
-25.1
-24.9
-24.8
-24.6
-24.5
-24.3
-24.3
-24.2
-24.2
-24.1
-24.0
-23.9
-23.8
-23.6
-23.5
-23.3
-23.1
-22.9
-22.8
-22.7
-22.6
-22.5
-22.4
-22.3
-22.1
-22.0
-21.9
-21.7
-21.6
-21.5
-21.4
-21.3
-21.3
-21.3
-21.3
-21.2
-21.2
-21.0
-20.9
-20.8
-20.6
-20.3
-20.1
-19.9
-19.8
-19.7
-19.7
-19.7
-19.8
-19.8
-19.8
-19.9
-19.9
-20.0
-20.1
-20.1
-20.1
-20.0
-20.0
-19.9
-19.8
-19.7
-19.5
-19.2
-19.0
-18.9
-18.7
-18.6
-18.5
-18.4
-18.3
-18.3
-18.3
-18.2
-18.2
-18.2
-18.1
-18.1
-17.9
-17.9
-17.8
-17.8
-17.7
-17.7
-17.7
-17.7
-17.7
-17.7
-17.7
-17.6
-17.5
-17.3
-17.1
-16.8
-16.6
-16.4
-16.2
-16.0
-15.7
-15.6
-15.5
-15.3
-15.1
-15.0
-14.9
-14.8
-14.7
-14.6
-14.6
-14.6
-14.6
-14.6
-14.7
-14.6
-14.6
-14.6
-14.5
-14.5
-14.4
-14.3
-14.2
-14.1
-14.1
-14.1
-14.0
-14.0
-14.0
-14.0
-13.9
-13.8
-13.7
-13.6
-13.6
-13.6
-13.6
-13.5
-13.5
-13.6
-13.6
-13.5
-13.4
-13.3
-13.3
-13.1
-13.0
-12.9
-12.8
-12.7
-12.7
-12.7
-12.6
-12.6
-12.6
-12.6
-12.7
-12.7
-12.8
-12.9
-13.0
-13.2
-13.4
-13.7
-14.0
-14.5
-15.0
-15.6
-16.3
-17.2
-18.1
-19.1
-20.0
-20.8
-21.7
-22.4
-23.2
-23.8
-24.3
-24.6
-25.0
-25.3
-25.6
-25.7
-25.8
-25.9
-25.9
-25.9
-25.9
-25.8
-25.7
-25.5
-25.3
-25.2
-25.0
-24.8
-24.7
-24.6
-24.5
-24.3
-24.1
-24.0
-23.8
-23.7
-23.6
-23.5
-23.4
-23.3
-23.3
-23.2
-23.2
-23.1
-23.0
-22.8
-22.6
-22.4
-22.2
-22.0
-21.9
-21.7
-21.6
-21.4
-21.3
-21.1
-21.0
-20.9
-20.8
-20.7
-20.6
-20.5
-20.5
-20.4
-20.3
-20.3
-20.2
-20.1
-19.9
-19.8
-19.7
-19.6
-19.4
-19.3
-19.3
-19.2
-19.1
-19.0
-18.9
-18.8
-18.7
-18.6
-18.5
-18.4
-18.2
-18.1
-18.0
-17.9
-17.8
-17.7
-17.6
-17.5
-17.4
-17.3
-17.2
-17.2
-17.0
-16.9
-16.8
-16.7
-16.6
-16.6
-16.6
-16.5
-16.5
-16.4
-16.3
-16.2
-16.1
-15.9
-15.8
-15.6
-15.5
-15.4
-15.3
-15.3
-15.3
-15.2
-15.1
-15.0
-14.9
-14.7
-14.6
-14.4
-14.3
-14.3
-14.2
-14.2
-14.2
-14.1
-14.1
-14.1
-14.1
-14.0
-13.9
-13.9
-13.8
-13.8
-13.7
-13.6
-13.4
-13.3
-13.1
-13.0
-12.8
-12.7
-12.6
-12.5
-12.4
-12.2
-12.1
-12.0
-12.0
-11.9
-11.9
-11.9
-11.9
-11.9
-11.9
-11.8
-11.8
-11.7
-11.6
-11.6
-11.5
-11.4
-11.4
-11.3
-11.2
-11.1
-10.9
-10.8
-10.5
-10.3
-10.1
-9.9
-9.7
-9.6
-9.5
-9.6
-9.7
-9.9
-10.1
-10.2
-10.4
-10.6
-10.6
-10.6
-10.5
-10.4
-10.2
-10.1
-10.1
-10.1
-10.0
-10.0
-10.1
-10.3
-10.6
-10.9
-11.2
-11.6
-12.0
-12.4
-12.8
-13.3
-13.8
-14.1
-14.5
-14.9
-15.3
-15.7
-16.0
-16.2
-16.5
-16.7
-16.9
-16.9
-16.9
-16.9
-16.9
-16.9
-16.9
-16.8
-16.7
-16.6
-16.4
-16.1
-15.8
-15.4
-15.0
-14.6
-14.1
-13.8
-13.5
-13.2
-13.0
-12.7
-12.4
-12.0
-11.6
-11.1
-10.5
-9.9
-9.4
-8.8
-8.3
-7.8
-7.4
-7.0
-6.6
-6.2
-5.9
-5.7
-5.5
-5.4
-5.2
-5.0
-4.9
-4.8
-4.7
-4.6
-4.4
-4.3
-4.1
-4.1
-4.0
-4.0
-4.0
-4.0
-4.0
-4.1
-4.1
-4.2
-4.2
-4.2
-4.2
-4.2
-4.3
-4.3
-4.4
-4.5
-4.5
-4.5
-4.5
-4.4
-4.3
-4.2
-4.0
-3.8
-3.7
-3.6
-3.5
-3.5
-3.6
-3.6
-3.7
-3.8
-3.9
-4.0
-4.0
-4.1
-4.1
-4.1
-4.1
-4.1
-4.1
-4.1
-4.0
-3.9
-3.8
-3.8
-3.8
-3.9
-3.9
-4.0
-4.1
-4.2
-4.3
-4.4
-4.4
-4.5
-4.5
-4.5
-4.5
-4.5
-4.5
-4.5
-4.5
-4.6
-4.6
-4.6
-4.5
-4.5
-4.4
-4.3
-4.1
-4.0
-3.9
-3.9
-3.8
-3.8
-3.7
-3.7
-3.7
-3.8
-3.8
-3.8
-3.8
-3.7
-3.7
-3.7
-3.8
-3.7
-3.7
-3.6
-3.5
-3.4
-3.2
-3.1
-3.0
-3.0
-2.9
-2.8
-2.8
-2.8
-2.8
-2.7
-2.6
-2.4
-2.1
-1.8
-1.4
-1.0
-0.5
0.0
0.5
1.1
1.7
2.2
2.8
3.4
3.9
4.4
4.7
5.1
5.4
5.5
5.6
5.6
5.7
5.6
5.6
5.5
5.4
5.3
5.3
5.3
5.2
5.2
5.2
5.2
5.2
5.3
5.3
5.3
5.3
5.4
5.4
5.5
5.5
5.5
5.4
5.3
5.2
5.1
5.0
4.9
4.9
4.8
4.8
4.8
4.8
4.9
5.0
5.0
5.0
5.0
5.1
5.2
5.2
5.3
5.3
5.3
5.2
5.2
5.1
5.1
5.0
5.0
5.0
5.1
5.2
5.3
5.3
5.4
5.5
5.5
5.6
5.6
5.7
5.7
5.7
5.7
5.7
5.6
5.6
5.5
5.5
5.4
5.3
5.3
5.2
5.1
5.1
5.0
5.0
5.0
4.9
4.9
5.0
5.0
5.1
5.2
5.3
5.3
5.3
5.2
5.2
5.2
5.1
5.0
5.0
4.9
4.8
4.6
4.3
4.0
3.7
3.4
3.1
2.8
2.4
2.1
1.7
1.2
0.7
0.1
-0.5
-1.3
-2.2
-3.0
-3.8
-4.7
-5.6
-6.4
-7.1
-7.7
-8.3
-8.9
-9.3
-9.6
-9.8
-10.0
-10.1
-10.2
-10.2
-10.1
-10.0
-9.9
-9.8
-9.8
-9.8
-9.9
-9.9
-10.0
-10.1
-10.2
-10.2
-10.2
-10.2
-10.2
-10.1
-10.1
-9.9
-9.8
-9.7
-9.6
-9.5
-9.4
-9.3
-9.2
-9.0
-8.9
-8.8
-8.7
-8.6
-8.6
-8.6
-8.6
-8.6
-8.6
-8.7
-8.8
-8.8
-8.8
-8.7
-8.6
-8.5
-8.3
-8.1
-8.0
-7.8
-7.6
-7.5
-7.4
-7.4
-7.4
-7.4
-7.4
-7.4
-7.4
-7.4
-7.4
-7.3
-7.3
-7.2
-7.2
-7.2
-7.2
-7.2
-7.2
-7.2
-7.3
-7.3
-7.2
-7.2
-7.1
-7.0
-6.9
-6.9
-6.8
-6.6
-6.5
-6.4
-6.2
-6.0
-5.9
-5.8
-5.7
-5.6
-5.6
-5.6
-5.6
-5.7
-5.7
-5.6
-5.5
-5.3
-5.1
-5.0
-4.9
-4.8
-4.8
-4.7
-4.7
-4.8
-4.8
-4.8
-4.8
-4.7
-4.7
-4.6
-4.6
-4.6
-4.5
-4.5
-4.4
-4.3
-4.2
-4.1
-4.0
-3.9
-3.8
-3.8
-3.7
-3.6
-3.4
-3.2
-3.0
-2.7
-2.4
-2.1
-1.7
-1.5
-1.3
-1.1
-0.9
-0.7
-0.5
-0.3
0.0
0.2
0.4
0.5
0.7
0.7
0.8
0.7
0.7
0.6
0.5
0.3
0.2
0.2
0.1
0.1
0.1
0.1
0.2
0.2
0.2
0.3
0.3
0.3
0.4
0.4
0.4
0.4
0.3
0.3
0.3
0.2
0.2
0.2
0.1
0.1
0.1
0.1
0.1
0.1
0.1
0.1
0.1
0.1
0.0
0.0
-0.1
-0.1
-0.2
-0.3
-0.4
-0.4
-0.4
-0.4
-0.4
-0.4
-0.4
-0.4
-0.3
-0.3
-0.3
-0.3
-0.2
-0.2
-0.2
-0.2
-0.3
-0.3
-0.4
-0.4
-0.4
-0.4
-0.4
-0.4
-0.4
-0.3
-0.3
-0.3
-0.3
-0.3
-0.4
-0.4
-0.4
-0.4
-0.4
-0.4
-0.3
-0.3
-0.3
-0.2
-0.2
-0.2
-0.1
-0.1
-0.1
-0.1
-0.2
-0.2
-0.2
-0.2
-0.2
-0.3
-0.2
-0.1
-0.1
0.0
0.0
0.1
0.2
0.2
0.3
0.3
0.3
0.4
0.4
0.5
0.6
0.6
0.6
0.7
0.7
0.8
0.8
0.7
0.7
0.7
0.8
0.8
0.8
0.7
0.7
0.7
0.8
0.8
0.8
0.8
0.9
1.0
1.1
1.3
1.4
1.6
1.6
1.7
1.7
1.8
1.8
1.9
2.0
2.0
1.9
2.0
2.1
2.4
2.6
3.0
3.5
4.3
5.2
6.3
7.6
9.0
10.4
11.8
13.0
14.2
15.4
16.4
17.3
18.1
18.8
19.5
20.2
20.7
21.3
21.8
22.3
22.6
22.9
23.2
23.4
23.6
23.7
23.8
23.8
23.7
23.6
23.3
23.2
23.0
22.7
22.5
22.3
22.1
21.8
21.5
21.3
21.0
20.7
20.3
19.9
19.6
19.3
19.0
18.7
18.5
18.2
18.0
17.8
17.6
17.5
17.3
17.2
17.0
16.7
16.6
16.4
16.2
16.0
15.8
15.7
15.5
15.3
15.2
15.0
14.9
14.7
14.5
14.4
14.3
14.2
14.1
14.0
13.9
13.9
13.8
13.8
13.6
13.5
13.4
13.2
13.0
12.7
12.5
12.3
12.1
11.9
11.8
11.7
11.7
11.8
11.8
11.9
11.9
11.9
11.9
11.8
11.7
11.5
11.3
11.2
11.0
10.9
10.8
10.7
10.6
10.5
10.4
10.4
10.3
10.3
10.3
10.3
10.3
10.3
10.3
10.4
10.4
10.4
10.3
10.1
9.9
9.7
9.5
9.3
9.1
9.0
9.0
9.0
9.0
9.1
9.0
9.0
9.0
9.0
8.9
8.9
8.9
8.9
8.9
8.9
9.0
9.0
9.0
9.1
9.1
9.1
9.1
9.1
9.2
9.2
9.1
9.1
9.0
9.0
8.9
8.9
8.8
8.8
8.8
8.7
8.7
8.7
8.7
8.8
8.8
8.8
8.8
8.9
8.9
8.8
8.8
8.7
8.6
8.5
8.4
8.3
8.3
8.3
8.3
8.3
8.3
8.4
8.4
8.4
8.5
8.6
8.6
8.5
8.5
8.5
8.4
8.3
8.1
8.0
7.9
7.8
7.7
7.6
7.6
7.6
7.5
7.5
7.4
7.3
7.2
7.2
7.1
7.1
7.1
7.1
7.1
7.2
7.2
7.1
7.1
7.0
6.9
6.8
6.8
6.7
6.6
6.6
6.5
6.5
6.6
6.6
6.6
6.7
6.7
6.8
6.8
6.8
6.8
6.8
6.8
6.9
7.0
7.1
7.1
7.2
7.2
7.1
7.1
7.0
7.0
7.0
7.0
7.0
7.1
7.2
7.2
7.2
7.2
7.1
7.1
7.0
6.9
6.8
6.6
6.5
6.5
6.5
6.4
6.4
6.2
6.0
5.7
5.4
5.0
4.7
4.3
3.9
3.7
3.5
3.3
3.2
3.2
3.1
3.1
3.1
3.1
3.1
3.0
3.0
3.0
3.0
3.0
2.9
2.9
3.0
3.0
3.1
3.1
3.2
3.3
3.3
3.4
3.4
3.4
3.4
3.4
3.4
3.4
3.4
3.4
3.4
3.5
3.5
3.5
3.6
3.7
3.7
3.7
3.7
3.7
3.6
3.6
3.6
3.7
3.7
3.8
4.0
4.1
4.3
4.4
4.4
4.5
4.5
4.5
4.5
4.5
4.5
4.5
4.6
4.7
4.7
4.8
4.8
4.8
4.8
4.8
4.8
4.8
4.8
4.8
4.9
5.0
5.0
5.0
5.0
5.0
5.0
4.9
4.8
4.8
4.7
4.6
4.6
4.5
4.4
4.3
4.1
4.0
3.9
3.7
3.6
3.6
3.6
3.6
3.6
3.6
3.7
3.8
3.9
4.0
4.2
4.3
4.5
4.6
4.7
4.7
4.8
4.8
4.7
4.7
4.6
4.5
4.5
4.5
4.4
4.4
4.4
4.3
4.3
4.2
4.2
4.2
4.2
4.1
4.1
4.1
4.1
4.1
4.1
4.0
4.0
3.9
3.9
3.9
3.9
3.9
3.8
3.8
3.8
3.8
3.7
3.7
3.7
3.7
3.8
3.8
3.8
3.9
4.0
4.2
4.3
4.3
4.4
4.5
4.6
4.7
4.7
4.8
4.8
4.8
4.8
4.8
4.8
4.9
4.8
4.8
4.8
4.8
4.8
4.8
4.8
4.8
4.9
4.9
5.0
5.1
5.2
5.3
5.3
5.3
5.3
5.3
5.3
5.3
5.3
5.4
5.5
5.6
5.7
5.8
5.8
5.8
5.8
5.8
5.7
5.7
5.6
5.5
5.6
5.6
5.6
5.5
5.4
5.1
4.8
4.5
4.3
4.1
4.0
3.9
3.9
4.1
4.3
4.5
4.7
4.8
4.8
4.7
4.5
4.4
4.2
4.1
4.0
3.8
3.7
3.7
3.7
3.7
3.7
3.7
3.6
3.5
3.3
3.1
2.8
2.5
2.2
1.9
1.7
1.4
1.2
1.0
0.7
0.5
0.1
-0.1
-0.4
-0.7
-1.0
-1.3
-1.5
-1.7
-1.9
-2.2
-2.4
-2.5
-2.7
-2.8
-2.9
-2.9
-3.0
-3.0
-2.9
-3.0
-2.9
-2.9
-2.9
-2.9
-3.0
-3.0
-3.0
-3.0
-3.0
-2.9
-2.8
-2.6
-2.5
-2.3
-2.1
-1.8
-1.7
-1.5
-1.5
-1.5
-1.5
-1.5
-1.5
-1.5
-1.5
-1.4
-1.4
-1.3
-1.2
-1.1
-1.0
-0.9
-0.7
-0.6
-0.5
-0.4
-0.3
-0.1
0.0
0.0
0.0
0.0
0.0
0.0
-0.1
-0.2
-0.3
-0.2
0.0
0.2
0.5
0.8
1.2
1.5
1.8
2.0
2.1
2.2
2.2
2.4
2.5
2.7
2.9
3.0
3.2
3.3
3.4
3.4
3.4
3.5
3.6
3.7
3.9
4.0
4.2
4.4
4.6
5.0
5.2
5.5
5.7
5.8
5.9
5.9
5.9
6.0
6.0
6.0
5.9
5.8
5.8
5.8
5.9
5.9
5.9
6.0
6.1
6.2
6.3
6.4
6.4
6.4
6.4
6.3
6.3
6.3
6.2
5.9
5.6
5.3
5.1
4.7
4.3
3.8
3.3
2.9
2.4
1.8
1.2
0.6
0.1
-0.4
-0.9
-1.5
-2.0
-2.5
-3.0
-3.5
-4.0
-4.5
-5.0
-5.5
-6.1
-6.7
-7.2
-7.7
-8.2
-8.8
-9.3
-9.8
-10.2
-10.6
-11.1
-11.6
-12.1
-12.6
-13.1
-13.6
-14.1
-14.6
-15.0
-15.5
-16.0
-16.4
-16.8
-17.1
-17.5
-17.8
-18.0
-18.2
-18.4
-18.7
-18.9
-19.2
-19.5
-19.6
-19.8
-20.0
-20.1
-20.2
-20.3
-20.4
-20.5
-20.6
-20.6
-20.6
-20.7
-20.7
-20.6
-20.5
-20.3
-20.1
-19.9
-19.7
-19.5
-19.3
-19.2
-19.0
-18.9
-18.7
-18.6
-18.5
-18.5
-18.4
-18.3
-18.2
-18.1
-18.0
-17.8
-17.7
-17.5
-17.3
-17.2
-17.0
-16.9
-16.7
-16.6
-16.4
-16.2
-16.0
-15.7
-15.5
-15.3
-15.1
-14.9
-14.7
-14.6
-14.4
-14.3
-14.2
-14.1
-13.9
-13.8
-13.7
-13.6
-13.5
-13.3
-13.3
-13.2
-13.1
-13.0
-12.9
-12.8
-12.6
-12.5
-12.3
-12.2
-12.1
-12.0
-11.9
-11.8
-11.7
-11.6
-11.5
-11.3
-11.1
-10.9
-10.7
-10.5
-10.3
-10.1
-10.0
-9.9
-9.8
-9.7
-9.6
-9.6
-9.5
-9.3
-9.1
-8.9
-8.7
-8.5
-8.2
-7.9
-7.7
-7.5
-7.3
-7.1
-6.9
-6.7
-6.6
-6.5
-6.3
-6.2
-6.1
-5.9
-5.8
-5.6
-5.4
-5.2
-5.0
-4.8
-4.8
-4.9
-5.0
-5.1
-5.3
-5.5
-5.8
-5.9
-6.0
-6.0
-6.0
-5.9
-5.8
-5.7
-5.6
-5.5
-5.5
-5.4
-5.4
-5.3
-5.3
-5.3
-5.3
-5.2
-5.1
-5.0
-4.9
-4.8
-4.6
-4.5
-4.3
-4.3
-4.2
-4.1
-4.1
-4.1
-4.1
-4.2
-4.2
-4.2
-4.2
-4.2
-4.2
-4.1
-4.0
-3.9
-3.8
-3.7
-3.6
-3.5
-3.4
-3.3
-3.2
-3.2
-3.1
-3.0
-2.9
-2.7
-2.5
-2.4
-2.4
-2.4
-2.3
-2.0
-1.6
-1.2
-0.6
0.0
0.8
1.8
2.8
3.9
4.9
5.9
6.8
7.7
8.7
9.7
10.8
11.7
12.7
13.7
14.7
15.7
16.6
17.5
18.4
19.2
20.1
20.8
21.4
21.8
22.1
22.4
22.5
22.6
22.5
22.5
22.5
22.5
22.4
22.4
22.3
22.2
22.1
22.0
21.8
21.6
21.5
21.3
21.2
21.1
21.0
20.9
20.7
20.6
20.5
20.3
20.2
20.0
19.8
19.7
19.7
19.6
19.5
19.5
19.4
19.5
19.5
19.4
19.4
19.3
19.2
19.1
19.0
18.9
18.8
18.7
18.6
18.5
18.5
18.4
18.3
18.2
18.2
18.1
18.0
17.9
17.8
17.7
17.7
17.6
17.5
17.5
17.4
17.4
17.4
17.4
17.4
17.3
17.3
17.3
17.3
17.3
17.2
17.1
17.1
17.0
17.0
17.0
17.0
17.0
17.0
17.0
17.0
17.0
17.0
16.9
16.8
16.7
16.6
16.6
16.6
16.6
16.6
16.6
16.6
16.6
16.5
16.5
16.4
16.3
16.3
16.2
16.1
16.0
15.9
15.8
15.7
15.6
15.6
15.5
15.4
15.2
15.1
15.1
15.0
14.9
14.8
14.6
14.6
14.6
14.6
14.7
14.7
14.8
14.8
14.8
14.7
14.7
14.6
14.5
14.4
14.3
14.2
14.1
14.0
13.9
13.8
13.8
13.8
13.8
13.7
13.7
13.7
13.6
13.6
13.5
13.4
13.3
13.1
12.9
12.8
12.6
12.5
12.4
12.3
12.2
12.1
11.9
11.8
11.7
11.5
11.4
11.4
11.3
11.3
11.1
11.0
10.9
10.8
10.9
11.1
11.4
11.9
12.6
13.5
14.4
15.4
16.3
17.3
18.3
19.3
20.2
21.2
22.1
23.1
24.1
25.0
26.0
27.0
27.9
28.8
29.7
30.6
31.5
32.4
33.2
34.0
34.9
35.7
36.5
37.2
38.0
38.6
39.2
39.8
40.4
40.9
41.3
41.7
42.0
42.2
42.3
42.4
42.3
42.1
41.9
41.6
41.2
40.8
40.3
39.8
39.2
38.8
38.4
38.0
37.6
37.3
37.0
36.7
36.4
36.1
35.8
35.5
35.2
34.9
34.5
34.2
33.9
33.6
33.3
33.0
32.6
32.3
32.0
31.7
31.4
31.1
30.8
30.5
30.3
30.0
29.8
29.5
29.2
29.0
28.7
28.5
28.2
28.0
27.7
27.5
27.2
26.9
26.6
26.2
25.9
25.5
25.2
24.9
24.7
24.5
24.3
24.1
24.0
23.9
23.7
23.6
23.4
23.3
23.1
22.9
22.6
22.4
22.1
21.8
21.6
21.3
21.1
20.9
20.7
20.6
20.5
20.4
20.3
20.2
20.0
19.8
19.6
19.3
19.1
18.9
18.7
18.5
18.3
18.1
18.0
17.9
17.8
17.7
17.4
17.2
17.1
16.8
16.7
16.5
16.3
16.1
15.9
15.7
15.5
15.4
15.2
15.1
15.0
14.9
14.8
14.8
14.7
14.6
14.5
14.4
14.2
13.9
13.8
13.7
13.5
13.4
13.2
13.1
12.9
12.7
12.5
12.2
12.0
11.9
11.8
11.8
11.6
11.5
11.4
11.3
11.1
10.9
10.7
10.5
10.3
10.2
10.1
10.1
10.1
10.1
10.0
9.9
9.8
9.7
9.7
9.6
9.4
9.2
9.1
9.2
9.4
9.7
10.1
10.5
11.1
11.9
12.8
13.7
14.6
15.4
16.1
16.8
17.5
18.1
18.7
19.1
19.5
19.8
20.2
20.5
20.9
21.3
21.7
22.1
22.4
22.6
22.9
23.1
23.2
23.2
23.2
23.2
23.1
23.1
23.1
23.1
23.1
23.2
23.2
23.2
23.2
23.2
23.3
23.4
23.3
23.3
23.3
23.3
23.3
23.2
23.2
23.2
23.2
23.3
23.4
23.4
23.5
23.7
23.8
24.0
24.1
24.1
24.2
24.2
24.3
24.3
24.4
24.4
24.5
24.6
24.7
24.7
24.7
24.8
24.8
24.8
24.8
24.7
24.7
24.7
24.7
24.7
24.7
24.7
24.7
24.7
24.7
24.8
24.8
24.8
24.9
25.1
25.2
25.2
25.3
25.3
25.3
25.3
25.3
25.2
25.2
25.2
25.2
25.3
25.3
25.3
25.2
25.2
25.2
25.2
25.2
25.2
25.2
25.3
25.4
25.3
25.3
25.1
25.0
24.8
24.7
24.5
24.3
24.2
24.2
24.1
24.0
23.9
23.9
23.8
23.7
23.6
23.4
23.3
23.2
23.1
22.9
22.8
22.7
22.7
22.6
22.6
22.5
22.5
22.4
22.3
22.2
22.2
22.1
22.0
21.8
21.7
21.6
21.6
21.6
21.6
21.6
21.6
21.5
21.5
21.5
21.5
21.4
21.3
21.1
21.0
20.8
20.7
20.6
20.4
20.2
20.1
20.0
19.9
19.9
19.9
19.9
19.8
19.6
19.5
19.4
19.2
18.9
18.7
18.5
18.3
18.1
17.9
17.6
17.4
17.1
16.9
16.7
16.4
16.3
16.1
16.0
15.8
15.6
15.5
15.4
15.3
15.1
15.0
14.9
14.8
14.7
14.6
14.5
14.3
14.1
13.9
13.7
13.5
13.3
13.1
12.9
12.9
12.8
12.8
12.7
12.6
12.5
12.4
12.3
12.2
12.1
11.9
11.8
11.6
11.4
11.2
11.1
10.9
10.6
10.4
10.2
10.0
9.9
9.8
9.7
9.7
9.6
9.6
9.5
9.5
9.4
9.3
9.1
9.0
8.8
8.6
8.5
8.4
8.2
8.0
7.9
7.8
7.6
7.4
7.2
7.1
7.1
6.9
6.8
6.6
6.5
6.3
6.1
6.0
5.8
5.7
5.6
5.5
5.5
5.5
5.6
5.7
5.9
6.1
6.4
6.9
7.5
8.1
8.8
9.5
10.2
11.0
11.8
12.5
13.2
13.8
14.5
15.3
16.1
16.7
17.3
17.9
18.5
19.0
19.5
19.9
20.2
20.5
20.7
20.9
21.1
21.2
21.2
21.2
21.2
21.1
21.0
20.8
20.6
20.3
20.0
19.6
19.3
19.0
18.7
18.3
18.1
17.9
17.7
17.6
17.5
17.3
17.2
17.0
16.7
16.5
16.2
15.9
15.6
15.4
15.2
15.1
14.9
14.7
14.5
14.4
14.2
14.0
13.7
13.5
13.2
13.1
12.9
12.8
12.7
12.7
12.6
12.5
12.3
12.1
11.8
11.5
11.3
11.0
10.8
10.6
10.4
10.3
10.2
10.1
10.0
9.9
9.7
9.6
9.4
9.3
9.2
9.2
9.1
9.0
8.9
8.8
8.8
8.8
8.8
8.7
8.7
8.6
8.7
8.6
8.5
8.3
8.1
7.9
7.8
7.6
7.5
7.3
7.2
7.2
7.2
7.2
7.1
7.1
7.1
7.1
7.1
7.1
7.0
6.9
6.7
6.6
6.6
6.5
6.5
6.4
6.3
6.3
6.2
6.1
6.0
5.9
5.9
5.9
5.9
5.8
5.8
5.7
5.8
5.7
5.7
5.6
5.5
5.5
5.5
5.5
5.4
5.4
5.4
5.3
5.3
5.2
5.1
5.0
4.8
4.7
4.5
4.3
4.0
3.8
3.6
3.5
3.4
3.3
3.2
3.2
3.3
3.4
3.5
3.5
3.6
3.6
3.7
3.7
3.8
3.9
4.0
4.0
4.1
4.1
4.2
4.4
4.6
4.7
4.8
5.0
5.1
5.3
5.4
5.5
5.4
5.4
5.3
5.3
5.3
5.3
5.4
5.5
5.6
5.6
5.6
5.5
5.4
5.2
5.1
4.9
4.8
4.6
4.6
4.6
4.6
4.5
4.4
4.2
4.0
3.7
3.5
3.3
3.2
3.1
3.1
3.0
3.0
3.0
2.9
2.8
2.8
2.7
2.6
2.6
2.5
2.5
2.4
2.4
2.2
2.1
2.0
1.9
1.8
1.6
1.5
1.3
1.2
1.2
1.2
1.3
1.4
1.5
1.6
1.6
1.5
1.3
1.0
0.7
0.4
0.2
0.1
0.1
0.2
0.4
0.5
0.6
0.6
0.6
0.6
0.5
0.5
0.4
0.3
0.3
0.2
0.1
0.1
0.1
0.1
0.1
0.0
0.0
-0.1
-0.1
-0.1
0.0
0.0
0.0
0.1
0.1
0.1
0.1
0.1
0.0
-0.2
-0.5
-0.8
-1.0
-1.0
-1.0
-1.1
-1.2
-1.5
-1.8
-2.2
-2.9
-3.7
-4.7
-5.7
-6.7
-7.6
-8.5
-9.4
-10.1
-10.8
-11.4
-12.1
-12.8
-13.5
-14.2
-14.9
-15.6
-16.3
-16.9
-17.4
-17.9
-18.3
-18.7
-19.1
-19.4
-19.5
-19.5
-19.6
-19.5
-19.4
-19.3
-19.2
-19.1
-19.2
-19.2
-19.3
-19.2
-19.2
-19.3
-19.3
-19.2
-19.0
-18.9
-18.8
-18.8
-18.7
-18.6
-18.5
-18.5
-18.4
-18.3
-18.3
-18.3
-18.3
-18.3
-18.3
-18.4
-18.4
-18.2
-18.1
-18.1
-18.0
-17.9
-17.7
-17.6
-17.5
-17.4
-17.4
-17.3
-17.3
-17.3
-17.3
-17.4
-17.3
-17.3
-17.2
-17.2
-17.1
-17.0
-16.8
-16.6
-16.4
-16.2
-16.0
-15.9
-15.8
-15.8
-15.8
-15.8
-15.8
-15.9
-15.9
-15.9
-15.9
-15.9
-15.8
-15.7
-15.5
-15.3
-15.2
-15.2
-15.1
-15.1
-15.0
-15.0
-15.1
-15.2
-15.2
-15.1
-15.0
-14.9
-14.8
-14.6
-14.5
-14.4
-14.4
-14.3
-14.3
-14.2
-14.1
-14.1
-14.1
-14.0
-13.8
-13.6
-13.4
-13.2
-13.1
-12.8
-12.6
-12.4
-12.2
-12.1
-12.1
-12.1
-12.0
-11.9
-11.8
-11.7
-11.4
-11.1
-10.8
-10.5
-10.4
-10.2
-10.1
-10.1
-10.3
-10.6
-10.9
-11.2
-11.6
-12.0
-12.5
-13.0
-13.5
-14.0
-14.6
-15.2
-15.8
-16.5
-17.1
-17.8
-18.6
-19.3
-19.9
-20.5
-21.1
-21.6
-22.1
-22.5
-22.8
-23.1
-23.4
-23.5
-23.6
-23.6
-23.6
-23.7
-23.8
-23.8
-23.8
-23.9
-24.1
-24.2
-24.3
-24.3
-24.3
-24.3
-24.3
-24.2
-24.2
-24.2
-24.2
-24.2
-24.2
-24.1
-24.0
-24.0
-24.0
-24.0
-23.9
-23.8
-23.7
-23.6
-23.5
-23.4
-23.4
-23.4
-23.4
-23.3
-23.3
-23.2
-23.1
-23.0
-22.8
-22.7
-22.6
-22.6
-22.6
-22.6
-22.6
-22.6
-22.5
-22.5
-22.3
-22.1
-22.0
-21.8
-21.7
-21.6
-21.6
-21.5
-21.6
-21.6
-21.6
-21.5
-21.4
-21.4
-21.3
-21.3
-21.2
-21.1
-21.0
-20.9
-20.8
-20.7
-20.6
-20.4
-20.2
-20.1
-19.8
-19.7
-19.6
-19.6
-19.7
-19.7
-19.7
-19.8
-19.8
-19.8
-19.7
-19.6
-19.3
-19.0
-18.7
-18.5
-18.3
-18.1
-18.0
-18.0
-18.0
-18.1
-18.1
-18.1
-18.0
-17.9
-17.7
-17.5
-17.1
-16.8
-16.6
-16.5
-16.4
-16.5
-16.6
-16.7
-16.9
-17.0
-17.0
-17.0
-16.9
-16.9
-16.9
-16.9
-16.8
-16.7
-16.5
-16.3
-16.2
-16.2
-16.1
-16.0
-16.0
-16.0
-16.1
-16.2
-16.3
-16.4
-16.4
-16.3
-16.3
-16.3
-16.2
-16.1
-16.0
-15.9
-15.9
-15.8
-15.8
-15.6
-15.6
-15.6
-15.6
-15.7
-15.8
-15.9
-16.0
-16.0
-16.0
-16.0
-16.0
-15.9
-15.8
-15.7
-15.5
-15.4
-15.3
-15.3
-15.4
-15.4
-15.4
-15.5
-15.4
-15.4
-15.3
-15.3
-15.2
-15.1
-15.0
-15.0
-14.9
-14.9
-14.9
-14.9
-14.9
-14.9
-14.8
-14.7
-14.7
-14.7
-14.7
-14.7
-14.7
-14.6
-14.6
-14.7
-14.7
-14.7
-14.6
-14.6
-14.5
-14.5
-14.4
-14.4
-14.4
-14.5
-14.6
-14.8
-14.9
-14.9
-15.0
-15.1
-15.2
-15.4
-15.6
-15.8
-16.1
-16.5
-17.0
-17.5
-18.1
-18.6
-19.2
-19.7
-20.2
-20.7
-21.2
-21.7
-22.1
-22.4
-22.6
-22.7
-22.8
-22.8
-22.9
-22.9
-22.9
-22.9
-23.0
-23.0
-23.1
-23.2
-23.2
-23.3
-23.2
-23.2
-23.2
-23.2
-23.2
-23.2
-23.0
-22.7
-22.5
-22.3
-22.2
-22.1
-22.0
-21.9
-22.0
-22.1
-22.2
-22.2
-22.2
-22.1
-21.9
-21.8
-21.6
-21.5
-21.4
-21.3
-21.3
-21.2
-21.2
-21.1
-21.1
-21.0
-20.9
-20.8
-20.7
-20.7
-20.6
-20.5
-20.4
-20.2
-20.1
-20.0
-19.9
-19.7
-19.6
-19.5
-19.4
-19.4
-19.3
-19.2
-19.1
-19.0
-18.8
-18.6
-18.4
-18.2
-18.0
-17.8
-17.6
-17.4
-17.2
-17.1
-16.9
-16.8
-16.7
-16.7
-16.6
-16.5
-16.3
-16.1
-15.9
-15.8
-15.6
-15.5
-15.4
-15.4
-15.4
-15.4
-15.5
-15.6
-15.7
-15.7
-15.6
-15.6
-15.5
-15.5
-15.6
-15.6
-15.7
-15.8
-16.0
-16.1
-16.2
-16.2
-16.2
-16.1
-16.1
-16.0
-15.8
-15.6
-15.5
-15.5
-15.5
-15.6
-15.8
-16.0
-16.2
-16.4
-16.6
-16.6
-16.6
-16.6
-16.5
-16.3
-16.2
-16.1
-16.0
-16.1
-16.2
-16.2
-16.3
-16.3
-16.2
-16.1
-16.0
-15.9
-15.8
-15.6
-15.6
-15.6
-15.6
-15.6
-15.6
-15.5
-15.4
-15.4
-15.2
-15.1
-14.9
-14.7
-14.6
-14.5
-14.4
-14.4
-14.3
-14.3
-14.2
-14.2
-14.1
-14.1
-14.0
-13.9
-13.8
-13.6
-13.5
-13.4
-13.3
-13.1
-12.9
-12.8
-12.6
-12.4
-12.1
-11.9
-11.7
-11.5
-11.3
-11.2
-11.1
-11.0
-10.9
-10.8
-10.7
-10.7
-10.6
-10.5
-10.5
-10.4
-10.4
-10.4
-10.4
-10.3
-10.2
-10.0
-9.9
-9.7
-9.6
-9.6
-9.6
-9.5
-9.5
-9.5
-9.5
-9.4
-9.3
-9.2
-9.2
-9.1
-9.0
-9.0
-9.1
-9.1
-9.0
-9.0
-9.0
-8.9
-8.8
-8.6
-8.5
-8.3
-8.2
-8.1
-8.1
-8.1
-8.1
-8.2
-8.2
-8.1
-8.1
-8.0
-7.9
-7.9
-7.9
-8.1
-8.2
-8.2
-8.2
-8.2
-8.3
-8.4
-8.3
-8.3
-8.4
-8.6
-9.1
-9.6
-10.1
-10.5
-11.0
-11.4
-11.8
-12.1
-12.3
-12.5
-12.6
-12.8
-12.9
-12.9
-12.9
-12.9
-12.8
-12.8
-12.7
-12.8
-12.9
-13.0
-13.1
-13.3
-13.4
-13.5
-13.5
-13.5
-13.4
-13.3
-13.2
-13.1
-13.1
-13.0
-13.0
-13.0
-12.9
-12.9
-12.8
-12.8
-12.7
-12.6
-12.5
-12.3
-12.2
-12.1
-12.0
-12.0
-11.9
-11.9
-12.0
-12.1
-12.1
-12.1
-12.1
-12.0
-12.0
-12.0
-11.9
-11.7
-11.5
-11.4
-11.3
-11.3
-11.2
-11.1
-11.0
-11.0
-11.0
-11.0
-11.0
-10.8
-10.7
-10.6
-10.5
-10.5
-10.4
-10.4
-10.3
-10.3
-10.2
-10.2
-10.3
-10.2
-10.2
-10.1
-10.0
-10.1
-10.1
-10.2
-10.2
-10.3
-10.3
-10.2
-10.1
-10.1
-10.0
-9.8
-9.6
-9.4
-9.3
-9.1
-9.0
-8.9
-8.7
-8.5
-8.2
-8.0
-7.8
-7.6
-7.5
-7.4
-7.2
-7.1
-7.1
-7.0
-7.0
-6.8
-6.7
-6.5
-6.4
-6.1
-5.9
-5.8
-5.7
-5.6
-5.6
-5.6
-5.6
-5.7
-5.7
-5.7
-5.7
-5.6
-5.5
-5.3
-5.2
-5.0
-4.9
-4.8
-4.8
-4.8
-4.8
-4.9
-4.9
-4.8
-4.8
-4.7
-4.6
-4.6
-4.5
-4.4
-4.3
-4.3
-4.3
-4.3
-4.2
-4.1
-4.0
-3.9
-3.9
-3.8
-3.8
-3.8
-3.8
-3.8
-3.8
-3.8
-3.8
-3.7
-3.7
-3.7
-3.6
-3.6
-3.5
-3.4
-3.4
-3.4
-3.3
-3.2
-3.2
-3.1
-3.0
-3.0
-2.9
-2.9
-2.9
-2.8
-2.8
-2.7
-2.6
-2.5
-2.4
-2.2
-2.0
-1.8
-1.6
-1.5
-1.3
-1.1
-1.0
-0.8
-0.6
-0.4
-0.1
0.1
0.5
0.7
1.0
1.4
1.7
1.9
2.0
2.2
2.5
2.9
3.3
3.7
4.2
4.6
4.9
5.2
5.3
5.5
5.5
5.6
5.8
6.0
6.2
6.4
6.7
6.9
7.1
7.1
7.1
7.1
7.1
7.2
7.3
7.4
7.6
7.8
7.9
8.1
8.2
8.3
8.4
8.5
8.7
8.9
9.1
9.3
9.5
9.6
9.7
9.7
9.7
9.7
9.7
9.7
9.7
9.8
9.8
9.9
10.0
10.1
10.1
10.0
9.9
9.8
9.8
9.8
9.9
9.9
10.1
10.2
10.5
10.6
10.7
10.8
10.9
11.0
11.0
11.0
10.8
10.7
10.6
10.6
10.5
10.5
10.6
10.6
10.7
10.8
10.9
11.0
11.0
11.0
11.0
11.0
10.9
10.9
10.9
10.9
10.8
10.7
10.7
10.7
10.7
10.7
10.6
10.6
10.7
10.7
10.8
10.9
11.1
11.2
11.2
11.3
11.3
11.3
11.3
11.2
11.2
11.2
11.2
11.1
11.1
11.1
11.2
11.3
11.3
11.3
11.3
11.4
11.5
11.5
11.6
11.6
11.5
11.5
11.4
11.4
11.4
11.3
11.4
11.5
11.6
11.7
11.8
11.8
11.8
11.7
11.6
11.4
11.3
11.2
11.1
11.1
11.2
11.3
11.3
11.5
11.6
11.6
11.6
11.7
11.8
11.9
11.9
11.9
12.0
12.0
11.9
11.9
11.8
11.8
11.8
11.8
11.9
11.9
12.0
11.9
11.9
11.9
11.8
11.8
11.7
11.7
11.7
11.7
11.8
11.8
11.9
11.9
11.9
11.9
11.8
11.8
11.7
11.6
11.6
11.5
11.5
11.5
11.6
11.7
11.8
11.9
12.0
12.0
12.0
12.0
11.9
11.9
11.8
11.8
11.8
11.7
11.7
11.7
11.6
11.5
11.5
11.5
11.4
11.4
11.4
11.4
11.4
11.4
11.5
11.6
11.7
11.7
11.8
11.9
12.0
12.0
11.9
11.9
11.8
11.6
11.6
11.5
11.4
11.3
11.2
11.1
11.1
11.1
11.0
10.9
10.8
10.7
10.6
10.6
10.5
10.3
10.2
10.2
10.2
10.2
10.2
10.3
10.3
10.1
9.9
9.5
9.3
9.1
9.0
8.7
8.4
8.1
7.8
7.4
7.0
6.4
5.8
5.2
4.6
3.9
3.3
2.7
2.1
1.6
1.1
0.6
0.0
-0.4
-0.8
-1.1
-1.5
-1.7
-1.9
-2.0
-2.2
-2.3
-2.5
-2.7
-2.9
-3.1
-3.2
-3.4
-3.5
-3.6
-3.6
-3.6
-3.6
-3.7
-3.7
-3.7
-3.7
-3.8
-3.8
-3.9
-3.9
-3.9
-4.0
-4.1
-4.3
-4.4
-4.4
-4.5
-4.5
-4.6
-4.5
-4.5
-4.5
-4.5
-4.4
-4.3
-4.2
-4.2
-4.1
-4.1
-4.1
-4.1
-4.1
-4.1
-4.1
-4.1
-4.2
-4.2
-4.1
-3.9
-3.8
-3.7
-3.7
-3.6
-3.6
-3.6
-3.5
-3.6
-3.7
-3.8
-3.8
-3.9
-3.9
-3.8
-3.8
-3.8
-3.8
-3.7
-3.6
-3.5
-3.5
-3.5
-3.5
-3.5
-3.5
-3.5
-3.5
-3.5
-3.5
-3.5
-3.4
-3.3
-3.2
-3.1
-3.0
-2.9
-2.7
-2.6
-2.5
-2.5
-2.5
-2.4
-2.4
-2.4
-2.4
-2.4
-2.3
-2.3
-2.2
-2.2
-2.1
-2.0
-2.0
-2.0
-1.9
-1.8
-1.8
-1.8
-1.8
-1.8
-1.8
-1.7
-1.7
-1.7
-1.6
-1.5
-1.5
-1.4
-1.3
-1.2
-1.1
-1.0
-0.9
-0.9
-0.8
-0.7
-0.7
-0.6
-0.6
-0.5
-0.4
-0.4
-0.4
-0.3
-0.3
-0.2
-0.2
-0.2
-0.2
-0.3
-0.3
-0.3
-0.3
-0.4
-0.5
-0.5
-0.6
-0.6
-0.6
-0.5
-0.4
-0.3
-0.2
-0.1
0.0
0.0
0.0
0.0
0.0
-0.1
-0.2
-0.3
-0.3
-0.3
-0.3
-0.3
-0.2
-0.1
0.0
0.0
0.1
0.1
0.2
0.2
0.2
0.2
0.2
0.2
0.3
0.3
0.3
0.3
0.2
0.1
0.1
0.0
0.0
-0.1
-0.1
-0.1
-0.1
0.0
0.1
0.2
0.3
0.4
0.6
0.6
0.8
0.8
0.9
1.0
1.0
1.0
1.0
1.0
1.0
1.1
1.1
1.1
1.1
1.2
1.2
1.3
1.4
1.5
1.6
1.6
1.6
1.6
1.6
1.5
1.4
1.4
1.3
1.3
1.3
1.3
1.3
1.3
1.4
1.4
1.5
1.5
1.6
1.7
1.8
1.8
1.9
1.9
1.9
1.9
1.8
1.8
1.7
1.7
1.7
1.7
1.7
1.7
1.6
1.4
1.3
1.2
1.1
1.1
1.1
1.2
1.3
1.4
1.5
1.7
1.7
1.8
1.8
1.9
2.0
2.0
2.0
2.0
2.0
2.1
2.1
2.1
2.0
2.1
2.1
2.2
2.2
2.2
2.2
2.3
2.3
2.3
2.3
2.3
2.4
2.5
2.5
2.6
2.6
2.7
2.8
2.9
3.0
3.0
3.0
3.0
3.0
3.0
3.0
3.0
2.9
2.9
2.8
2.7
2.7
2.6
2.6
2.6
2.7
2.7
2.8
2.8
2.9
2.9
3.0
2.9
2.9
2.9
2.9
2.9
2.9
2.9
2.9
2.9
2.9
2.9
3.0
3.0
3.0
3.1
3.1
3.2
3.2
3.2
3.2
3.2
3.2
3.2
3.2
3.3
3.4
3.4
3.5
3.6
3.7
3.7
3.7
3.6
3.5
3.5
3.4
3.4
3.3
3.2
3.2
3.2
3.1
3.1
3.1
3.1
3.1
3.2
3.2
3.2
3.3
3.3
3.3
3.3
3.3
3.3
3.3
3.2
3.2
3.2
3.3
3.3
3.2
3.2
3.2
3.3
3.3
3.4
3.4
3.4
3.4
3.4
3.4
3.4
3.4
3.4
3.4
3.4
3.3
3.4
3.4
3.3
3.3
3.2
3.2
3.2
3.1
3.1
3.1
3.1
3.2
3.2
3.2
3.2
3.2
3.2
3.2
3.2
3.1
3.0
3.0
3.0
3.0
3.1
3.1
3.1
3.1
3.2
3.2
3.3
3.3
3.2
3.3
3.2
3.3
3.2
3.2
3.1
3.0
3.0
2.9
2.9
2.9
2.9
2.9
3.0
3.0
3.0
3.0
3.0
2.9
2.9
2.9
2.8
2.7
2.7
2.7
2.8
2.8
2.8
2.8
2.8
2.7
2.7
2.7
2.7
2.7
2.7
2.7
2.6
2.6
2.6
2.6
2.6
2.5
2.5
2.5
2.5
2.5
2.5
2.5
2.5
2.5
2.5
2.4
2.4
2.4
2.4
2.4
2.4
2.3
2.3
2.3
2.4
2.4
2.4
2.5
2.5
2.5
2.5
2.5
2.4
2.3
2.2
2.1
2.0
1.9
2.0
2.0
2.1
2.1
2.2
2.3
2.3
2.3
2.3
2.2
2.1
2.0
1.9
1.9
1.9
1.8
1.8
1.9
1.9
2.0
2.0
2.0
2.0
2.0
2.0
2.0
2.0
2.0
2.0
2.0
2.0
2.0
2.0
2.0
2.0
2.0
1.9
1.9
1.9
1.9
1.9
1.9
1.9
1.9
2.0
2.0
2.1
2.1
2.1
2.2
2.2
2.2
2.1
2.1
2.0
2.0
1.9
1.9
1.8
1.8
1.9
2.0
2.0
2.1
2.1
2.2
2.2
2.2
2.1
2.1
2.0
2.0
2.0
2.0
2.0
2.1
2.2
2.3
2.3
2.3
2.3
2.2
2.1
2.1
2.0
1.8
1.8
1.7
1.8
1.8
1.9
2.0
2.0
2.0
2.0
2.0
2.0
2.0
2.0
1.9
1.9
2.0
2.0
2.0
2.0
2.0
2.0
2.0
2.0
2.0
2.0
2.0
1.9
1.9
1.9
2.0
2.0
2.0
2.0
2.1
2.2
2.2
2.2
2.2
2.2
2.1
2.0
2.0
1.9
1.8
1.8
1.8
1.8
1.9
1.9
2.0
2.0
2.1
2.0
2.0
2.0
2.0
2.0
2.0
2.0
1.9
2.0
1.9
1.9
1.8
1.8
1.8
1.8
1.8
1.7
1.7
1.7
1.8
1.7
1.8
1.8
1.9
1.9
2.0
2.0
2.0
2.0
2.0
2.0
2.0
2.0
1.9
1.9
1.9
1.8
1.8
1.8
1.8
1.8
1.8
1.8
1.8
1.8
1.7
1.7
1.6
1.5
1.4
1.3
1.2
1.2
1.2
1.2
1.2
1.3
1.3
1.4
1.5
1.6
1.7
1.8
1.9
2.0
2.0
2.1
2.2
2.3
2.3
2.3
2.3
2.4
2.3
2.3
2.2
2.2
2.3
2.2
2.1
2.1
2.1
2.1
2.0
2.1
2.1
2.3
2.5
2.7
3.0
3.3
3.5
3.7
3.9
4.0
4.1
4.2
4.4
4.5
4.7
4.8
5.0
5.1
5.2
5.2
5.2
5.1
4.9
4.8
4.6
4.4
4.2
4.0
3.9
3.7
3.5
3.4
3.2
3.1
3.0
2.9
2.8
2.7
2.6
2.5
2.4
2.2
2.1
1.9
1.7
1.5
1.4
1.3
1.2
1.1
1.1
1.0
0.9
0.9
0.9
0.9
0.8
0.8
0.7
0.7
0.6
0.5
0.5
0.4
0.4
0.3
0.3
0.3
0.3
0.3
0.3
0.3
0.3
0.2
0.0
0.0
-0.1
-0.2
-0.3
-0.4
-0.4
-0.4
-0.3
-0.3
-0.3
-0.3
-0.2
-0.3
-0.3
-0.3
-0.3
-0.4
-0.4
-0.4
-0.3
-0.3
-0.3
-0.3
-0.3
-0.4
-0.4
-0.5
-0.6
-0.7
-0.8
-0.8
-0.9
-0.9
-1.0
-0.9
-0.9
-1.0
-1.0
-1.0
-1.0
-1.1
-1.1
-1.0
-1.0
-1.0
-1.0
-1.0
-0.9
-0.9
-0.9
-0.9
-0.9
-0.9
-0.9
-1.0
-1.0
-1.0
-1.0
-1.0
-1.1
-1.1
-1.1
-1.1
-1.1
-1.1
-1.1
-1.1
-1.1
-1.1
-1.1
-1.1
-1.1
-1.2
-1.2
-1.2
-1.1
-1.1
-1.0
-0.9
-0.9
-0.9
-0.9
-0.9
-1.0
-1.1
-1.2
-1.3
-1.3
-1.3
-1.3
-1.3
-1.2
-1.2
-1.1
-1.1
-1.2
-1.2
-1.3
-1.3
-1.4
-1.4
-1.3
-1.3
-1.2
-1.2
-1.1
-1.1
-1.0
-1.0
-0.9
-0.8
-0.8
-0.8
-0.8
-0.8
-0.8
-0.9
-0.9
-1.0
-1.1
-1.2
-1.3
-1.3
-1.3
-1.4
-1.4
-1.4
-1.3
-1.3
-1.2
-1.2
-1.2
-1.2
-1.2
-1.2
-1.2
-1.2
-1.2
-1.2
-1.2
-1.2
-1.2
-1.2
-1.2
-1.2
-1.2
-1.2
-1.2
-1.1
-1.1
-1.1
-1.1
-1.1
-1.1
-1.2
-1.2
-1.1
-1.1
-1.1
-1.1
-1.1
-1.1
-1.1
-1.1
-1.1
-1.1
-1.1
-1.1
-1.1
-1.1
-1.1
-1.1
-1.1
-1.0
-1.0
-1.0
-0.9
-0.9
-0.8
-0.7
-0.6
-0.6
-0.6
-0.6
-0.5
-0.6
-0.6
-0.6
-0.7
-0.8
-0.8
-0.9
-0.9
-0.9
-0.9
-0.9
-0.9
-0.8
-0.7
-0.7
-0.6
-0.7
-0.7
-0.8
-0.8
-0.8
-0.8
-0.9
-0.9
-1.0
-1.0
-1.0
-0.9
-0.8
-0.8
-0.8
-0.8
-0.8
-0.9
-1.0
-1.0
-1.1
-1.2
-1.2
-1.2
-1.3
-1.3
-1.2
-1.2
-1.1
-1.1
-1.1
-1.1
-1.1
-1.0
-1.0
-1.1
-1.1
-1.1
-1.1
-1.1
-1.2
-1.2
-1.2
-1.2
-1.2
-1.3
-1.3
-1.3
-1.3
-1.3
-1.3
-1.2
-1.1
-1.1
-1.1
-1.0
-0.9
-0.8
-0.8
-0.7
-0.7
-0.7
-0.7
-0.6
-0.6
-0.6
-0.7
-0.8
-0.8
-0.8
-0.9
-0.9
-1.0
-1.0
-1.1
-1.1
-1.1
-1.1
-1.1
-1.1
-1.1
-1.1
-1.1
-1.1
-1.0
-1.0
-0.9
-0.8
-0.8
-0.8
-0.7
-0.7
-0.7
-0.7
-0.7
-0.7
-0.7
-0.8
-0.8
-0.9
-1.0
-1.0
-1.2
-1.3
-1.3
-1.4
-1.3
-1.3
-1.3
-1.3
-1.2
-1.1
-1.1
-1.1
-1.1
-1.1
-1.1
-1.0
-1.0
-1.0
-1.0
-1.0
-1.1
-1.1
-1.1
-1.1
-1.1
-1.1
-1.1
-1.1
-1.2
-1.2
-1.2
-1.3
-1.3
-1.4
-1.4
-1.3
-1.3
-1.3
-1.2
-1.1
-1.1
-1.0
-1.0
-1.0
-0.9
-0.9
-0.9
-0.9
-0.9
-1.0
-1.0
-1.0
-1.1
-1.1
-1.2
-1.2
-1.2
-1.2
-1.2
-1.2
-1.2
-1.2
-1.1
-1.1
-1.1
-1.1
-1.1
-1.1
-1.1
-1.1
-1.1
-1.1
-1.1
-1.2
-1.2
-1.2
-1.1
-1.1
-1.0
-0.9
-0.9
-1.0
-1.1
-1.2
-1.2
-1.3
-1.4
-1.5
-1.5
-1.4
-1.3
-1.2
-1.2
-1.1
-1.1
-1.1
-1.2
-1.2
-1.2
-1.3
-1.4
-1.5
-1.5
-1.5
-1.5
-1.5
-1.5
-1.5
-1.4
-1.4
-1.4
-1.4
-1.4
-1.4
-1.4
-1.3
-1.3
-1.2
-1.2
-1.2
-1.2
-1.3
-1.3
-1.3
-1.4
-1.5
-1.5
-1.6
-1.6
-1.6
-1.6
-1.5
-1.5
-1.4
-1.3
-1.3
-1.2
-1.2
-1.2
-1.2
-1.2
-1.2
-1.2
-1.2
-1.2
-1.2
-1.2
-1.2
-1.2
-1.3
-1.2
-1.2
-1.2
-1.2
-1.3
-1.3
-1.3
-1.3
-1.4
