-2.1
-2.9
-0.8
-1.7
-2.2
-1.6
-3.0
-2.2
-2.8
-2.9
-2.9
-3.4
-3.0
-2.5
-1.0
-1.7
-1.6
-1.3
-1.6
-1.6
-2.3
-1.3
-1.3
-2.2
-2.5
-2.1
-2.6
-1.7
-1.2
-1.0
-2.0
-2.2
-2.0
-1.7
-1.0
0.5
0.6
0.3
-0.5
-0.9
-0.9
-1.8
-2.1
-2.0
-2.5
-2.0
-1.5
-1.8
-0.8
-1.6
-0.4
-2.6
-3.0
-3.5
-2.7
-3.0
-1.9
-2.4
-1.4
-2.2
-2.1
-2.0
-1.1
-1.8
-2.0
-2.8
-1.8
-1.8
-0.5
-0.3
0.4
0.0
-0.6
-1.5
-2.4
-1.7
-1.6
-0.9
-0.8
-0.9
-0.3
-0.1
-0.2
-1.0
-1.1
-1.2
-1.3
-1.3
-0.4
-0.1
0.2
-0.2
-0.5
-0.6
-0.8
-0.6
0.0
0.8
0.2
0.0
-0.3
-0.3
-0.5
0.4
0.2
0.3
0.5
0.0
0.7
1.6
1.2
1.8
1.3
0.0
0.5
1.3
1.2
0.4
-1.1
-2.5
-2.1
-1.2
-1.1
-1.2
-2.0
-1.5
-0.3
0.1
0.0
-0.8
-1.1
-1.7
-1.1
-0.7
-0.5
-1.2
-1.1
-1.8
-1.3
-0.8
-0.4
-0.5
0.0
-0.5
0.0
-1.7
-1.0
-1.1
-0.8
-0.8
-1.0
-0.8
-0.1
-0.5
-0.8
-1.7
-2.5
-1.9
-1.2
-1.3
-1.0
-0.9
-0.6
-0.7
-0.4
-0.8
1.6
-0.1
-0.1
0.1
-0.5
-0.7
-1.6
-2.1
-1.3
-2.1
-1.7
-1.3
-0.9
-1.3
-1.2
-1.0
-0.9
-1.0
0.6
1.3
0.4
-1.4
-1.2
-1.6
-1.2
-1.9
-0.4
0.0
-0.8
-1.1
-0.7
-0.4
-1.1
-1.8
-2.4
-2.1
-1.5
-1.4
-0.2
-0.7
-1.1
-1.3
-1.2
-0.4
-0.2
-0.5
-0.6
-1.1
-0.3
0.1
0.6
0.2
-1.6
-1.6
-1.3
-0.1
-0.2
-1.2
-0.7
-0.4
-0.5
-0.7
-1.8
-1.2
0.4
1.9
1.3
0.3
-0.8
-0.4
1.1
1.5
1.4
1.5
1.8
3.0
3.3
3.0
3.1
2.7
3.5
3.5
3.0
3.9
3.6
4.2
4.7
4.1
2.8
2.5
3.7
6.0
5.0
4.3
3.6
3.5
3.2
2.7
1.5
2.0
0.8
2.3
1.3
1.8
0.4
-0.2
-0.1
0.2
0.6
1.1
1.0
0.9
1.6
1.4
-0.3
-0.2
0.4
1.1
0.7
0.9
0.1
0.1
-0.9
-0.8
-0.2
-1.1
-1.9
-2.2
-2.1
-0.8
-0.6
-1.4
-1.7
-2.4
-1.9
-1.2
-0.2
0.4
0.4
0.1
-0.4
-1.4
-2.2
-1.1
-0.3
-0.7
0.0
-0.6
0.0
-0.8
-1.2
-0.7
-1.0
-1.7
-1.3
-1.8
-2.1
-3.0
-2.3
-0.7
0.1
0.0
0.0
0.0
0.1
-0.4
-1.1
-1.1
-1.3
-1.7
-2.1
-2.5
-1.6
-1.8
-1.5
-1.0
-1.6
-1.4
-1.4
-1.6
-2.3
-1.8
-1.9
-2.2
-1.8
-1.1
-0.7
-1.1
-1.8
-1.4
-1.8
-1.7
-1.5
-1.3
-1.6
-3.4
-3.1
-1.9
-1.3
-0.3
-1.5
-1.7
-1.0
-1.1
-1.5
-1.1
-0.8
-1.2
-2.1
-2.3
-1.7
-0.1
0.6
0.4
-0.6
-1.7
-0.7
-1.6
-1.0
-1.0
-1.1
-0.6
-1.7
-1.6
-1.3
-1.4
-1.1
-1.3
-1.8
-0.9
0.1
0.2
-1.0
-1.5
-1.5
-1.6
-0.9
-0.2
-0.4
-0.4
-0.2
0.1
0.6
0.4
-0.8
-1.9
-3.2
-4.5
-3.8
-4.7
-2.5
-1.5
-0.6
0.0
-0.9
-1.8
-1.7
-1.2
-0.9
-0.2
-0.3
-0.4
-0.9
0.4
0.5
1.1
0.5
-0.5
-1.0
-1.8
-2.2
-1.9
-2.0
-1.7
-2.9
-2.9
-2.9
-2.7
-2.0
-2.4
-2.1
-1.3
-0.9
-0.5
-0.7
-0.9
-1.0
-1.1
-0.7
-1.6
-2.0
-1.3
-1.3
0.1
-0.1
-0.3
0.3
-0.6
-0.9
-1.2
-1.3
-1.2
-2.7
-2.6
-2.1
-1.2
-1.0
-0.5
-0.2
-0.1
-1.1
-1.5
-1.4
-1.3
-1.0
-1.9
-1.8
-2.1
-2.2
-1.9
-1.5
-1.5
-1.6
-1.6
-2.2
-1.6
-1.2
-1.2
-0.9
-0.8
-1.1
-0.3
-0.8
-1.2
-2.2
-1.7
-2.1
-2.2
-2.3
-2.2
-1.3
-0.6
-0.6
-2.0
-2.2
-1.9
-1.0
-0.8
-2.4
-2.4
-3.2
-2.1
-2.9
-2.4
-2.1
-1.6
-2.1
-1.7
-2.2
-1.7
-2.2
-1.6
-1.6
-1.0
-1.1
-0.8
-1.2
-3.2
-2.8
-2.8
-2.1
-2.1
-3.4
-3.9
-2.7
-1.8
-0.4
-0.7
-2.0
-2.9
-2.8
-1.8
0.1
0.4
-1.0
-1.9
-2.3
-1.2
-0.6
0.7
-0.5
-0.5
-0.8
-0.1
1.0
0.8
0.4
-0.2
-0.7
0.2
0.1
0.0
0.0
0.3
-0.4
-0.3
-0.5
0.0
0.7
-0.3
-0.4
-1.3
-1.8
-1.2
-0.4
0.2
-0.4
-0.6
-1.6
-1.6
-1.5
-0.7
-0.1
-1.6
-2.3
-2.4
-0.2
-0.1
-1.1
-2.2
-1.3
0.2
0.7
0.6
-0.2
-0.6
-0.5
-0.2
-0.2
-1.5
-1.9
-0.6
0.2
0.6
-0.2
-1.5
-1.8
-1.8
-0.7
0.0
-0.4
-0.4
-0.4
-0.3
0.0
0.1
0.0
-1.0
-1.1
-0.4
1.2
0.7
-0.7
-1.3
-0.5
0.7
1.7
2.7
2.4
1.3
0.0
0.6
2.2
3.2
3.0
3.0
3.7
3.1
3.5
3.3
3.5
1.8
1.7
1.2
2.0
1.7
1.1
0.9
1.4
2.5
3.2
3.1
2.9
1.4
1.2
0.6
2.1
2.5
1.1
-0.6
-0.6
1.2
1.7
1.3
-1.7
-3.5
-3.6
-2.1
-0.1
0.3
-0.5
-1.7
-1.9
-1.0
-0.5
-0.8
-1.5
-2.5
-0.8
-0.6
-0.5
-1.9
-2.7
-3.3
-3.0
-2.3
-0.8
0.2
-0.4
0.2
0.6
0.6
0.3
-2.1
-3.2
-2.1
-0.5
0.6
-0.4
-1.3
-0.5
0.1
-0.3
-2.3
-3.5
-2.3
-2.4
-2.0
-1.8
-2.2
-1.5
-1.2
-1.4
-1.6
-2.8
-3.5
-2.4
-1.3
-0.4
-1.5
-1.6
-1.5
-0.8
-0.7
-1.0
-0.8
0.2
-0.2
-1.0
-2.0
-2.0
-1.3
0.7
0.4
0.1
-0.2
0.1
0.3
0.5
-0.2
-0.7
-0.6
-0.2
-0.2
-0.2
-2.0
-1.4
-0.9
0.0
-0.2
-0.7
-2.4
-1.8
-1.1
0.1
-0.1
-1.7
-1.8
-1.3
-0.6
-0.6
-0.2
-1.0
-0.5
-0.7
0.3
-0.2
-1.1
-2.2
-2.9
-3.4
-3.9
-2.4
-0.9
-0.5
-0.2
-2.2
-2.9
-3.2
-2.5
-1.2
-1.8
-3.4
-3.2
-2.7
-1.5
-0.9
-2.0
-3.0
-3.5
-2.8
-0.9
0.9
0.7
-1.2
-1.9
-1.4
-0.6
-0.6
-1.0
-1.2
-2.2
-1.8
-1.4
-1.0
-0.3
-2.3
-2.0
-1.6
-0.4
0.9
0.7
0.0
-0.7
-0.6
-0.1
0.3
-1.2
-0.8
-1.0
-0.3
-0.9
-2.5
-2.4
-0.6
-0.3
-0.5
-2.0
-3.5
-2.7
-1.9
-0.5
-1.1
-2.4
-3.6
-4.0
-2.7
-0.7
-0.3
-2.2
-3.2
-2.9
-1.6
0.0
-0.4
-0.9
-2.1
-3.5
-3.2
-2.0
-1.6
-1.3
-2.0
-2.4
-3.0
-3.0
-0.9
-0.8
-1.3
-1.3
-1.6
-0.1
-0.5
0.0
-0.9
-1.5
-2.4
-1.9
-0.9
-0.7
0.1
-0.2
-1.4
-0.9
-1.0
0.0
0.2
0.1
-1.2
-2.7
-3.3
-2.2
-1.8
-1.1
-1.4
-0.4
-0.2
-0.6
-0.4
-0.9
-1.9
-1.4
-1.2
-0.7
-1.4
-2.1
-4.0
-4.2
-3.2
-2.3
0.0
-0.3
-0.9
-0.8
-1.7
-2.0
-1.2
0.4
1.4
0.1
-1.1
-2.5
-2.9
-2.4
-0.7
0.3
0.0
0.2
-0.5
-0.8
-0.8
0.4
0.5
0.4
-0.2
-0.2
-0.6
-1.2
-0.8
-1.9
-1.0
-1.7
-2.2
-0.7
-0.6
-0.7
-1.0
-0.9
-1.4
-0.4
0.1
1.1
1.3
1.1
0.0
-0.4
-1.3
-1.2
-0.6
0.4
1.0
2.6
3.6
4.6
5.0
4.5
4.2
3.4
3.1
2.9
3.0
3.2
4.0
4.4
4.3
3.3
3.3
2.1
2.1
3.1
2.9
2.0
1.7
1.9
1.6
2.2
0.9
0.5
0.0
0.8
1.4
1.8
1.2
0.0
0.8
1.5
2.2
1.7
1.0
-0.2
0.5
-0.8
-0.4
-1.1
-2.2
-2.7
-2.1
-1.3
-0.6
-0.1
0.1
0.6
0.0
0.3
-0.5
-0.3
-1.0
-0.7
-1.9
-2.2
-1.9
-0.9
-0.3
0.1
0.4
1.2
0.0
0.5
-0.5
-0.2
-0.6
-0.8
-0.3
-0.7
-1.9
-2.5
-3.5
-2.5
-3.0
-3.2
-2.2
-2.3
-1.7
-1.4
-2.2
-1.0
-2.3
-2.3
-1.9
-2.1
-2.7
-4.5
-3.6
-2.0
-0.4
-1.2
-3.6
-5.7
-6.5
-4.0
-1.9
0.0
-1.4
-3.8
-6.2
-7.1
-5.3
-2.7
-1.3
-1.9
-4.1
-5.6
-4.9
-3.3
-2.2
-0.5
-1.6
-0.4
-0.7
-1.3
-2.2
-3.4
-4.6
-4.5
-5.5
-4.6
-3.8
-4.2
-3.7
-4.1
-4.3
-3.7
-3.4
-2.8
-2.7
-3.1
-2.8
-1.6
-0.8
-1.3
-1.9
-2.4
-1.9
-1.1
-1.1
-1.5
-2.2
-2.1
-2.0
-1.6
-2.7
-3.0
-2.9
-2.7
-0.7
-0.4
-0.2
0.3
0.0
-0.5
-0.8
-2.6
-3.3
-2.7
-2.5
-1.0
-0.2
-0.7
-0.7
-2.5
-2.7
-1.8
-0.7
0.5
-1.0
-2.9
-3.3
-2.4
-2.4
-2.2
-2.2
-3.2
-3.2
-2.2
-0.9
0.9
1.3
1.4
0.9
0.8
1.7
1.5
2.7
2.5
3.1
4.5
5.0
5.5
5.4
4.4
5.7
5.8
5.7
4.9
4.9
4.7
5.0
5.6
5.1
3.4
1.4
1.4
3.1
4.9
5.2
4.1
3.6
2.5
2.3
1.9
1.5
0.6
0.1
0.4
1.4
3.1
3.2
2.8
1.4
0.4
0.7
1.8
3.5
4.5
4.1
2.6
1.6
0.5
-0.3
0.0
-0.2
1.5
1.5
1.1
0.0
-0.4
0.6
-0.4
-1.2
-2.2
-2.7
-1.3
0.9
2.5
3.1
1.3
0.9
-0.3
-1.8
-2.0
-3.1
-3.3
-3.1
-2.7
-3.9
-2.8
-3.3
-1.4
-0.8
-0.7
-0.6
-1.1
-1.6
-1.7
-1.0
-0.8
0.4
1.1
2.0
0.3
-1.0
-2.3
-3.3
-3.6
-2.2
-0.8
1.5
2.0
1.7
1.2
0.0
-1.8
-3.0
-2.4
-1.7
-0.1
0.3
-0.8
-0.9
0.9
2.5
2.1
1.8
0.7
1.2
1.2
0.2
0.1
-1.7
-2.9
-2.6
-2.3
-1.0
-0.6
0.1
0.1
-0.7
-1.3
-1.2
-0.4
-0.8
-1.5
-3.4
-3.2
-2.9
-2.7
-2.8
-2.7
-2.6
-1.9
-2.7
-2.4
-1.7
-0.1
-0.1
-0.4
-0.7
-0.5
-0.3
-0.7
-1.3
-2.6
-2.8
-2.4
-2.3
-2.0
-2.7
-3.0
-2.1
-1.6
-2.0
-2.2
-2.5
-1.8
-1.9
-1.2
-1.6
-0.7
-0.9
-0.8
0.0
-0.2
-0.8
-1.8
-2.7
-2.3
-1.6
-2.3
-1.4
-0.9
-2.3
-1.2
-1.1
-0.6
-1.3
-1.7
-2.0
-0.3
-0.9
-1.2
-1.6
-1.7
-1.6
-1.8
-1.4
-1.9
-1.7
-1.2
-1.0
-1.1
-0.6
-1.7
-2.2
-2.0
-1.7
-1.1
-1.2
-2.1
-2.1
-1.5
-1.6
-1.2
-0.7
-1.3
-1.6
-1.9
-2.6
-2.5
-2.8
-1.5
-0.8
-1.4
-1.8
-2.2
-1.6
-1.1
-1.6
-2.1
-1.8
-1.6
-1.0
-0.9
-0.4
-0.6
-1.2
-1.8
-2.7
-1.8
-1.3
-0.9
-1.7
-1.9
-1.8
-1.2
-0.9
-0.9
-1.0
-0.3
-1.5
-2.1
-1.7
-0.8
0.7
0.0
-1.0
-1.8
-1.2
-1.4
-1.4
-1.8
-1.1
-2.1
-1.4
-1.7
-0.7
-0.2
-0.2
-0.9
-1.6
-2.4
-2.7
-2.1
-2.2
-1.2
-0.8
-0.4
0.0
-0.5
-0.8
-1.7
-1.8
-2.6
-2.0
-1.2
-1.5
-2.2
-2.6
-2.4
-0.9
-0.8
-0.9
-2.1
-2.0
-2.0
-1.7
-1.3
-1.1
-1.0
-2.0
-2.5
-3.1
-1.5
0.0
-1.3
-1.6
-2.4
-2.2
-2.4
-1.6
-1.6
0.4
-1.3
-2.5
-2.4
-2.1
-1.8
-1.9
-2.6
-2.4
-2.8
-3.4
-2.5
-1.6
-2.0
-2.0
-2.6
-2.4
-3.1
-2.7
-1.6
-1.0
-1.7
-1.7
-1.8
-1.2
-0.3
-0.1
-0.9
-1.7
-1.7
-2.3
-2.4
-1.5
-1.0
-0.6
-1.3
-1.0
-0.2
0.0
-0.3
-0.7
-1.1
-1.1
-1.2
-1.3
-1.0
-1.2
-0.4
-0.8
-0.9
-0.9
-1.8
-2.1
-1.7
-1.3
-0.2
-0.7
-0.7
-0.8
-1.0
-0.3
-0.1
-0.3
0.8
0.2
-0.5
-0.8
-0.3
0.4
0.4
-0.1
-0.9
-0.3
0.5
0.7
0.4
-0.4
-0.4
-0.2
-1.6
-1.8
-1.8
-1.5
-2.3
-2.1
-1.7
-0.3
-0.1
-0.6
-1.0
-0.8
-1.7
-2.8
-3.2
-4.1
-2.7
-2.2
-1.9
-2.2
-1.5
-2.1
-1.4
-2.1
-2.6
-2.0
-1.5
-1.2
-1.7
-1.6
-3.0
-2.4
-2.5
-1.8
-1.2
-1.1
-2.0
-2.8
-4.0
-3.8
-3.6
-2.9
-2.0
-1.4
-1.3
-1.4
-1.1
-1.8
-2.2
-3.1
-3.6
-2.7
-1.4
-0.7
0.5
-0.6
-0.9
-1.2
-0.7
-0.7
-0.7
-0.9
-1.6
-2.1
-3.2
-1.8
-1.0
-0.5
-0.4
-1.1
-0.3
-0.3
0.7
2.4
2.8
2.9
2.4
1.7
2.2
3.7
6.0
6.7
5.3
3.7
2.9
3.1
3.3
2.6
1.9
2.4
2.1
2.4
1.8
1.4
1.0
0.0
1.4
1.8
1.7
1.2
1.0
0.4
-0.3
-0.6
0.3
-0.1
-0.1
-0.3
-1.3
-0.9
-0.9
0.3
0.1
-1.7
-1.6
-1.4
-1.0
-1.6
-2.3
-2.0
-1.9
-0.8
0.1
-0.8
-2.0
-3.1
-3.9
-2.0
-0.8
-1.2
-0.9
-1.0
-1.1
-1.3
-2.8
-4.4
-4.5
-3.7
-1.2
0.0
-1.7
-2.3
-3.6
-2.2
-1.1
-0.4
-0.3
-1.1
-2.5
-4.0
-4.6
-3.7
-1.1
-0.1
0.1
-0.7
-3.2
-2.7
-3.5
-2.3
-1.4
-1.4
-1.7
-2.5
-3.6
-3.0
-3.6
-3.0
-2.6
-2.0
-3.0
-4.5
-3.8
-3.3
-2.3
-2.2
-2.4
-1.7
-1.5
-1.3
-1.5
-2.5
-3.0
-2.2
-1.7
-1.8
-2.3
-2.7
-2.2
-2.2
-1.8
-2.9
-4.3
-4.3
-2.7
-2.3
-2.4
-4.0
-4.7
-4.2
-2.9
-2.1
-2.4
-4.2
-3.7
-3.3
-1.9
-1.6
-1.5
-2.3
-2.6
-2.5
-3.1
-2.7
-2.8
-1.5
-1.7
-2.7
-3.5
-3.9
-3.9
-2.4
-1.6
-1.8
-2.3
-2.8
-2.4
-3.0
-3.2
-3.3
-3.1
-2.9
-3.8
-3.7
-2.4
-3.2
-3.1
-3.7
-4.1
-3.6
-3.3
-2.9
-2.0
-2.7
-2.5
-2.7
-2.1
-2.8
-2.1
-2.6
-2.0
-2.2
-2.1
-2.0
-1.8
-2.2
-1.8
-1.0
-0.6
-1.4
-1.5
-2.7
-1.3
-1.5
-1.2
-3.0
-2.3
-1.7
-0.7
-1.1
-1.0
-1.5
-1.7
-0.8
-0.7
-0.5
-0.3
-0.5
-0.6
-1.9
-1.4
-1.1
-1.5
-1.5
-1.1
-0.4
0.0
-0.3
-0.3
-1.1
-2.0
-2.9
-2.8
-3.0
-2.4
-1.5
-0.9
-0.2
-0.4
-1.4
-1.8
-2.0
-0.9
-0.1
-0.2
-0.1
-0.4
-0.2
-0.7
-1.1
-1.3
-0.5
-1.1
0.0
-0.6
-1.6
-2.0
-1.5
-0.8
-0.2
-0.7
-0.9
-2.0
-2.4
-2.4
-0.6
-0.8
0.0
-1.2
-0.6
-0.8
-2.8
-2.5
-1.6
-1.1
-0.3
-0.8
-1.2
-0.9
-0.9
-0.2
-0.6
-1.2
-1.2
0.5
2.6
2.6
0.2
-1.0
-0.5
0.4
3.6
4.0
3.9
1.9
0.7
2.3
5.3
6.6
6.0
3.5
1.6
2.7
3.9
6.3
6.0
2.8
0.2
-0.8
1.4
4.2
5.4
4.6
2.4
1.3
0.8
2.8
3.5
4.1
3.2
0.9
-0.9
-0.8
0.4
1.3
1.6
0.7
0.0
-0.3
-1.8
-2.9
-2.3
-2.1
-0.6
-0.7
-1.6
-1.1
-0.7
0.5
0.4
-0.7
-1.5
-2.6
-2.1
-1.2
-1.1
-0.4
-1.5
-1.4
-1.8
-1.6
-0.5
-0.2
-1.1
-1.6
-1.6
-0.7
1.2
1.2
0.3
-0.5
-0.9
-0.5
0.3
0.2
-0.2
-0.7
-1.1
-1.0
-1.0
-1.7
-2.2
-1.9
-1.0
-0.4
-1.8
-1.9
-2.3
-2.3
-1.8
-0.9
-1.0
-0.2
-0.2
-1.1
-1.3
-2.1
-2.2
-1.4
-1.0
-1.5
-1.0
-1.0
-0.3
-0.7
-0.9
0.4
0.0
-0.1
-1.7
-2.1
-0.7
-1.1
-0.3
-0.6
-0.8
-0.1
-0.6
-1.1
-1.6
-1.5
-0.4
0.6
0.4
0.0
-0.5
-0.8
-0.9
-1.2
-0.4
-0.6
-1.1
0.0
0.1
1.2
0.9
0.8
1.7
0.9
1.1
1.0
2.7
2.4
0.9
0.1
-0.2
0.6
0.8
2.2
2.2
2.8
0.9
1.8
1.5
1.8
1.9
0.9
0.8
0.6
-0.4
0.4
0.0
0.0
0.0
0.7
2.2
2.9
2.7
1.9
0.8
0.8
0.1
0.8
-0.3
0.2
-0.1
-0.5
-0.1
0.0
-0.2
0.5
0.8
0.1
-0.6
-1.5
-0.1
-0.4
0.7
1.4
1.4
1.5
0.7
0.0
-0.3
-0.9
-0.1
-0.4
0.1
-0.2
0.6
1.5
1.1
-0.3
-0.2
-0.3
0.0
0.2
0.3
-0.1
-1.2
-0.5
0.0
0.4
-0.1
-0.5
-0.9
-1.2
0.0
0.6
1.1
1.5
1.4
0.6
1.0
-0.1
0.1
0.0
-0.4
0.7
1.1
1.6
0.9
1.5
2.1
1.5
0.5
0.2
-0.4
0.1
0.2
1.2
1.3
1.3
0.8
0.0
0.1
-0.2
0.0
-0.3
-0.9
-0.4
-0.6
-0.8
0.1
-0.5
-1.3
-1.2
-1.7
-0.7
-0.6
-0.8
0.0
-1.0
-0.2
-1.1
-0.8
-0.8
-0.2
0.9
0.0
-0.3
0.1
0.5
1.0
0.9
0.1
0.6
0.0
1.0
-0.3
-0.2
0.7
0.0
0.4
-1.0
0.1
-0.6
0.5
1.1
1.7
1.5
-0.2
-0.9
-0.9
0.5
0.6
0.7
0.2
-0.1
0.6
1.0
1.0
0.2
0.6
0.8
0.3
-0.6
-0.8
-0.8
0.7
0.0
0.0
-0.6
-0.5
-0.9
-1.6
-2.0
-1.4
-1.0
-0.2
-0.3
0.3
0.2
0.2
0.0
0.6
-1.2
-0.7
-0.7
-1.2
-1.1
-2.5
-2.5
-1.1
-1.6
-2.4
-1.9
-2.0
-1.5
-1.2
-2.0
-1.5
-1.8
-1.4
-0.7
-1.2
-0.9
-0.1
0.5
0.5
0.5
1.1
1.0
0.8
0.0
0.0
-0.4
-1.0
-0.3
0.0
-0.5
-0.8
-2.1
-2.2
-1.0
-0.2
0.1
0.2
-0.5
-1.8
-1.6
-1.2
-0.1
0.0
-2.0
-2.7
-2.2
-0.9
-0.9
-1.7
-2.3
-2.5
-1.5
0.0
0.5
-1.2
-2.4
-1.9
-0.9
0.4
1.2
0.8
-0.1
-1.2
-1.5
-1.6
-2.0
-2.8
-2.7
-1.0
-0.7
-0.2
-1.6
-1.5
-0.9
-0.2
0.1
-1.3
-1.7
-1.1
-0.2
1.1
-0.8
-0.7
-1.8
-1.6
-0.6
-1.0
-1.6
-2.7
-1.6
1.5
1.7
1.4
-1.0
-1.1
-0.2
0.2
1.1
1.6
1.8
1.5
0.6
1.3
2.1
3.7
3.4
3.7
3.1
2.8
4.0
4.2
3.5
3.4
2.5
1.5
1.5
1.6
2.2
3.0
2.6
2.8
4.2
4.1
3.7
3.1
2.1
1.7
1.4
1.8
3.1
2.3
1.4
0.4
-0.1
0.1
1.0
1.9
2.8
2.4
1.6
0.8
0.3
0.1
-0.9
0.0
-0.8
0.0
0.2
0.0
-0.4
0.0
0.1
0.3
0.0
0.1
0.0
0.0
-0.1
-0.2
0.1
0.5
1.3
2.0
1.4
1.7
1.1
0.9
0.0
0.3
0.0
-0.4
-0.4
0.0
0.8
1.3
1.6
1.7
0.8
0.0
-0.6
-1.2
-1.7
-2.2
-1.8
-1.4
-1.6
-0.9
-0.6
-0.2
0.0
0.0
0.0
-0.6
-1.2
-0.4
-0.1
-0.1
-0.3
-0.8
0.0
-1.3
-1.3
-1.2
-1.4
-0.5
-1.7
-1.0
-2.3
-2.0
-1.5
-1.4
-0.9
-1.2
0.4
-0.1
-0.4
-0.6
-0.2
-1.4
-0.1
-0.6
-0.4
-1.5
-1.7
-0.8
0.4
-0.5
-0.2
-1.5
-2.0
-1.8
-1.9
-1.0
-0.8
0.1
-0.4
-0.3
-1.0
-2.3
-2.8
-1.6
-1.5
-0.8
-1.3
-2.0
-1.1
-0.9
-2.2
-3.0
-2.7
-2.6
-1.9
-2.3
-1.7
-2.2
-1.6
-1.4
-0.9
-2.0
-3.0
-3.6
-1.4
0.2
0.1
0.0
-1.0
-2.2
-2.6
-3.2
-0.7
-0.3
-0.2
-0.4
-1.3
0.0
-0.1
-0.4
-1.0
-1.6
-1.4
-0.6
-0.5
-0.6
0.7
0.6
0.4
-0.6
-1.1
-0.4
1.3
1.6
1.8
0.6
-0.2
-0.8
-0.6
0.8
0.2
-0.4
-0.9
-0.4
1.0
1.7
2.1
1.9
2.3
1.9
2.2
0.6
-0.1
-0.1
-0.6
0.0
0.3
1.0
2.3
1.6
0.4
-0.6
-1.5
-1.1
-0.8
-0.5
-0.2
0.1
0.9
0.9
1.2
1.8
1.7
1.9
1.2
2.2
0.8
2.0
1.6
1.9
2.6
3.4
5.2
6.1
5.1
3.9
3.2
3.5
5.7
4.5
3.7
2.3
1.6
1.9
1.6
1.7
2.5
3.8
3.2
4.9
3.9
2.2
1.9
2.1
0.9
0.5
0.5
1.3
1.7
0.6
1.7
1.1
1.2
0.5
0.4
-0.5
-1.0
-1.0
0.5
2.2
2.8
2.6
2.9
1.5
1.0
1.6
1.1
2.2
0.8
-2.0
-3.4
-2.9
-1.9
-0.1
0.6
0.6
1.0
0.2
0.9
0.0
0.1
-1.2
-2.6
-3.3
-3.4
-2.3
-1.8
-1.3
-2.0
-2.4
-1.7
-0.5
0.8
0.3
-0.7
-1.3
-2.5
-2.8
-3.3
-2.7
-2.0
-2.5
-1.4
-1.2
-1.7
-3.0
-2.7
-0.7
0.6
0.7
-0.7
-0.9
-1.5
-2.0
-1.6
-0.6
-0.8
-2.1
-3.3
-3.8
-2.4
-2.7
-2.3
-1.5
-0.6
0.2
0.0
0.0
-1.7
-2.2
-2.4
-2.0
-0.1
-0.9
-0.1
0.4
0.7
2.0
0.7
0.9
0.8
0.0
-0.7
-2.0
-2.9
-3.1
-3.2
-3.2
-2.9
-2.4
-1.4
0.0
0.9
1.2
0.4
0.9
0.0
0.3
-0.3
-1.2
-2.5
-3.7
-3.8
-2.4
-1.1
-1.5
-1.6
-2.4
-1.9
-2.0
-1.6
-2.0
-2.0
-2.7
-3.1
-3.2
-2.2
-1.1
0.8
1.1
1.6
1.6
0.8
0.9
0.2
0.3
-0.9
-0.5
-0.1
-0.6
-0.6
-1.1
-1.5
-0.2
-0.3
0.7
0.7
-0.1
-1.0
-2.2
-3.8
-4.9
-3.4
-3.1
-1.9
-0.7
-0.2
-0.3
0.6
0.5
0.5
0.2
-1.3
0.2
1.3
2.8
1.3
0.0
-2.9
-2.6
-1.5
-1.6
-0.7
-0.5
0.6
0.8
0.9
0.4
-0.5
-0.7
-0.5
-1.2
-0.3
-1.1
-0.8
-0.7
-2.2
-2.3
-2.0
-2.8
-2.5
-1.9
-1.4
-0.5
-0.2
-1.0
-0.8
-0.7
-0.1
-0.2
0.1
0.3
0.9
0.1
-0.2
-0.5
-1.2
-1.1
-2.2
-2.1
-2.0
-2.5
-1.3
-1.3
-2.2
-2.5
-3.3
-1.2
-1.5
-0.5
-0.5
-0.6
-0.1
0.2
0.7
0.7
1.1
0.5
-0.7
-1.2
-0.6
-0.3
1.7
0.9
-0.2
-1.8
-3.2
-2.6
-2.5
-1.7
-2.2
-2.5
-0.7
-0.4
1.3
0.8
-0.4
-1.1
-1.0
-1.3
-1.2
-1.3
-0.8
-0.4
-0.8
-1.0
-1.3
-0.7
-1.1
-2.0
-3.0
-3.2
-3.1
-2.7
-0.8
0.2
0.6
-0.2
-1.1
-2.0
-1.9
-2.8
-2.6
-1.7
-2.9
-3.5
-2.9
-1.6
-0.9
-1.4
-1.9
-1.8
0.0
0.5
-0.5
-0.2
-0.2
-0.2
0.4
-0.5
-2.4
-3.3
-4.9
-5.0
-4.4
-3.8
-4.1
-3.0
-3.0
-1.7
-0.9
-0.9
-1.5
-2.0
-3.2
-3.2
-1.7
-1.8
-0.1
0.6
-0.8
-2.1
-2.7
-1.6
-0.3
-0.4
-1.8
-2.2
-1.6
-0.7
0.1
-2.2
-3.1
-3.8
-1.9
-2.2
-2.0
-3.5
-4.3
-3.4
-1.5
-0.4
0.1
-2.0
-2.7
-1.6
-1.7
-0.5
-1.1
-2.0
-2.2
-3.2
-2.7
-3.1
-3.2
-3.6
-3.5
-2.3
-0.9
-0.2
-1.3
-2.7
-2.5
-2.3
-1.9
-2.1
-3.6
-3.4
-3.2
-3.1
-2.6
-2.2
-1.8
-1.0
-0.5
-2.4
-2.1
-2.3
-0.9
-1.5
-1.5
-2.1
-2.7
-2.6
-2.4
-2.2
-0.9
-1.5
-2.0
-2.7
-2.9
-2.9
-2.0
-0.4
-1.1
-0.6
-0.1
1.0
0.8
0.5
-0.2
-1.5
-1.9
-1.8
-2.8
-3.9
-5.3
-2.7
-1.6
-1.4
-3.7
-5.0
-4.4
-2.7
-1.0
-0.5
-2.2
-1.8
-1.7
0.5
0.9
-1.8
-2.5
-2.7
-1.1
0.2
0.6
-0.2
-1.5
-2.4
-1.8
-1.8
-2.0
-5.0
-6.0
-5.4
-4.2
-2.1
-1.4
-2.3
-4.4
-5.0
-4.0
-2.1
-1.5
-2.7
-4.4
-4.6
-3.8
-1.7
0.2
-1.6
-2.6
-3.2
-2.3
-0.8
-1.1
-2.9
-3.9
-4.6
-3.6
-2.6
-1.1
-1.7
-1.9
-2.4
-2.2
-1.7
-1.0
-1.8
-2.7
-3.7
-3.0
-2.5
-0.8
-1.7
-2.5
-3.3
-2.9
-3.0
-2.0
-1.6
-1.9
-1.8
-1.6
-0.9
-1.3
-2.0
-2.7
-3.0
-2.4
-2.8
-3.4
-3.3
-2.8
-2.9
-2.3
-2.5
-2.8
-2.2
-2.1
-1.7
-1.5
-0.9
-2.6
-2.5
-3.6
-3.8
-2.7
-2.2
-2.0
-1.7
-1.3
-2.4
-4.3
-6.5
-5.5
-3.1
-2.0
-2.9
-4.1
-4.3
-3.0
-0.7
0.3
-0.9
-2.3
-4.3
-3.4
-0.8
1.7
4.2
2.9
1.7
-0.2
0.1
2.3
5.5
7.2
6.6
4.8
1.9
0.4
0.4
1.9
4.0
4.3
4.7
4.0
3.0
2.6
1.6
1.6
1.7
1.1
1.0
1.4
1.0
1.8
1.8
1.0
0.6
0.7
2.1
1.5
0.7
-0.6
-0.8
-0.4
-0.3
0.4
0.2
0.2
0.8
2.1
1.9
1.3
0.4
-0.2
-0.4
-0.9
-2.4
-3.4
-3.8
-1.7
0.0
0.1
-1.4
-3.7
-4.6
-2.9
-0.7
0.2
0.0
-1.8
-3.0
-3.9
-2.3
-1.0
-0.3
-0.2
-0.6
-2.0
-3.1
-3.0
-2.4
-1.0
-0.6
-2.5
-2.8
-3.8
-3.6
-2.6
-2.7
-1.9
-2.9
-2.5
-2.1
-1.8
-1.5
-2.7
-3.3
-3.2
-2.4
-2.4
-2.2
-1.1
-1.8
-3.4
-2.7
-2.5
-1.5
-0.8
-1.6
-1.7
-1.4
-1.4
-1.5
-0.7
-0.9
-1.2
-0.4
0.5
1.1
0.2
-1.0
-1.0
0.1
0.6
-0.2
-1.3
-2.1
-1.8
-2.1
-1.0
-0.7
-0.9
-2.6
-3.4
-1.7
0.3
0.6
-0.3
-1.5
-1.9
-1.6
-0.8
1.3
1.6
1.6
0.2
-1.0
-1.9
-2.9
-1.7
-1.7
-2.1
-1.8
-1.1
0.0
0.2
0.5
0.3
0.1
-0.7
-1.1
-2.2
-1.4
-0.9
-0.1
-0.8
-2.3
-2.1
-2.3
-0.4
-0.3
0.1
-2.4
-4.8
-5.2
-3.3
-1.0
-1.1
-1.7
-3.6
-4.9
-2.3
-0.5
1.6
1.3
-0.8
-3.6
-4.9
-4.2
-1.4
0.8
1.1
-0.1
-2.2
-4.8
-4.9
-4.0
-2.6
-1.5
-1.7
-1.3
-1.5
-1.1
-1.8
-1.7
-2.0
-1.5
-1.9
-2.0
-0.8
-0.1
0.7
0.2
-2.9
-3.4
-2.9
-2.2
-1.2
-0.7
-0.7
-0.3
-0.2
0.0
-0.9
-0.3
-0.9
-0.9
-0.9
-1.5
-1.2
-0.8
-0.3
0.8
0.0
-0.8
-2.0
-3.0
-2.3
-0.7
1.1
1.6
-0.3
-1.2
-2.1
-2.4
-2.6
-3.2
-4.1
-3.9
-2.8
-0.9
0.4
0.1
-0.2
-1.2
-1.7
-1.7
-1.9
-1.6
-0.3
0.5
1.0
0.5
0.4
-0.2
-0.5
-1.1
-2.0
-2.2
-2.0
-1.9
-0.6
-0.7
-1.9
-3.1
-3.3
-2.9
-1.3
-1.1
-1.7
-2.1
-2.2
-0.9
-0.1
0.6
-0.9
-2.4
-2.9
-3.5
-3.0
-2.3
-2.1
-1.6
-2.1
-1.9
-2.3
-1.1
-1.6
-1.2
-0.9
-0.8
-1.4
-1.8
-3.4
-2.0
-0.8
-0.3
0.0
-0.6
-0.8
-1.5
-1.2
-0.6
-0.5
-1.2
-1.5
-1.3
0.0
-0.4
-0.1
-0.7
-1.8
-2.4
-2.5
-1.8
-2.1
-1.5
-1.2
-1.7
-1.9
-0.9
0.0
1.0
-0.2
-0.2
0.2
1.0
0.8
0.7
0.8
1.5
1.6
3.1
2.9
3.2
2.7
3.0
2.7
2.8
2.3
1.4
1.7
1.2
0.9
1.2
1.2
1.2
1.5
0.9
1.2
1.4
1.4
1.0
0.0
-0.3
-0.3
-0.3
-0.3
1.1
0.4
0.0
0.1
-0.1
0.6
0.2
0.0
-0.2
-0.7
-0.3
0.1
-0.1
-0.5
-0.8
-1.2
-1.6
-1.9
-1.6
-2.1
-1.6
-1.6
-1.4
-1.1
-1.9
-1.7
-1.1
-1.9
-1.5
-2.0
-1.7
-2.0
-1.6
-0.9
-0.4
-0.9
-2.3
-2.6
-1.7
-1.1
-0.8
-1.5
-2.3
-2.1
-2.4
-2.8
-3.0
-2.1
-1.6
-0.9
-1.7
-2.0
-2.2
-1.7
-2.2
-2.7
-2.2
-2.1
-2.9
-4.1
-4.0
-3.2
-1.6
-1.9
-1.4
-1.8
-2.3
-3.2
-3.8
-2.9
-2.7
-2.5
-3.2
-2.4
-2.6
-2.8
-2.7
-1.9
-1.9
-2.3
-2.5
-2.9
-2.2
-2.4
-1.7
-2.3
-2.7
-2.8
-1.4
-1.6
-1.7
-1.5
-0.7
-0.5
-1.0
-1.0
-2.3
-1.5
-1.3
-1.7
-2.4
-2.1
-1.9
-1.6
-1.8
-1.9
-0.8
-1.3
-1.4
-2.0
-2.2
-1.8
-1.6
-0.8
-0.9
-0.3
-0.6
-1.0
-1.2
-0.6
-0.6
-0.7
-1.2
-0.7
-1.0
-0.6
-1.2
-1.1
-1.1
-0.7
0.1
0.7
0.3
-1.1
-2.1
-2.6
-1.6
-1.1
-1.2
-1.5
-0.2
0.0
0.0
-1.3
-2.0
-1.1
0.0
-0.1
-0.9
-0.8
-0.6
-0.5
-1.0
-1.7
-1.6
-1.0
-0.5
-0.6
-0.2
-0.5
0.0
-1.4
-2.4
-3.2
-2.5
-2.8
-2.6
-1.7
-1.5
-0.8
-1.4
-1.4
-2.1
-2.4
-3.5
-4.5
-3.8
-4.8
-4.7
-2.6
-2.7
-1.6
-2.2
-1.9
-1.7
-2.2
-2.0
-1.8
-1.8
-1.9
-3.6
-3.4
-4.0
-1.9
0.0
1.1
2.4
1.4
0.9
-0.6
0.2
0.1
0.7
1.3
1.7
2.7
1.9
0.5
0.0
-0.8
-0.8
-0.4
-1.2
-1.2
-1.1
-1.8
-1.9
-1.5
-1.0
-0.2
-0.3
-1.7
-1.5
-1.3
-2.3
-1.9
-1.6
-1.2
0.0
-0.1
0.6
0.1
-0.8
-0.5
-0.2
-0.8
-0.8
-1.5
-0.9
-1.9
-2.5
-2.0
-1.4
-2.2
-2.6
-2.7
-2.8
-3.3
-3.6
-3.4
-1.5
-0.8
-1.3
-2.0
-2.3
-2.6
-2.7
-2.9
-2.7
-2.7
-3.4
-2.8
-3.8
-3.1
-3.7
-4.5
-4.1
-4.5
-2.9
-1.9
-2.6
-2.1
-2.6
-2.0
-2.0
-2.5
-2.3
-3.0
-2.6
-1.8
-1.8
-1.5
-2.5
-2.5
-3.0
-2.7
-2.6
-1.8
-1.9
-2.7
-3.5
-2.9
-2.8
-2.4
-1.7
-1.4
-1.5
-1.3
-0.5
-0.2
-0.3
-0.4
-1.1
-1.5
-1.7
-1.1
-1.4
-1.7
-2.8
-3.3
-1.9
-3.0
-3.0
-3.3
-2.7
-1.5
-1.2
-1.6
-1.6
-2.0
-1.4
-1.7
-2.1
-2.8
-2.9
-2.5
-1.5
-0.7
-1.5
-2.2
-3.1
-3.3
-1.9
-0.5
-0.9
-0.2
-0.6
-0.8
-1.3
-3.0
-2.9
-2.0
-1.1
-2.1
-1.6
-1.9
-2.0
-0.8
-1.8
-1.6
-0.5
-1.1
-0.7
-0.4
-0.8
-1.4
-1.1
-1.5
-1.0
-1.0
-0.7
-1.4
-2.6
-2.9
-2.5
-2.4
-1.9
-1.8
-1.4
-2.1
-2.2
-0.6
-0.9
-2.3
-2.7
-2.5
-1.2
-1.2
-2.2
-2.2
-2.9
-4.4
-4.5
-3.8
-3.6
-3.1
-2.6
-2.5
-3.5
-4.0
-3.3
-3.0
-1.7
-2.0
-2.1
-2.6
-1.2
-2.2
-1.9
-2.2
-2.0
-1.4
-2.3
-2.6
-1.5
-1.4
-0.8
-0.4
-0.4
-0.2
-0.4
0.0
-0.4
-0.9
-1.0
-1.3
-1.6
-1.6
-1.2
-0.7
-0.2
-0.2
-0.9
-1.4
-1.8
-0.9
0.0
-0.4
0.0
0.1
-0.8
0.0
-0.9
-0.3
-1.1
-0.7
-0.2
-0.7
-0.6
-1.2
-1.1
-0.7
0.2
0.5
0.3
0.2
0.0
0.6
1.0
0.4
1.2
2.3
1.4
1.8
0.4
0.5
0.7
0.0
-1.1
-0.8
-1.4
-1.2
-1.0
-1.3
-1.1
-0.4
0.0
0.5
-0.5
-0.9
-0.9
-0.8
-0.4
-0.6
-1.3
-1.1
-1.1
0.4
-0.1
-0.5
-0.9
-0.8
-0.7
-0.2
-1.4
-0.8
-1.1
-0.8
-1.1
-1.9
-1.6
-1.4
-1.9
-1.8
-1.4
-1.0
-0.9
-1.8
-2.0
-2.3
-2.2
-2.0
-2.0
-1.2
-2.2
-1.9
-2.4
-2.1
-1.6
-1.3
-2.7
-1.8
-2.5
-2.3
-1.6
-2.9
-2.4
-2.7
-2.2
-2.9
-3.9
-4.3
-3.7
-2.7
-2.1
-2.6
-2.1
-2.6
-2.8
-1.9
-0.8
-0.6
-1.3
-0.9
-2.2
-1.8
-1.5
-0.5
-1.2
-1.2
-2.4
-1.5
-1.0
-1.0
-1.0
-2.3
-3.7
-2.0
-1.7
-0.2
0.5
0.4
1.0
2.1
1.5
2.2
1.7
2.3
3.9
4.0
3.2
3.0
2.3
3.4
3.9
3.4
2.6
2.3
2.5
1.6
1.6
1.7
1.8
2.2
1.3
1.3
0.3
0.1
0.8
2.5
1.7
0.9
0.0
0.0
0.4
0.5
1.8
1.4
0.6
0.0
-1.0
-0.3
0.0
0.4
1.4
1.5
1.8
2.1
1.8
1.8
0.9
0.4
-0.5
0.0
-0.5
-0.5
-0.9
-1.1
-1.0
-2.3
-3.2
-2.5
-1.5
-2.0
-1.3
-0.8
-0.3
-1.0
-1.3
-2.0
-1.1
-1.1
-1.4
-1.9
-1.3
-2.1
-2.0
-2.7
-2.2
-2.5
-3.2
-3.7
-3.5
-1.5
-1.3
-1.7
-2.9
-2.9
-1.9
-0.8
-1.1
-2.7
-2.8
-2.4
-2.6
-2.0
-1.7
-1.6
-2.3
-3.0
-2.6
-2.1
-2.7
-2.1
-2.1
-1.1
-2.0
-1.2
-1.1
-1.7
-1.5
-1.3
-1.1
-0.4
-1.3
-0.8
-1.3
-1.7
-2.7
-2.0
-1.0
-0.5
-0.6
-1.2
-0.8
-0.2
-1.1
-1.5
0.1
-0.3
-0.3
-1.0
-1.1
-0.8
-2.1
-1.7
-1.8
-1.1
-0.6
-1.6
-2.1
-2.7
-3.2
-1.4
-0.4
-0.5
-2.1
-2.0
-1.9
-1.5
-1.2
-1.9
-1.9
-1.3
-1.1
-0.8
-1.1
-1.9
-1.7
-1.6
-1.5
-1.1
-1.4
-0.3
-1.1
-1.1
-1.6
-1.6
-0.7
-0.5
0.0
-1.2
-2.6
-2.8
-1.5
-1.0
-0.8
-1.4
-1.0
-1.0
-0.8
-0.2
0.0
0.6
-1.1
-1.1
-1.2
0.7
0.0
0.2
0.4
0.3
0.1
-0.3
-0.7
-0.3
0.1
0.4
0.8
-0.4
-0.9
-0.6
0.8
1.2
-0.3
-0.8
-0.3
0.4
1.6
0.1
-0.9
-1.6
-1.0
0.1
0.0
-0.3
-0.4
-0.8
-1.1
-1.2
-2.8
-2.0
-0.6
0.3
-0.5
-1.7
-2.0
-1.5
-0.3
-0.8
1.1
1.3
1.3
-0.5
-0.6
0.0
-0.3
-1.1
-2.0
-2.3
-1.2
0.6
1.0
0.1
-1.5
-2.1
-1.7
-0.2
-0.3
-0.8
-1.0
-1.2
-0.3
0.7
-0.6
-1.2
-1.9
-1.5
-1.3
-0.9
-0.5
-1.3
-1.5
-0.4
0.1
-0.1
-1.4
-2.2
-1.7
-1.1
-0.6
-1.1
-1.6
-2.2
-1.9
-0.8
0.7
0.0
-0.1
-1.8
-1.7
-1.0
-0.2
-0.1
-0.6
-0.3
-0.4
-1.2
-1.1
-2.2
-1.4
-1.1
-1.1
-0.2
0.3
0.8
0.6
1.1
1.1
0.0
0.0
-0.9
-0.2
-0.9
-1.5
-1.9
-1.0
0.6
1.9
1.3
1.1
0.8
0.8
0.3
1.4
0.8
1.4
0.3
-0.2
-0.7
-1.1
-1.4
0.0
-0.1
1.9
1.6
1.6
0.4
-1.1
-1.9
-2.6
-2.4
-1.9
-1.8
-0.1
-0.8
-0.2
-2.5
-2.2
-1.8
-1.6
-0.6
-0.4
0.2
-0.8
-1.7
-1.1
-0.6
-0.5
-1.4
-1.5
-1.4
-0.2
-0.9
-2.2
-2.8
-2.0
-0.5
-0.4
-0.4
1.0
1.7
1.5
1.0
1.1
0.9
0.9
1.5
1.3
0.9
1.3
2.4
4.2
3.7
4.7
6.1
5.9
4.8
3.9
4.2
5.9
6.9
5.0
4.3
2.8
3.2
3.4
2.7
2.8
2.3
2.0
2.3
1.8
2.5
1.9
2.0
2.7
2.9
2.5
2.5
2.8
1.6
0.6
0.9
1.3
2.0
0.3
0.3
0.2
0.3
0.2
-0.1
0.2
-0.3
0.4
0.4
-0.2
1.2
1.8
0.4
-0.3
-2.0
-2.6
-1.4
-2.2
0.0
0.7
-0.1
-0.3
-1.9
-1.5
-1.7
-1.5
-0.9
-0.8
-0.1
0.1
-0.2
-0.4
-0.3
-0.3
0.4
0.5
0.9
1.4
1.2
0.9
1.4
1.2
0.0
-0.3
-0.8
-0.8
0.2
-0.1
0.0
0.2
-1.1
-0.4
-1.2
-1.1
-1.2
-1.4
-0.3
-0.1
-0.3
-0.5
-2.0
-1.3
0.6
-0.1
-0.8
-2.0
-1.8
-1.1
0.8
-1.4
-1.2
-2.8
-1.7
-0.5
-0.2
-1.7
-2.5
-3.0
-2.6
-1.5
-1.7
-2.2
-3.6
-2.0
-1.2
0.0
-0.3
-0.8
-1.1
-1.1
-0.7
-0.9
-1.7
-1.1
-0.9
-0.6
-0.5
0.8
1.0
0.1
0.2
0.5
1.0
-0.1
-1.7
-1.6
-0.6
-0.2
0.7
0.0
-0.7
-1.8
-1.9
-1.5
-0.6
-0.3
-0.8
-0.9
-1.3
-0.4
1.0
0.3
-0.6
-1.8
-0.7
-1.4
-0.7
-0.6
-1.7
-0.6
-1.1
-1.4
-1.9
-0.7
-0.1
0.4
-0.8
-0.7
-0.8
-0.5
-1.2
-1.4
-2.4
-3.1
-1.6
-0.4
-1.5
-1.2
-1.2
-0.2
0.0
-0.2
-0.7
-0.7
-2.0
-1.7
-0.7
-0.1
-0.2
-0.2
-2.2
-2.4
-1.9
-0.6
1.2
0.2
-0.2
-0.8
-1.2
-1.6
-2.1
-1.7
-2.8
-2.3
-1.9
-2.0
-1.3
-1.3
0.0
0.9
0.6
-0.1
-1.3
-0.9
-0.5
-1.7
-2.3
-2.1
-0.4
-0.3
-0.9
-1.6
-2.1
-3.5
-4.2
-3.0
-2.7
-1.2
-1.5
-1.3
-0.7
-1.7
-2.8
-2.7
-4.4
-4.1
-3.6
-2.0
-1.8
-0.6
-0.8
-1.4
-2.3
-2.4
-1.3
-0.1
-0.6
-0.6
-1.5
-1.4
-1.9
-1.4
-0.5
-0.3
-0.2
-1.1
-2.0
-3.1
-3.1
-2.4
-2.2
-1.3
-2.2
-2.7
-3.0
-2.8
-2.4
-1.7
-1.9
-1.8
-1.9
-1.8
-1.7
-2.4
-4.0
-3.3
-2.4
-1.3
-0.7
-1.8
-3.2
-3.4
-4.0
-2.1
-1.0
-0.4
-1.5
-2.3
-4.0
-3.1
-2.8
-1.7
-1.9
-2.3
-2.4
-2.1
-1.4
-1.1
-0.6
-1.3
-1.5
-1.5
-0.8
0.5
0.6
-0.9
-1.6
-2.3
-1.8
-0.5
-0.7
-1.2
-3.0
-3.7
-3.3
-1.2
0.0
0.8
0.5
0.0
-1.1
-1.4
-1.0
1.4
3.1
5.1
3.6
3.2
2.2
3.1
5.0
6.7
6.9
5.8
3.7
2.2
1.2
2.2
4.4
4.9
6.4
5.0
3.2
2.8
1.7
2.2
1.5
1.5
1.2
1.5
0.8
0.3
0.7
1.9
2.0
0.7
-1.4
-2.7
-1.3
0.3
1.0
0.5
-0.4
1.1
2.0
2.2
0.8
-1.2
-0.4
0.9
2.2
2.2
1.3
0.0
-0.9
-2.2
-2.1
-1.3
0.1
-0.2
-1.8
-1.8
-1.8
-1.5
-1.4
-1.0
-2.2
-1.8
-0.7
-0.1
-0.1
0.2
-2.0
-1.3
-1.6
-1.2
-0.1
-0.3
-0.8
0.2
0.3
0.2
-1.7
-1.7
-2.6
-3.2
-3.4
-4.0
-3.8
-1.8
-1.8
-0.8
-1.4
-1.8
-2.7
-2.7
-3.2
-2.8
-2.0
-2.1
-2.0
-2.2
-1.9
-2.0
-2.4
-2.6
-2.2
-0.3
-0.6
-0.8
-2.1
-1.9
-1.3
-1.4
-1.5
-1.1
-1.1
-1.4
-2.0
-3.2
-1.2
0.0
0.7
0.7
-0.2
0.1
-0.9
-1.4
-0.6
-0.8
-0.3
-0.3
-1.3
-1.7
-1.7
-2.1
-0.9
-0.5
-0.6
-0.3
-1.0
-0.8
-0.9
-1.2
-1.5
-0.7
-0.9
-1.2
-1.3
-2.4
-2.0
-2.2
-3.1
-3.4
-2.7
-1.1
-0.4
-0.7
-1.2
-0.3
0.0
0.4
-0.3
-0.9
-0.6
-0.7
-1.1
-1.1
-1.5
-1.7
-1.0
-1.5
-0.8
-0.3
-1.4
-1.1
-1.6
-0.4
0.0
-0.4
-1.1
-0.2
-1.1
-1.5
-1.1
-0.8
0.0
-0.4
-0.1
0.3
0.6
0.1
0.7
-0.4
-1.5
-2.0
-1.3
-1.2
-0.9
-1.1
-1.3
-1.5
-2.4
-1.2
-1.1
-1.2
-1.0
-0.3
-0.1
-0.3
0.7
-0.5
0.2
0.0
0.3
1.1
0.5
-1.1
-0.8
-1.1
-0.9
-0.3
0.4
-0.3
0.3
0.0
-0.1
0.1
-0.7
-0.5
-0.6
-1.2
-2.1
-0.5
-0.3
0.1
0.0
0.1
0.2
0.9
0.3
0.5
0.6
0.4
-0.2
-0.3
-1.3
-0.6
-0.3
1.5
0.5
0.0
-0.8
-0.2
-0.6
-0.2
-0.3
-1.3
-1.1
-2.1
-1.5
-0.7
0.3
0.8
0.8
-0.1
-0.4
-0.3
-0.9
-1.2
-1.7
-1.2
-0.1
0.5
0.5
0.1
0.0
1.1
0.9
0.5
-0.3
0.8
0.5
0.1
-0.2
0.2
1.7
1.2
0.7
0.4
0.1
1.0
-0.8
-0.7
-1.7
-1.1
-1.1
-1.6
-0.3
-0.2
1.2
0.6
-0.2
-1.5
-2.0
-2.3
-1.6
-1.0
-0.6
-1.4
-1.1
-1.0
0.0
-1.0
-2.2
-1.1
-0.9
-0.2
0.7
0.1
0.0
-1.0
-1.3
-1.3
0.4
0.0
0.3
0.0
0.4
0.4
-0.1
-0.5
-0.1
0.0
0.0
-1.2
0.3
-0.4
0.0
-0.3
0.8
-0.1
-0.6
-0.8
0.4
0.6
-0.4
-1.3
-1.2
-1.0
-1.4
-0.9
-0.8
-0.3
-1.2
-1.0
-0.4
-0.1
-0.6
-0.7
-1.1
-0.4
-1.0
-1.3
-1.5
-0.6
-1.3
-0.8
0.2
0.0
-0.9
-1.1
-1.2
-0.1
-0.6
-0.5
-0.7
-0.2
-0.8
-0.5
-0.5
0.0
-0.2
-1.1
-1.3
-1.5
-0.5
-0.4
-0.1
0.0
-0.3
-0.6
-1.0
-0.7
-0.4
0.2
-0.1
-0.2
-0.2
0.9
2.1
3.2
4.5
4.6
4.7
4.3
4.6
4.8
4.0
4.1
4.2
4.1
2.7
3.6
3.9
2.9
2.6
1.6
2.5
1.0
1.4
1.1
0.8
1.4
0.5
1.6
1.7
2.2
1.1
-0.5
-1.1
0.6
0.9
1.1
-0.4
-0.3
-0.2
0.6
0.2
0.5
0.9
0.2
0.2
0.0
-0.4
0.0
-0.4
-0.8
-0.7
-1.6
-1.2
-1.3
-0.5
-0.3
0.9
2.0
1.4
0.8
1.1
0.9
0.9
0.1
-0.8
-0.5
-1.3
0.0
-0.3
0.4
0.6
0.7
0.0
-0.2
-0.5
0.3
-0.2
-1.8
-1.1
0.0
1.5
1.2
1.1
0.7
0.0
-0.3
-0.5
-0.3
0.4
0.3
-0.4
-0.8
-1.5
-1.2
-0.5
-0.2
-1.0
-0.9
-1.7
-1.5
-1.2
-0.9
0.1
-1.3
-1.7
-2.2
-1.6
-1.1
0.0
-0.5
-1.3
-2.0
-2.5
-1.2
-0.3
0.0
0.3
-0.6
-1.2
-1.3
-1.2
-0.5
0.0
-0.4
-0.8
-2.5
-2.2
-1.6
0.1
-0.2
-0.2
-0.3
-1.9
-1.2
-0.9
-0.7
-0.9
-0.9
-0.4
0.2
0.6
0.4
-0.1
-0.4
-1.4
-0.8
0.2
0.2
0.0
-0.2
-1.0
-0.8
-0.7
-0.8
-1.0
-0.8
-0.8
-1.0
-1.7
-1.9
-1.2
-1.0
-0.5
-0.5
-0.2
-0.3
0.2
1.0
-0.2
-1.9
-2.4
-2.3
-0.3
0.5
1.3
1.1
-0.5
-1.8
-2.7
-2.8
-1.9
-2.4
-3.1
-2.0
-1.7
-0.4
0.2
0.5
-0.3
-1.2
-2.1
-1.4
0.5
1.0
1.2
0.5
-0.7
-1.2
-0.7
0.4
1.2
0.5
0.4
0.5
0.4
0.3
0.2
0.1
0.2
-0.1
0.0
0.0
-0.4
-0.8
-0.9
-0.7
-1.5
-0.3
1.2
1.4
0.1
-1.3
-1.6
-0.7
-0.7
-0.9
-0.5
0.2
1.0
1.6
-0.2
-1.3
-1.5
-1.8
-1.3
-1.4
-0.8
-0.7
-0.1
-0.3
0.1
0.3
-0.3
-0.2
-0.8
-1.3
-1.5
-2.4
-2.2
-1.4
-0.9
-0.4
-0.5
0.3
-0.5
-1.2
-1.6
-1.3
-1.6
-1.6
-1.6
-1.4
-1.6
-1.2
0.8
2.3
3.0
2.7
2.5
4.0
4.5
4.3
4.0
3.0
2.8
2.3
2.4
2.3
3.0
3.2
3.7
3.4
4.0
4.5
4.7
2.3
1.3
1.6
1.4
2.9
2.1
2.9
2.8
1.4
0.9
0.6
1.0
0.8
0.7
1.0
0.8
0.0
-0.4
0.0
0.9
0.8
1.2
0.5
0.6
0.4
-0.2
-0.6
-0.9
-1.4
-0.2
-0.3
0.2
-0.9
0.0
-0.8
-0.7
-1.2
-0.8
-0.1
0.2
-1.6
-1.6
-1.1
-1.0
0.2
0.3
0.1
0.0
-1.0
-1.5
-0.8
-0.3
0.4
1.0
1.1
0.0
-0.8
-1.6
-2.2
-1.6
-1.2
-1.1
-1.1
-2.0
-2.0
-1.8
-1.0
-0.1
-1.1
-1.4
-1.6
-0.7
0.0
-0.4
-0.1
-0.9
-1.3
-2.0
-2.7
-3.5
-2.4
-2.4
-2.0
-2.6
-1.9
-0.5
0.5
0.4
-0.9
-1.9
-2.6
-3.8
-3.7
-4.3
-4.8
-5.0
-2.8
-2.4
-2.0
-2.2
-1.2
-1.1
-0.9
-1.7
-2.3
-1.9
-2.4
-1.7
-1.3
-0.2
-0.3
-0.6
-1.2
-1.6
-1.8
-2.8
-2.9
-1.6
-1.4
-2.0
-2.0
-0.9
-0.3
0.0
-0.4
-0.1
0.0
0.6
-0.3
-0.9
-1.2
-1.5
-1.3
0.0
-0.2
-1.2
-2.7
-2.3
-2.5
-1.7
-1.5
-0.3
-0.1
-0.2
-0.7
0.0
0.0
0.0
-0.6
-0.1
-0.2
-0.9
-2.0
-1.8
-1.0
0.0
0.1
-0.8
-0.9
-0.3
-1.1
-1.6
-2.0
-1.4
-1.0
0.0
-0.7
-0.8
-1.8
-2.0
-1.5
-1.8
-3.2
-3.8
-4.2
-3.2
-1.4
-0.4
-0.1
0.5
1.4
0.5
0.0
-0.9
-0.3
0.3
-0.7
-2.1
-1.8
-1.0
0.6
1.2
1.4
1.3
0.1
1.6
1.4
2.1
3.0
4.5
6.3
8.5
9.3
9.4
8.4
7.9
7.9
6.4
5.9
4.6
4.4
5.2
6.7
7.5
7.7
7.1
7.9
6.8
6.3
5.3
6.0
5.3
4.7
4.4
3.5
2.2
1.0
0.5
2.4
1.2
2.9
4.5
4.8
3.8
0.3
-1.4
-2.2
-1.4
-1.1
0.5
2.5
3.0
3.6
2.5
1.8
1.2
0.0
0.5
0.7
2.7
3.6
3.0
2.4
1.0
-0.2
-1.9
-1.8
-1.8
-1.8
-0.9
0.3
-0.1
-0.3
-1.6
-1.0
-1.3
-1.8
-1.9
-0.7
-1.1
-1.6
-1.5
-0.1
0.5
-0.1
0.6
0.1
-0.4
0.2
-0.1
-0.7
-1.5
-2.5
-1.9
-2.5
-2.6
-3.1
-2.6
-2.4
-0.5
0.2
1.1
0.9
0.9
1.0
2.2
2.8
3.2
2.5
1.6
1.9
3.0
2.0
1.9
1.6
2.3
1.9
1.9
1.7
1.2
0.9
0.2
0.0
0.1
0.2
-0.4
-0.1
-0.6
-1.3
-1.4
-0.9
-0.6
-0.2
-0.2
-0.4
-0.1
-0.2
-0.8
-1.4
-1.7
-1.1
0.5
-0.1
0.1
0.6
1.7
1.5
1.8
1.4
0.7
0.2
-0.2
0.5
1.6
1.8
0.6
1.0
0.6
0.8
0.5
-0.2
-0.7
-1.8
-1.2
-1.1
-0.4
-1.3
-1.3
-0.6
-0.1
-0.2
-0.8
-1.2
-2.0
-2.5
-2.3
-1.6
-0.7
0.0
0.4
-0.8
-1.2
-2.5
-2.1
-2.3
-2.4
-2.2
-2.7
-2.2
-1.4
-0.8
-1.5
-2.2
-2.2
-1.0
-0.6
-1.4
-1.3
-2.5
-2.3
-2.6
-2.6
-2.7
-2.8
-2.9
-1.9
-2.2
-2.1
-3.1
-3.4
-4.2
-4.1
-3.1
-3.5
-2.9
-2.8
-2.0
-2.2
-2.2
-2.1
-2.6
-3.2
-2.8
-2.7
-1.9
-1.2
-1.2
-1.0
-0.6
-1.1
-1.6
-2.2
-0.8
0.5
0.2
-0.3
-1.3
-0.8
-1.7
-2.2
-1.2
0.3
0.0
-0.5
-1.1
-0.8
-1.0
-0.8
-0.5
-0.2
0.3
1.0
0.9
0.1
-1.5
-1.6
-0.7
-1.2
-1.6
-1.9
-1.9
-0.2
-1.7
-0.9
-1.7
-1.3
-1.3
-2.0
-1.0
-0.8
0.2
0.7
0.0
-0.5
-0.4
-0.4
-1.0
-0.7
-0.8
-0.9
-0.4
-0.6
-0.8
0.1
-0.9
-1.5
-1.7
-1.8
-1.7
-1.8
-0.6
-0.3
-0.5
-0.7
-1.7
-1.8
-2.8
-2.2
-1.7
-0.7
-0.8
-0.8
-1.5
-2.5
-2.5
-3.6
-3.7
-3.1
-3.0
-3.1
-2.4
-1.6
-0.5
0.7
0.8
1.2
1.0
0.0
1.2
2.0
2.0
0.0
0.0
1.6
1.6
1.9
1.0
0.6
0.4
-0.2
1.1
1.4
0.8
-0.6
-1.0
-1.0
-0.3
1.1
1.5
1.6
0.0
-0.8
-0.7
-1.2
-1.5
-1.0
-0.3
0.8
0.2
-1.1
-2.0
-1.6
-0.7
-0.6
-0.8
-1.8
-2.3
-2.0
-1.8
-2.3
-2.4
-3.0
-3.6
-3.0
-3.2
-3.0
-3.6
-3.3
-3.3
-2.3
-0.7
-0.2
-0.7
0.0
-0.9
0.0
-1.1
-1.6
-1.3
-0.8
-0.8
-0.6
-0.7
-1.2
-1.0
-1.7
-0.8
-0.8
0.0
0.2
0.4
1.6
1.6
2.7
2.6
2.8
2.0
2.5
2.1
2.1
2.6
2.0
2.8
2.4
2.0
2.8
3.1
3.5
2.8
3.3
2.5
2.8
2.7
1.7
1.5
0.4
1.0
0.6
0.2
-0.5
-0.6
0.9
1.7
1.3
0.2
-1.1
-2.1
-2.2
-2.9
-2.9
-1.1
0.1
0.1
-0.3
-0.7
-0.6
-0.2
-0.1
-0.9
-0.4
-1.1
-1.0
-1.7
-1.9
-1.4
-0.7
-0.4
-0.5
-1.0
-0.5
-0.7
-1.1
-2.2
-2.8
-2.2
-0.9
-0.7
-1.0
-2.1
-1.2
-1.8
-2.6
-3.7
-3.2
-3.2
-1.4
-2.9
-3.1
-2.7
-2.6
-1.8
-2.3
-2.9
-2.5
-1.3
0.1
-0.4
-1.1
-2.6
-2.5
-2.1
-1.6
-1.0
-1.0
-0.2
0.1
-1.5
-2.3
-3.1
-3.0
-2.4
-2.6
-2.8
-2.0
-1.2
-0.9
-0.8
-0.1
-0.8
-1.0
-1.4
-0.2
1.1
0.5
-1.2
-0.2
0.0
-0.8
1.3
-1.1
-2.3
-3.1
-3.0
1.1
-0.1
0.6
0.8
-1.8
-0.9
-1.8
-0.1
0.4
-1.9
-0.3
-2.4
-0.7
-2.0
-0.6
0.0
-2.2
-3.0
-2.3
-2.4
-1.6
-1.9
-1.9
-0.9
-0.3
-0.2
1.0
-1.1
-0.9
-1.8
-0.4
-1.5
-2.2
-2.1
-2.3
-2.1
-2.8
-2.5
-2.4
-2.1
-0.8
-0.7
0.1
-2.4
-1.1
-2.3
-3.7
-4.0
-3.6
-1.3
-1.4
-1.5
-1.2
-1.6
0.1
-1.6
-2.6
-1.9
-2.2
-1.5
-1.9
-1.5
-1.1
-1.5
-3.5
-4.9
-3.9
-4.0
-2.3
-2.3
-4.8
-1.5
-4.2
-3.0
-3.1
-2.5
-2.2
-3.5
-2.8
-2.6
-3.1
-2.9
-5.2
-4.4
-4.5
-2.5
-2.3
-3.5
-3.9
-4.3
-2.6
-3.1
-2.5
-4.1
-5.1
-4.5
-3.5
-5.6
-5.5
-6.5
-7.1
-6.9
-5.6
-5.8
-5.4
-5.2
-3.7
-4.5
-5.7
-5.2
-5.0
-5.3
-7.3
-7.4
-5.7
-5.1
-5.5
-4.5
-4.3
-3.5
-4.0
-4.1
-3.7
-4.6
-4.9
-3.9
-4.4
-3.9
-3.6
-3.0
-2.0
-4.0
-4.6
-5.3
-5.1
-4.1
-4.1
-3.5
-2.6
-3.3
-3.0
-4.7
-4.1
-5.4
-5.5
-4.7
-3.5
-3.5
-2.7
-2.3
-2.9
-2.3
-4.3
-4.2
-3.8
-3.7
-3.5
-2.6
-2.7
-2.0
-2.7
-1.9
-3.2
-2.1
-2.5
-2.5
-3.1
-2.0
-2.0
-1.9
-3.6
-3.5
-2.3
-1.6
-3.8
-2.7
-2.6
-2.1
-1.7
-3.1
-2.0
-2.9
-2.4
-3.7
-4.0
-4.4
-5.2
-4.7
-3.7
-4.3
-3.5
-3.5
-4.4
-3.0
-2.5
-1.6
-2.2
-2.9
-4.2
-3.3
-2.7
-2.6
-2.0
-2.2
-2.3
-2.2
-2.5
-0.8
-2.1
-1.7
-2.5
-3.2
-4.4
-3.5
-2.6
-2.6
-3.2
-5.6
-6.1
-8.6
-11.1
-13.1
-13.8
-14.2
-15.3
-16.3
-17.8
-18.9
-19.3
-19.2
-18.4
-18.2
-18.6
-19.7
-19.8
-21.4
-22.4
-23.3
-23.9
-23.9
-25.0
-26.5
-27.6
-29.1
-29.3
-29.9
-31.0
-31.5
-32.4
-32.9
-34.0
-34.5
-35.0
-36.3
-37.4
-37.8
-38.8
-39.2
-39.7
-41.6
-40.9
-42.0
-43.0
-45.2
-45.8
-45.9
-44.5
-44.6
-46.8
-46.4
-50.1
-49.7
-50.9
-52.2
-53.2
-54.2
-54.4
-54.0
-55.9
-56.7
-57.7
-57.2
-57.3
-58.1
-60.0
-60.8
-61.0
-61.2
-62.5
-63.9
-65.0
-64.5
-63.2
-62.0
-62.7
-63.5
-64.0
-63.5
-62.4
-62.4
-62.8
-63.6
-64.4
-64.2
-61.8
-60.2
-59.9
-60.5
-61.5
-62.5
-63.2
-62.6
-61.5
-60.9
-61.2
-61.7
-61.7
-61.7
-61.5
-61.0
-59.5
-59.6
-59.7
-61.0
-60.7
-59.9
-59.9
-58.3
-57.4
-57.3
-57.7
-59.0
-58.7
-59.2
-58.3
-58.5
-57.0
-58.0
-56.8
-58.0
-56.8
-57.5
-56.4
-56.0
-56.2
-56.9
-58.0
-57.8
-55.8
-54.6
-54.2
-53.6
-54.5
-55.2
-56.6
-56.5
-55.4
-55.0
-55.9
-56.4
-56.9
-58.1
-57.1
-57.6
-55.9
-57.0
-56.6
-56.4
-55.1
-54.9
-55.1
-56.2
-57.4
-56.7
-54.5
-53.9
-52.7
-52.7
-51.1
-50.2
-50.5
-49.6
-49.8
-50.2
-49.9
-49.2
-48.3
-47.3
-47.1
-46.8
-47.2
-46.1
-46.9
-45.7
-46.7
-46.3
-46.5
-46.4
-45.3
-44.2
-44.7
-43.8
-45.1
-45.2
-46.1
-46.1
-45.1
-44.4
-43.4
-42.5
-41.4
-40.5
-39.2
-40.5
-41.5
-43.2
-43.6
-42.7
-42.8
-41.5
-41.5
-41.0
-40.0
-39.5
-38.9
-40.1
-40.8
-40.4
-40.4
-40.5
-40.5
-39.9
-38.4
-38.4
-38.6
-39.0
-39.1
-38.4
-37.5
-37.6
-38.4
-38.3
-39.5
-39.6
-39.6
-40.2
-40.5
-39.7
-40.5
-39.0
-38.9
-39.7
-39.5
-39.6
-38.8
-38.4
-38.0
-38.4
-39.2
-38.2
-36.9
-35.5
-34.2
-34.3
-35.0
-34.2
-34.9
-36.0
-36.5
-35.8
-35.5
-35.2
-35.0
-33.7
-33.5
-33.5
-35.1
-34.0
-34.7
-33.6
-32.6
-33.2
-32.6
-33.3
-31.9
-31.8
-32.7
-31.5
-31.9
-31.9
-32.7
-32.7
-31.4
-30.8
-31.1
-31.5
-31.6
-30.6
-30.2
-29.6
-30.1
-30.6
-31.0
-31.9
-31.5
-31.0
-29.7
-29.8
-30.6
-31.3
-31.3
-30.9
-31.4
-31.7
-30.8
-31.1
-31.6
-32.8
-31.8
-32.9
-32.7
-33.4
-33.2
-34.0
-33.5
-35.3
-35.3
-35.8
-36.0
-36.9
-35.9
-36.2
-36.6
-37.2
-38.1
-37.8
-37.9
-39.1
-39.8
-39.2
-39.6
-39.9
-39.8
-41.1
-39.2
-39.9
-39.5
-40.4
-40.0
-39.9
-39.3
-40.7
-40.6
-40.7
-41.8
-42.4
-44.1
-44.2
-44.0
-43.7
-43.4
-43.9
-45.0
-45.8
-46.2
-47.3
-47.7
-47.6
-47.7
-47.3
-48.2
-47.3
-47.3
-49.2
-49.0
-49.2
-47.2
-47.9
-49.6
-48.8
-46.6
-47.9
-46.3
-48.2
-49.3
-49.0
-46.2
-46.4
-49.7
-48.3
-49.0
-47.1
-47.4
-48.4
-47.4
-48.6
-49.7
-46.7
-46.2
-48.7
-50.2
-47.3
-46.0
-47.6
-49.7
-49.0
-50.2
-48.2
-47.9
-48.3
-51.1
-51.4
-49.5
-49.5
-50.4
-50.5
-49.5
-50.3
-50.3
-50.2
-47.8
-50.6
-49.6
-51.6
-51.4
-51.0
-50.7
-49.2
-50.4
-51.0
-52.3
-50.3
-52.9
-52.5
-53.0
-51.9
-52.1
-52.8
-53.4
-51.9
-53.4
-53.8
-52.9
-52.5
-52.2
-52.7
-53.6
-55.6
-56.4
-54.3
-54.7
-56.2
-56.5
-57.4
-56.6
-57.1
-57.9
-57.5
-57.0
-58.2
-59.8
-60.7
-61.4
-61.8
-61.0
-61.6
-61.3
-62.5
-62.5
-62.2
-62.2
-62.5
-62.7
-62.1
-61.8
-62.1
-63.0
-62.7
-63.3
-62.1
-62.4
-61.3
-62.6
-62.4
-63.3
-63.4
-62.7
-62.6
-61.9
-61.4
-61.2
-61.3
-61.8
-62.7
-63.4
-63.8
-63.9
-65.0
-63.8
-64.0
-63.6
-63.0
-62.8
-63.4
-63.9
-64.2
-63.5
-63.2
-62.8
-63.9
-62.8
-62.7
-62.6
-62.9
-63.3
-64.1
-64.0
-63.6
-62.6
-63.4
-64.1
-64.3
-63.6
-63.6
-64.0
-65.1
-65.8
-65.2
-65.0
-66.0
-67.4
-68.7
-70.1
-71.4
-71.9
-72.8
-72.7
-74.1
-74.7
-75.1
-76.4
-76.1
-75.0
-75.2
-75.0
-76.3
-75.6
-74.7
-74.3
-74.1
-74.4
-76.5
-76.9
-76.0
-74.9
-75.0
-75.2
-75.4
-74.9
-76.1
-76.3
-76.2
-76.2
-77.0
-76.8
-76.5
-75.8
-76.8
-76.6
-76.9
-76.8
-75.9
-77.4
-77.5
-77.5
-76.9
-75.3
-75.7
-75.8
-76.1
-76.8
-76.3
-76.2
-76.1
-76.7
-75.8
-75.7
-74.7
-73.8
-74.4
-75.5
-75.8
-76.5
-75.8
-76.1
-75.8
-75.0
-75.4
-75.7
-75.8
-76.0
-76.2
-77.0
-76.4
-76.7
-77.4
-77.4
-77.6
-75.6
-75.6
-75.1
-75.9
-76.3
-77.2
-77.0
-78.1
-78.1
-77.5
-77.1
-76.2
-75.2
-76.0
-75.8
-76.5
-76.3
-77.3
-77.6
-77.8
-77.6
-76.6
-76.9
-75.7
-75.3
-75.9
-75.8
-76.4
-76.1
-75.7
-76.3
-76.6
-75.8
-74.6
-74.2
-74.7
-74.8
-74.5
-74.9
-74.1
-74.9
-73.8
-74.0
-74.7
-74.4
-74.0
-74.0
-73.7
-74.4
-75.6
-75.4
-75.3
-75.5
-75.8
-75.6
-75.3
-74.3
-74.0
-74.7
-75.1
-74.8
-74.9
-74.6
-74.9
-75.1
-75.1
-74.5
-74.3
-74.6
-74.8
-73.9
-72.8
-72.9
-73.7
-74.2
-73.4
-73.6
-73.5
-74.2
-74.4
-73.9
-74.0
-74.0
-74.0
-73.9
-75.0
-75.2
-76.4
-75.3
-76.0
-75.8
-75.9
-75.6
-75.4
-74.8
-74.6
-75.4
-74.7
-75.1
-75.3
-75.6
-76.2
-76.4
-76.5
-76.6
-75.7
-76.4
-76.1
-76.3
-77.1
-77.4
-78.1
-77.4
-76.0
-76.7
-77.6
-78.1
-77.4
-78.5
-78.4
-79.2
-78.5
-77.8
-77.0
-77.0
-77.4
-77.8
-77.9
-78.1
-78.3
-79.1
-79.9
-79.6
-79.8
-80.5
-80.7
-81.1
-79.1
-79.7
-79.6
-79.9
-81.2
-81.1
-80.9
-81.4
-80.7
-81.2
-80.7
-81.9
-82.0
-81.9
-82.1
-81.8
-82.0
-82.2
-82.5
-82.8
-83.3
-82.1
-82.4
-82.9
-82.7
-84.4
-84.0
-84.6
-85.3
-85.5
-85.4
-85.5
-84.7
-85.1
-84.9
-85.3
-85.0
-84.6
-84.2
-84.3
-84.9
-85.2
-85.6
-86.3
-86.9
-87.1
-87.3
-87.0
-87.3
-86.9
-87.0
-87.1
-87.4
-88.4
-87.7
-87.7
-87.2
-88.0
-88.6
-88.7
-88.7
-89.0
-88.7
-89.0
-88.7
-89.1
-88.9
-89.0
-89.2
-88.5
-86.2
-85.5
-85.1
-85.1
-84.5
-83.7
-83.0
-82.7
-82.6
-83.3
-83.9
-84.6
-84.3
-83.4
-82.7
-82.8
-83.3
-84.8
-84.4
-84.4
-84.2
-84.2
-84.0
-84.5
-85.2
-85.7
-85.9
-85.8
-85.1
-85.0
-85.9
-86.3
-86.1
-85.4
-84.5
-86.0
-87.2
-87.7
-88.2
-87.4
-86.9
-87.1
-87.9
-88.4
-87.8
-87.7
-87.8
-88.5
-88.4
-88.1
-86.7
-86.5
-86.2
-87.0
-87.0
-87.1
-87.4
-87.3
-88.0
-87.7
-87.0
-86.6
-86.0
-86.2
-86.7
-87.1
-87.0
-86.7
-85.6
-85.4
-85.2
-85.7
-86.2
-86.4
-86.3
-86.5
-85.6
-85.6
-84.5
-84.1
-84.5
-85.1
-85.6
-85.7
-85.4
-86.0
-85.0
-84.4
-83.5
-84.3
-84.3
-84.3
-84.6
-85.0
-84.3
-84.2
-84.1
-84.4
-84.5
-83.9
-83.1
-82.9
-82.0
-82.3
-82.0
-82.7
-82.9
-83.2
-83.0
-82.1
-81.3
-81.2
-81.0
-80.6
-79.7
-79.9
-79.6
-79.7
-80.0
-79.5
-80.0
-78.9
-78.9
-78.1
-78.4
-77.9
-77.2
-76.6
-76.5
-77.2
-77.5
-77.6
-77.2
-77.5
-76.3
-75.9
-75.4
-74.9
-74.7
-74.6
-74.9
-74.9
-74.5
-75.2
-75.2
-75.2
-74.6
-75.1
-75.3
-75.6
-74.5
-74.2
-74.2
-74.0
-74.0
-73.9
-73.2
-73.2
-72.5
-72.0
-71.6
-70.7
-69.8
-69.0
-68.9
-67.7
-66.5
-65.6
-64.7
-64.5
-63.7
-62.7
-62.0
-61.6
-60.9
-61.4
-61.3
-61.4
-60.8
-60.9
-60.4
-61.0
-61.3
-61.6
-60.7
-60.8
-60.2
-61.0
-60.8
-60.6
-60.7
-61.2
-60.9
-60.4
-60.1
-59.9
-60.9
-59.8
-59.9
-59.3
-59.9
-59.6
-59.2
-59.6
-59.4
-59.8
-58.9
-58.3
-56.8
-56.5
-56.4
-57.8
-58.5
-58.1
-57.7
-57.0
-56.4
-56.2
-55.7
-56.0
-56.7
-57.1
-57.9
-57.2
-57.1
-56.2
-56.0
-55.5
-53.8
-54.3
-54.2
-54.5
-54.8
-55.0
-54.5
-54.1
-53.9
-54.8
-54.3
-54.6
-54.8
-55.2
-55.1
-54.4
-53.1
-53.2
-52.3
-52.2
-52.5
-52.4
-52.8
-53.2
-53.5
-51.9
-52.6
-52.7
-52.7
-53.3
-52.7
-52.2
-51.8
-51.8
-52.1
-52.2
-52.0
-51.0
-51.4
-50.9
-51.0
-50.2
-49.4
-49.4
-50.0
-50.4
-50.7
-50.1
-49.4
-49.5
-50.1
-49.9
-48.5
-47.1
-47.9
-49.0
-50.1
-49.0
-47.4
-48.5
-50.2
-52.1
-51.1
-49.2
-48.0
-47.1
-49.5
-52.3
-54.0
-52.7
-49.6
-47.2
-46.9
-48.2
-49.4
-50.1
-48.8
-46.8
-46.0
-44.6
-43.8
-44.9
-45.3
-45.8
-45.3
-45.9
-45.6
-46.5
-45.5
-45.2
-45.7
-45.0
-45.4
-46.4
-46.4
-46.0
-45.0
-45.3
-45.1
-44.6
-44.5
-44.1
-43.4
-42.5
-40.9
-40.4
-39.6
-39.4
-39.0
-38.5
-37.5
-37.0
-37.2
-36.4
-36.1
-35.5
-36.1
-36.7
-36.4
-37.5
-36.7
-37.7
-37.6
-38.0
-38.3
-38.5
-38.4
-38.0
-37.3
-37.6
-38.2
-39.1
-39.2
-38.8
-38.3
-38.7
-39.2
-40.2
-40.2
-40.7
-41.1
-40.9
-40.1
-37.9
-37.5
-37.8
-38.5
-40.5
-40.6
-41.0
-40.3
-39.5
-40.0
-39.3
-38.5
-38.7
-39.2
-40.6
-41.1
-40.2
-39.0
-37.3
-37.9
-36.9
-38.2
-38.1
-38.7
-38.3
-38.9
-38.0
-38.9
-38.3
-39.4
-37.7
-37.5
-36.6
-37.0
-37.0
-36.1
-38.9
-36.4
-37.5
-38.1
-37.6
-36.6
-35.8
-36.2
-36.1
-37.4
-36.7
-35.5
-34.3
-32.0
-33.4
-35.6
-36.0
-34.8
-34.1
-32.4
-32.7
-34.1
-35.0
-35.7
-34.4
-33.1
-30.9
-32.0
-32.2
-34.0
-34.2
-34.6
-34.0
-32.8
-32.7
-32.6
-32.0
-32.9
-32.9
-32.4
-31.9
-32.0
-34.3
-34.5
-33.5
-31.3
-31.2
-30.1
-31.6
-31.7
-31.3
-30.5
-29.1
-30.7
-30.9
-30.8
-30.2
-30.2
-29.8
-30.1
-30.8
-30.8
-30.7
-31.3
-30.6
-30.1
-29.7
-29.9
-30.8
-29.3
-29.4
-29.3
-30.2
-30.2
-27.6
-27.5
-27.1
-27.4
-28.4
-28.0
-28.9
-28.6
-28.3
-27.9
-26.9
-26.1
-25.3
-25.6
-26.0
-26.0
-25.5
-23.9
-23.8
-22.9
-22.9
-21.8
-21.0
-20.9
-20.3
-19.4
-17.4
-16.6
-17.6
-18.8
-19.5
-17.0
-17.4
-16.4
-17.9
-18.2
-18.2
-18.1
-17.7
-17.8
-18.6
-18.4
-19.2
-18.9
-18.9
-17.6
-18.2
-19.3
-21.1
-20.5
-19.4
-17.6
-17.2
-18.8
-22.6
-23.2
-20.2
-16.3
-14.6
-17.8
-20.2
-22.0
-21.4
-18.9
-16.1
-14.2
-16.2
-20.0
-20.5
-19.5
-16.5
-14.7
-13.6
-14.4
-16.2
-17.6
-17.9
-17.1
-16.3
-15.8
-14.8
-15.4
-16.5
-17.5
-17.4
