-1.3
-1.8
-1.5
-2.6
-2.5
-0.7
-1.8
-1.1
-1.5
-1.9
-2.2
-2.4
-0.9
-0.7
0.0
-1.7
-1.4
-1.2
-1.8
-1.3
-2.5
-0.8
-0.5
-0.2
-0.2
-0.1
-1.6
-0.7
-0.8
-0.5
-1.0
-1.0
-1.6
-1.4
-1.3
-0.2
-0.2
-0.2
-0.5
-0.6
-0.8
-1.8
-1.7
-1.7
-2.5
-1.6
-1.7
-1.9
-1.7
-1.9
-0.5
-1.4
-1.0
-2.0
-1.8
-2.7
-1.9
-2.4
-1.8
-2.4
-2.5
-2.4
-1.6
-2.8
-1.5
-1.8
-1.2
-1.9
-1.4
-0.9
-0.2
-0.6
-1.3
-1.1
-1.9
-1.3
-0.6
-0.8
-1.6
-2.3
-2.1
-1.0
-1.2
-2.2
-2.5
-2.3
-1.6
-1.5
-0.4
-0.9
-0.4
-0.5
-0.7
-0.6
-0.8
-1.8
-2.4
-2.2
-2.5
-1.3
-0.3
-0.3
-1.1
-0.4
-1.3
-0.9
-1.0
-2.5
-1.9
-0.8
-1.3
-0.3
-0.4
-0.6
-0.9
-1.2
-1.9
-1.5
-0.9
-2.4
-1.9
-1.2
-0.8
-0.9
-1.5
-1.4
-0.7
-2.1
-2.1
-2.6
-2.1
-2.0
-1.7
-1.5
-1.5
-1.7
-0.5
-0.8
-0.7
-0.4
-0.4
0.0
-0.6
-0.6
-0.9
-2.6
-2.1
-1.7
-2.4
-1.7
-2.2
-2.1
-2.0
-2.4
-2.5
-1.5
-2.0
-0.6
-0.5
-0.5
-1.3
-1.3
-1.9
-2.4
-1.9
-2.9
-0.8
-1.9
-1.7
-1.3
-2.9
-3.1
-3.3
-2.4
-1.2
-2.3
-2.1
-1.9
-1.0
-2.3
-2.1
-1.3
-1.7
-1.6
-1.9
-1.6
-1.3
-2.7
-2.4
-2.0
-1.8
-2.5
-1.9
-1.2
-1.9
-1.7
-2.3
-1.5
-1.6
-2.0
-1.9
-2.4
-2.4
-3.2
-2.9
-2.4
-2.2
-3.1
-2.8
-1.8
-2.8
-2.3
-2.1
-1.2
-1.2
-1.6
-2.0
-1.1
-2.6
-1.8
-3.0
-2.6
-2.1
-2.4
-1.6
-0.7
-0.4
-0.4
-1.5
-2.2
-1.5
-1.6
-1.8
-2.8
-2.9
-3.6
-1.6
-1.0
-1.8
-0.8
-1.2
-0.5
-1.4
-1.7
-1.3
-1.6
-0.7
-0.4
-0.3
-0.6
-0.2
-0.3
-0.7
-0.1
-0.8
-1.7
-1.3
-0.9
-1.0
-0.8
-1.4
-0.9
-1.0
-0.7
-1.3
-0.2
-2.3
-1.9
-2.6
-1.6
-2.7
-3.0
-2.6
-2.0
-1.9
-1.1
-1.2
-2.3
-1.5
-2.0
-2.4
-2.4
-2.2
-1.9
-2.8
-3.0
-4.1
-2.9
-3.5
-3.0
-1.9
-2.3
-1.4
-1.9
-3.0
-2.6
-2.9
-2.9
-2.9
-2.5
-0.6
-0.8
-1.1
-1.5
-1.6
-1.7
-3.0
-3.3
-4.8
-3.0
-2.7
-2.6
-1.1
-0.8
0.6
-0.6
-1.5
-1.9
-1.4
-2.5
-2.4
-1.9
-1.6
-0.9
-1.5
-1.8
-2.2
-3.8
-3.4
-2.7
-1.4
-1.3
-1.0
-1.1
-1.2
-1.2
-1.8
-2.1
-1.3
-1.7
-1.6
-2.5
-3.0
-2.7
-2.1
-2.4
-2.0
-1.9
-1.3
-1.7
-1.7
-2.2
-2.2
-3.1
-2.7
-1.9
-2.4
-1.7
-2.4
-2.0
-2.0
-3.3
-2.9
-1.9
-1.6
-0.9
-2.3
-1.8
-1.8
-2.3
-2.3
-1.9
-1.2
-0.9
-2.2
-1.3
-1.4
-1.9
-1.9
-1.7
-1.0
-1.6
-1.2
-2.1
-1.8
-0.6
-0.7
-0.7
-1.7
-1.6
-1.9
-2.0
-2.0
-2.0
-2.6
-2.5
-2.0
-1.3
-2.6
-2.6
-2.1
-1.9
-1.5
-2.0
-3.0
-2.3
-2.0
-1.3
-1.2
-1.2
-1.6
-1.7
-1.9
-2.5
-1.1
-1.7
-0.9
-1.2
-1.8
-1.3
-1.7
-1.9
-1.2
-1.6
-2.9
-1.7
-2.2
-1.4
-1.1
0.2
-0.3
0.1
-1.2
-1.4
-2.3
-2.4
-1.8
-1.2
-1.6
-1.6
-2.2
-2.6
-2.4
-2.3
-1.4
-2.3
-2.0
-1.8
-1.7
-1.2
-1.4
-1.9
-3.6
-3.5
-2.1
-2.1
-2.3
-2.3
-2.1
-1.3
-2.0
-2.4
-1.1
-3.0
-2.1
-2.7
-2.2
-1.6
-2.7
-2.0
-2.5
-2.0
-2.1
-2.0
-1.4
-1.1
-1.1
-0.9
-2.1
-2.1
-2.1
-2.7
-2.2
-1.9
-2.3
-2.2
-1.9
-1.8
-0.8
-1.3
-2.0
-2.1
-1.9
-1.8
-1.7
-1.4
-1.7
-2.2
-2.0
-1.7
-1.7
-1.3
-2.2
-2.2
-2.1
-2.4
-2.0
-1.8
-2.0
-2.0
-1.7
-1.5
-1.5
-1.6
-2.0
-2.4
-2.5
-2.1
-3.0
-2.5
-2.5
-2.0
-2.1
-1.8
-2.3
-2.1
-2.4
-1.6
-1.6
-0.4
-0.8
-1.9
-2.1
-3.0
-1.9
-1.0
-1.1
-2.3
-2.4
-2.3
-0.6
-1.6
-1.6
-2.5
-2.0
-2.3
-1.6
-1.6
-1.3
-1.1
-1.2
-1.2
-0.7
-1.7
-2.0
-1.3
-1.1
-0.5
-1.7
-1.4
-2.3
-1.6
-1.7
-0.8
-0.8
-1.5
-2.0
-1.6
-0.8
-0.3
-1.2
-1.0
-1.8
-1.2
-0.6
-1.6
-1.0
-1.0
-1.3
-1.1
-1.4
-1.3
-1.9
-1.9
-2.4
-1.1
-2.4
-1.8
-1.6
-2.0
-2.2
-2.9
-0.5
-1.8
-2.0
-3.4
-2.2
-1.7
-1.8
-2.4
-1.3
-1.4
-1.7
-2.1
-1.5
-2.5
-1.8
-0.2
-0.3
-0.3
-1.6
-2.2
-1.1
-1.5
-1.7
-2.4
-2.6
-1.5
-0.9
-0.9
-0.8
-1.4
0.0
-0.4
-1.3
-0.8
-1.0
-1.5
-2.6
-2.3
-1.2
-0.4
-0.9
-1.0
-0.5
-0.8
-1.4
-1.2
-0.8
-0.6
-1.0
-0.8
0.3
-0.4
-0.2
0.3
-0.4
-1.8
-3.0
-3.3
-1.5
-2.2
-0.5
0.3
0.8
1.0
0.3
0.2
-0.1
-0.7
-1.7
-2.1
-2.4
-1.3
-2.7
-2.7
-3.1
-1.0
-0.9
-1.5
-2.2
-1.9
-1.8
-0.7
-0.8
-0.8
-1.7
-1.9
-1.5
-1.5
-2.4
-3.8
-3.4
-3.5
-2.0
-1.8
-1.8
-1.4
-1.0
-0.8
-1.1
-1.8
-1.1
-0.1
-0.2
-1.3
-0.8
-1.8
-1.5
-1.7
-2.2
-1.7
-1.2
-1.1
-1.8
-2.9
-2.9
-2.6
-2.5
-3.4
-4.2
-2.3
-2.2
-2.5
-1.3
-2.2
-1.4
-1.4
-2.1
-1.3
-1.5
-1.3
-1.7
-1.2
-1.0
-2.6
-2.0
-1.1
-0.8
-0.7
-2.2
-2.5
-1.5
-1.3
-1.8
-2.3
-1.9
-1.5
-1.0
-0.4
-1.2
-0.6
-0.8
-1.0
-0.6
-0.8
-0.7
-0.5
-0.6
-0.9
-1.3
-0.8
-0.7
-1.3
-2.2
-1.7
-0.5
-0.7
-1.0
-1.3
-0.9
-1.0
-1.5
-1.2
-1.8
-0.6
-2.1
-1.5
-1.8
-0.8
-1.0
-1.1
-1.0
-1.5
-1.3
-1.4
-2.9
-2.5
-1.7
-2.0
-2.3
-2.0
-2.5
-2.2
-2.0
-1.0
-0.8
-1.5
-2.4
-2.7
-2.9
-2.4
-2.1
-2.1
-2.2
-3.1
-2.5
-2.0
-1.5
-1.8
-1.7
-1.4
-0.3
-0.1
-0.2
-0.4
-1.3
-2.0
-2.2
-3.1
-2.1
-1.4
-1.5
-0.5
-1.6
-2.1
-1.4
-1.0
-0.6
-0.4
-0.3
-0.8
0.3
-1.2
-0.7
-1.5
-1.8
-1.6
-1.5
-1.7
-1.3
-2.5
-1.9
-1.7
-2.3
-1.4
-2.0
-1.2
-1.5
-1.5
-2.1
-2.4
-2.1
-2.4
-2.1
-3.9
-2.8
-2.1
-2.0
-1.7
-2.4
-2.4
-2.1
-2.8
-2.0
-2.4
-3.2
-3.7
-2.9
-2.9
-3.0
-3.7
-2.9
-2.3
-3.2
-2.5
-1.8
-1.8
-1.8
-2.7
-2.1
-2.0
-2.4
-2.1
-1.9
-1.9
-1.6
-1.2
-1.8
-1.4
-1.2
-0.7
-1.1
-1.5
-1.5
-2.2
-2.2
-1.4
-0.7
-1.4
-2.3
-2.7
-1.6
-1.8
-2.1
-1.9
-2.3
-2.0
-2.0
-1.7
-1.9
-2.2
-1.9
-1.9
-1.8
-2.1
-2.0
-1.8
-2.6
-2.3
-2.6
-2.9
-2.7
-2.2
-1.1
-1.6
-1.3
-1.0
-1.2
-0.7
-1.0
-0.8
-1.6
-1.5
-1.6
-1.7
-2.4
-1.2
-1.3
-0.6
-1.7
-1.4
-1.5
-3.0
-2.5
-3.6
-2.3
-2.4
-2.3
-1.4
-0.8
-1.4
-1.7
-0.5
-1.4
-1.3
-2.0
-2.4
-1.5
-0.2
-0.3
-1.3
-1.7
-1.9
-2.3
-2.1
-2.6
-1.0
-0.4
-1.1
-0.6
-0.7
-0.3
-0.7
-0.2
-0.7
-0.6
-0.9
-0.3
-0.6
-1.0
-1.8
-0.6
-1.5
-1.0
-0.1
-1.1
-1.5
-1.4
-1.0
-1.7
-0.4
-1.3
0.5
-0.6
-0.9
-1.5
-0.8
-1.6
-1.0
-0.9
-1.2
-1.9
-1.7
-0.6
-0.9
0.0
-1.7
-1.3
-2.2
-2.5
-2.3
-1.2
-0.6
-0.7
-0.8
-0.7
0.2
0.5
0.2
-0.8
-1.7
-1.4
-0.9
-1.8
-1.7
-1.3
-0.5
-0.4
-1.0
-0.9
-0.3
-0.6
0.2
-0.6
0.3
-0.6
-0.4
-0.5
-0.6
-1.2
-0.7
-0.4
0.2
-1.3
-1.4
-0.6
-0.5
-1.1
-1.2
-2.6
-0.4
-0.8
-0.9
-0.5
-0.6
-0.8
-0.7
-0.9
-0.6
0.2
-0.4
-1.3
-1.0
-1.2
-0.6
-1.1
-0.9
-1.0
-1.0
-2.6
-3.5
-2.9
-1.8
-1.7
-1.3
-1.6
-2.3
-2.0
-1.5
-2.3
-1.2
-2.7
-1.2
-1.3
-2.1
-1.8
-1.9
-1.8
-1.2
-2.0
-1.4
-0.8
-1.6
-1.9
-2.4
-2.8
-2.2
-3.3
-2.4
-2.1
-1.8
-1.6
-1.6
-2.3
-1.9
-2.1
-1.3
-2.1
-1.8
-0.8
-0.5
-1.2
-1.1
-1.4
-0.7
-1.7
-1.5
-0.2
-0.9
-1.3
-0.4
-1.0
-0.3
-1.0
-1.0
-0.8
-0.6
-2.4
-1.1
-1.8
-1.4
-1.0
-1.8
-1.7
-2.0
-2.4
-2.1
-1.1
0.0
-0.6
-1.4
-1.3
-0.9
-1.6
-2.0
-2.4
-1.9
-2.4
-1.6
-1.1
0.2
-0.8
-1.1
-1.3
-1.4
-0.4
-1.7
-0.9
-1.3
-0.9
-0.4
0.1
0.3
1.0
0.0
0.4
0.3
-0.1
0.4
0.0
-1.0
-0.4
-1.4
-1.4
-0.6
-0.5
-0.3
-0.4
-1.5
-0.7
-0.9
-1.0
0.3
0.0
0.0
-0.6
-0.8
-1.8
-1.3
-1.2
-0.1
-0.1
-0.4
-1.7
-1.5
-1.8
-0.6
-1.1
-1.3
-1.3
-1.1
-0.5
-0.5
-1.9
-2.6
-4.2
-2.8
-1.7
-0.9
-0.1
-1.1
-2.0
-4.2
-4.9
-5.1
-4.2
-2.5
-1.1
0.0
0.0
0.1
1.4
0.3
-1.2
-2.4
-3.5
-3.9
-3.8
-2.8
-2.7
-0.5
-1.1
-0.6
-1.6
-1.2
-2.0
-1.7
-2.8
-1.5
-1.5
-2.5
-2.4
-3.0
-1.8
-2.6
-2.4
-2.0
-1.4
-1.1
-1.3
-0.9
-0.7
-0.3
-1.1
-0.7
-1.5
-1.0
-1.6
-0.5
-0.9
-1.2
-1.0
-2.3
-1.5
-1.8
-0.5
-0.3
-0.6
-1.2
-0.8
-1.2
-1.4
-1.5
-2.6
-2.4
-2.3
-2.5
-1.3
-1.4
-0.5
-0.6
-1.3
-1.4
-1.7
-1.3
-1.7
-2.1
-2.4
-2.3
-2.2
-2.2
-1.8
-1.7
-0.9
-0.4
-1.4
-1.8
-2.0
-1.0
-1.5
-1.3
-0.8
-0.5
-0.3
-1.1
-1.4
-2.0
-1.3
-0.7
-0.5
-0.9
-2.7
-2.4
-1.1
-0.5
-0.9
-1.8
-2.0
-1.7
-0.9
-0.5
-1.3
-0.4
-1.8
-1.2
-0.1
0.0
-0.1
-0.6
-1.4
-1.3
-0.5
-0.6
-1.2
-0.8
-2.6
-2.3
-1.1
0.0
0.0
-0.9
-1.9
0.1
-0.6
-0.3
-0.8
-0.6
-1.1
-0.4
-0.1
-0.3
-0.7
-1.2
-0.7
-1.0
-0.2
-1.2
-0.7
-0.6
-1.0
-1.4
-0.4
-1.5
-1.1
-0.5
-0.8
-0.6
-0.8
-1.4
-0.8
-0.3
-1.3
-1.2
-1.7
-1.5
-0.6
-1.1
-0.9
-2.3
-2.1
-2.0
-1.4
-1.2
-1.4
-1.7
-1.8
-2.0
-1.7
-2.2
-1.8
-1.2
-0.8
-1.2
-1.2
-0.9
-0.9
-1.3
-1.0
-1.4
-0.2
-0.4
-1.2
-0.4
-1.2
-1.8
-2.1
-1.9
-1.1
-0.2
-0.9
-0.6
-0.7
-1.4
-1.7
-1.9
-1.0
-1.4
-0.6
-2.0
-1.2
-1.4
-1.1
-2.0
-1.6
-1.9
-2.7
-2.5
-2.9
-1.7
-1.1
-0.6
-0.8
-0.2
-1.1
-1.3
-1.3
-1.6
-1.3
-1.7
-2.2
-2.7
-1.1
-0.9
-1.0
-1.1
-2.3
-2.2
-1.7
-1.0
-1.1
-1.9
-1.6
-1.8
-1.3
-1.1
-1.8
-1.3
-1.4
-1.8
-0.8
-1.0
-0.7
-0.6
-0.9
-1.7
0.3
-1.0
-0.9
-2.0
-2.6
-1.4
-1.7
-2.2
-2.2
-1.9
-2.6
-2.7
-3.2
-2.4
-1.7
-1.8
-2.2
-1.8
-1.6
-1.8
-2.3
-2.2
-2.2
-2.2
-2.3
-1.8
-1.5
-1.3
-2.0
-2.3
-2.0
-2.6
-1.3
-1.4
-1.2
-1.5
-0.3
-0.5
-1.5
-2.3
-2.5
-1.8
-0.6
-1.2
-1.3
-1.2
-0.3
-0.1
-1.8
-2.3
-2.0
-1.3
-0.7
-0.6
-1.1
-0.5
-1.5
-2.0
-1.5
-2.3
-0.5
0.7
0.1
0.5
-0.2
-1.4
-0.9
-1.4
-0.7
-0.3
0.1
-0.2
0.2
1.2
0.0
0.6
-0.2
-0.3
-1.5
-1.5
-1.1
-0.4
0.2
-1.8
-0.7
-0.6
0.6
1.5
0.5
-0.6
-0.7
-0.5
-1.6
-0.5
-1.8
-0.5
-0.4
-0.3
-0.9
-0.2
-1.7
-1.0
-1.1
-1.3
-0.1
-0.6
-0.5
-1.3
-0.7
-1.5
-0.5
-1.7
-1.0
-1.0
-1.4
-1.0
-1.3
-1.6
-1.3
-1.7
-1.5
-1.3
-1.8
0.4
0.0
-0.1
-0.8
-1.1
-0.8
-1.3
-0.7
0.0
-0.5
-0.6
-2.1
-1.5
-1.8
-1.1
-0.2
-0.6
-0.3
-0.8
-0.6
-1.7
0.7
1.1
0.7
-0.2
-1.4
-0.3
-0.6
-1.0
-0.1
0.0
0.2
-0.8
-1.1
-0.4
0.7
1.6
1.4
0.2
-0.3
-0.3
0.1
1.2
0.6
0.3
1.0
0.3
0.4
-0.4
-0.1
-0.7
-0.6
0.4
0.2
0.8
0.0
-0.7
-1.2
-1.6
-1.1
0.3
0.0
-0.1
0.2
-0.9
-1.1
-1.8
-1.3
-0.3
-0.5
0.5
-0.4
-0.9
-1.3
-0.7
-0.2
-1.8
-2.1
-2.3
-2.0
-0.4
0.8
0.1
0.9
-0.7
-0.7
-0.6
-0.7
-0.7
-1.4
-1.7
-1.2
-1.2
-1.0
-0.5
0.0
-1.1
-0.5
-0.6
-0.3
0.2
-0.7
-0.6
-1.1
-0.5
-0.3
-1.5
-1.7
-1.3
0.3
1.0
0.1
-1.0
0.1
-0.6
0.0
0.0
-0.2
-0.6
-1.0
-1.8
-1.2
-1.7
-1.8
-1.6
-0.7
-1.2
-1.1
-0.3
-1.2
-1.5
-2.5
-2.1
-1.0
-0.9
-0.1
-0.1
0.4
-0.3
0.1
-0.1
-1.5
-1.6
-1.0
-0.6
-0.4
0.0
-0.6
-0.7
-1.5
-0.6
-0.4
-1.6
-1.5
-0.5
0.1
-0.2
-0.8
-0.6
-1.1
-1.1
-0.8
-0.6
-1.0
-0.2
-1.0
-1.2
-1.1
-1.6
-1.1
-1.2
-0.7
-0.5
-1.7
-2.0
-2.4
-2.4
-2.5
-3.0
-3.2
-2.7
-2.4
-1.8
-1.0
-1.7
-1.4
-1.2
-1.6
-2.2
-2.3
-2.0
-2.7
-2.0
-1.6
-1.9
-0.8
-1.7
-2.4
-1.1
-1.6
-1.6
-1.8
-1.4
-1.8
-0.2
-1.6
-0.5
-1.8
-1.0
-1.0
-1.1
-1.6
-2.4
-1.2
-0.9
-0.9
-1.0
-1.6
-1.0
-0.7
-1.1
-2.4
-1.6
-2.0
-0.5
-1.0
0.4
0.0
-0.5
0.0
-1.2
-0.9
-0.5
-0.7
0.1
-0.2
0.1
0.8
-1.3
-1.6
-0.8
-0.2
0.6
-0.1
1.3
0.6
0.6
0.0
-0.3
-0.3
-1.0
-1.2
-0.9
-0.4
-0.4
0.0
0.2
-0.6
-0.2
-0.5
-0.2
-0.5
-0.5
0.4
-0.2
0.3
-1.3
0.1
-1.5
-0.2
-0.8
-1.0
-0.1
-0.6
-0.8
-0.8
-1.6
-0.9
-0.9
-0.5
-1.0
0.6
-0.6
0.4
-0.4
0.6
0.2
-0.6
-1.2
-0.7
-1.2
-1.8
-2.2
-2.4
-1.0
0.0
1.0
1.1
0.6
-0.6
0.1
0.8
0.0
-1.1
-0.8
0.6
-1.2
0.2
-0.8
0.1
-0.1
-0.2
0.8
1.5
0.8
0.8
0.5
0.3
0.0
0.1
1.7
0.7
0.0
-0.2
-0.4
0.4
0.5
0.0
0.0
0.5
0.4
0.4
0.7
-0.7
-1.6
-2.2
-2.3
-1.2
-0.7
0.0
-1.0
-1.9
-2.2
-2.9
-2.0
-1.8
-1.4
-0.8
-0.4
-0.8
-0.5
-1.8
-0.5
-0.5
-0.5
-1.2
-2.1
-1.2
-1.1
-0.7
-0.3
-0.9
-0.9
-0.9
-0.2
-0.1
-0.1
0.0
-0.3
-1.6
-1.4
-1.8
-1.1
-0.4
-0.6
-1.3
-0.8
-1.3
-1.5
-1.4
-1.5
-1.4
-0.8
-0.4
-0.5
-0.8
-2.0
-1.9
-0.6
-0.8
-1.1
-1.5
-1.7
-1.3
-1.5
-1.5
-0.2
-1.7
-1.0
-1.2
-1.5
-1.8
-1.2
-1.0
-0.2
-0.5
-2.9
-2.6
-1.5
-0.4
-1.1
-2.2
-0.9
-0.9
-1.3
-2.2
-2.6
-0.5
-2.4
-2.0
-1.6
-1.8
-0.4
-0.7
0.1
-0.8
-1.5
-1.0
-1.3
-1.4
-2.4
-1.6
-0.7
-0.7
-1.2
0.0
-0.6
-0.4
-0.6
-1.3
-0.4
-1.4
-1.2
-0.9
-0.8
-0.4
-0.7
0.4
0.0
-0.8
-0.3
-0.1
-0.4
-1.8
-1.6
-1.9
-1.0
-1.9
-0.5
-0.1
0.2
0.4
-0.2
0.0
-0.5
-1.7
-2.0
-2.2
-2.5
-1.8
-1.1
-0.5
-0.4
-0.4
-1.3
-2.3
-1.8
-3.2
-2.4
-3.2
-2.6
-1.9
-0.7
0.9
0.7
0.1
0.0
-0.6
-0.7
-1.3
-2.2
-0.7
-3.0
-2.0
-1.0
-0.7
-0.2
0.0
-0.4
-0.3
-0.7
-1.6
-1.4
-1.1
-1.4
-0.6
-0.2
-0.7
-1.2
-0.4
-0.2
-0.2
-1.7
-2.4
-2.3
-3.7
-1.5
-1.2
0.3
0.4
-0.1
-0.8
-0.9
-0.9
0.1
-0.5
0.0
0.0
-0.1
0.6
-0.5
0.2
0.0
-1.3
-0.8
-1.3
-0.1
-0.5
-0.3
-0.6
-1.2
-1.5
-0.8
-1.1
-1.1
-0.2
0.4
0.6
-0.6
-0.6
-1.5
-0.5
-1.2
-1.2
-0.9
-1.8
-0.5
-1.3
-1.1
-1.8
-0.9
-1.7
-1.1
-1.0
-0.7
-1.1
-1.3
-0.8
-1.1
-0.3
-0.2
0.0
-0.5
-0.9
-0.6
-1.3
-1.7
-1.0
-0.7
0.0
-0.1
-0.4
-0.4
-1.2
-1.4
-2.1
-2.2
-1.6
-0.9
0.0
-0.8
0.0
-0.8
-0.1
-0.6
-0.8
-1.0
-1.7
-1.4
-0.7
0.7
0.4
0.2
-0.4
-0.7
-0.2
-0.2
-0.1
-0.7
-0.4
-0.9
-0.5
-1.1
-1.0
-0.3
0.3
0.9
0.7
0.0
0.0
0.1
1.0
0.8
0.8
0.2
-0.8
-0.6
-0.3
-0.4
-0.2
-0.5
-0.4
-1.3
-0.8
-0.5
-0.6
-0.3
-1.5
-2.0
-1.4
-0.9
-0.6
-0.1
-0.6
-0.5
0.0
-0.5
-0.5
-2.1
-2.5
-2.5
-1.4
-0.2
0.6
0.2
-0.6
-1.0
-0.7
-0.4
0.3
-0.3
-0.8
-1.3
-2.2
-1.7
0.1
0.6
0.9
0.0
-1.0
0.0
0.0
-0.8
-1.1
-1.3
-1.0
-0.5
-1.7
-0.8
-1.3
-1.8
-1.5
-1.7
-0.9
-1.0
-1.1
-1.5
-1.0
-1.3
-0.5
-1.7
-2.6
-2.6
-1.0
-0.7
-1.3
-0.6
-0.7
-0.5
-0.4
-1.1
-1.7
-1.3
-2.4
-2.2
-1.2
-1.8
-0.6
-1.4
-0.6
-0.7
-1.4
-2.6
-3.0
-1.6
-0.7
-0.2
-0.5
-1.6
-1.1
-1.6
-2.1
-1.6
-2.2
-0.9
-1.3
-0.8
0.3
-1.6
-1.0
-1.0
-0.4
0.3
-0.4
-0.8
-0.9
-1.5
-0.7
-1.6
-0.8
-0.7
0.4
0.1
0.3
-1.3
-1.3
-0.3
0.0
-0.5
-0.2
-0.9
-0.7
-0.4
-1.3
-0.2
0.4
0.1
0.3
0.8
-0.2
-0.8
-1.7
-1.8
-1.5
-0.6
-1.0
0.0
-0.6
-0.6
0.0
-0.7
-1.4
-2.5
-2.2
-2.3
-1.6
-1.1
-1.4
-2.1
-1.5
-1.4
0.0
-0.8
-1.1
-1.5
-1.5
-1.3
-0.6
-0.4
0.6
0.0
0.2
-0.8
-1.7
-2.8
-1.9
-2.2
-1.8
-0.6
-0.4
-0.3
0.0
0.0
-0.7
-1.7
-0.9
-1.4
-0.9
-0.9
-1.2
-0.3
-0.5
-0.7
-0.2
-0.8
-1.1
-1.1
-1.7
-1.3
-0.6
0.0
-0.2
-0.5
-1.2
-1.5
-1.9
-1.9
-1.8
-0.4
-0.1
-1.2
-0.8
-1.0
-0.9
-1.2
-1.6
-1.0
-1.3
-1.5
-1.3
-2.0
-1.3
-2.4
-1.3
-2.7
-2.5
-2.2
-1.9
-0.5
-1.5
-0.1
-0.9
-1.3
-1.1
-2.1
-3.3
-2.7
-2.8
-0.4
-2.1
-2.7
-1.9
-1.2
-2.2
-1.0
-1.9
-1.9
-1.8
-3.5
-1.9
-2.2
-1.6
-2.1
-1.9
-2.0
-2.5
-2.5
-1.5
-1.3
-1.1
-2.0
-3.3
-2.0
-1.2
-1.9
-2.1
-2.2
-1.5
-1.7
-2.5
-2.1
-2.4
-2.2
-2.4
-1.7
-2.0
-2.0
-2.9
-2.0
-1.5
-1.7
-0.3
-1.0
-1.6
-3.0
-4.0
-1.8
-1.3
-1.0
-1.3
-2.1
-1.4
-1.9
-1.5
-2.1
-1.2
-1.0
0.1
-1.0
-1.8
-2.0
-2.1
-2.1
-2.7
-1.8
-1.6
1.3
0.8
1.1
0.2
0.0
0.3
-1.1
-1.7
-2.3
-2.5
-1.9
-2.7
-1.3
-1.1
-0.1
-0.3
-1.0
-0.6
0.1
-0.4
-0.7
-0.6
-0.5
-0.2
-0.6
0.1
0.3
0.5
-0.8
-1.4
-2.0
-2.9
-3.9
-3.9
-2.1
-1.3
0.0
-0.6
-0.9
-0.1
-0.2
0.0
0.3
1.0
-1.1
-0.4
0.0
0.6
0.7
0.0
0.4
1.5
0.7
0.1
-0.7
-1.2
-0.2
-0.6
0.0
-0.6
0.1
1.7
0.6
0.5
-0.8
-1.0
-1.2
0.0
0.3
-0.1
0.0
0.3
0.1
0.0
0.3
0.3
0.1
-1.9
-2.2
-1.5
-1.3
-1.8
-0.9
-1.3
-0.4
-0.9
-0.5
-0.3
-0.3
-1.3
-1.0
-2.7
-2.7
-0.8
-1.0
1.3
1.5
0.1
0.3
0.3
-0.3
0.0
-0.5
-1.3
-0.9
-1.4
-0.5
-0.6
-0.4
-0.8
-0.9
-2.0
-2.5
-2.7
-1.8
-1.8
-1.9
-1.7
-1.3
-0.8
0.4
0.0
-0.6
0.4
-0.1
-0.5
-1.6
-2.6
-2.0
-3.1
-2.5
-2.1
-1.5
-0.9
-0.6
0.5
0.8
-0.2
-1.2
-1.0
-1.0
-1.4
-1.3
-0.4
-0.7
-0.3
-0.9
-1.9
-2.2
-2.9
-2.5
-1.2
0.8
0.5
0.5
1.0
-0.3
-0.8
-1.2
-1.7
-0.1
-1.2
0.2
0.5
0.5
0.4
0.0
0.8
0.7
0.3
0.1
0.0
-0.2
0.1
-0.2
-1.0
-1.6
-1.3
-0.4
0.5
-0.4
0.0
-0.9
-0.2
-0.8
-0.3
-0.3
0.6
0.3
1.0
1.2
1.9
2.2
0.7
-0.8
-2.1
-2.2
-3.2
-2.9
-1.8
-1.1
-0.2
0.2
-1.0
0.3
0.0
0.2
-0.2
-0.5
-0.7
-0.1
0.0
0.6
1.3
2.5
2.9
3.1
0.8
0.5
-0.4
-1.6
-0.7
-1.8
-0.3
0.1
0.6
0.6
-0.4
-1.4
-1.8
-1.4
-2.3
-1.3
-0.6
0.4
0.0
1.1
1.8
2.2
3.0
1.8
2.6
1.6
1.5
-0.1
0.0
-2.3
-1.5
-0.6
-0.7
0.0
0.4
0.3
0.2
0.4
-0.5
0.2
0.3
1.8
0.8
1.2
0.2
-0.8
-0.5
-1.1
-1.4
-0.6
-1.8
-1.9
-0.9
-2.4
-2.1
-1.8
-2.3
-1.0
-0.1
0.8
0.0
0.1
-0.2
0.0
0.0
-0.4
0.0
-1.5
-0.9
-2.0
-1.9
-2.4
-3.2
-1.3
-2.1
-1.5
-1.6
-1.7
-0.8
-1.7
-1.3
-0.7
0.0
0.4
1.7
0.9
0.6
0.5
1.3
-0.2
-0.3
0.0
-0.6
-0.4
-0.9
-1.5
-0.9
-2.0
-1.0
-1.4
-0.9
-1.4
-1.8
0.1
-0.4
0.3
0.0
-0.6
-0.2
-0.2
0.8
1.3
0.8
1.3
2.1
1.7
1.6
-0.3
0.5
0.3
-0.1
-0.9
-1.3
-2.8
-2.0
-0.7
0.4
-0.7
-0.4
-1.3
-0.3
0.2
0.1
1.1
1.1
0.3
-0.8
-0.3
0.3
0.5
0.5
0.4
0.3
2.2
0.8
-0.3
0.5
0.4
0.3
1.0
0.4
-0.8
-0.5
-2.2
-1.7
-1.9
-2.5
-3.4
-2.1
-1.7
-1.3
0.1
-1.1
-1.0
-1.0
-2.5
-1.5
-1.4
-3.5
-2.3
-0.9
-1.0
0.0
0.0
0.8
1.1
1.5
-0.6
-1.5
-2.5
-2.9
-1.9
-3.1
-3.7
-2.9
-2.2
-1.1
-0.4
-0.9
-1.2
-2.0
-1.3
-2.4
-2.1
-2.4
-2.6
-1.0
-1.8
-0.3
-0.5
-0.9
0.0
-1.7
-1.5
-2.8
-3.5
-3.7
-5.0
-5.6
-5.1
-2.8
-3.5
-2.9
-1.9
-1.3
0.0
-0.6
-1.1
0.2
0.0
0.6
-0.1
-0.8
-2.2
-1.2
-2.1
-2.0
-1.2
-1.4
-0.4
-1.0
-1.2
-1.0
-1.5
-1.3
-1.3
-1.4
-1.4
-2.9
-3.9
-3.9
-2.8
-3.4
-2.7
-1.6
-0.7
0.0
0.3
1.0
0.8
0.1
-0.7
-1.0
-2.1
-1.8
-0.8
-1.3
-1.6
-0.5
-0.4
-1.7
-1.9
-2.2
-1.4
-0.7
-1.2
-1.0
-1.5
-2.7
-2.2
-1.1
0.1
0.0
0.0
-0.8
-0.3
-0.9
0.0
0.0
-1.0
-0.6
-1.0
-1.1
-0.1
-1.3
-2.2
-2.5
-3.6
-2.4
-1.5
-1.4
-1.6
-2.5
-2.5
-2.0
-2.2
-2.6
-2.5
-2.2
-2.0
-2.0
-0.5
-0.7
0.1
-0.1
-0.1
0.0
-1.3
-2.1
-1.9
-2.9
-2.6
-3.1
-2.2
-2.3
-0.8
-1.2
-1.1
-1.7
-1.8
-1.5
-1.6
-1.9
-1.0
-1.1
-0.8
-1.8
-1.5
-0.8
-1.0
-0.7
-1.3
-0.8
-1.3
-1.7
-1.6
-1.2
-1.9
-2.1
-2.3
-2.7
-2.9
-2.5
-3.0
-2.5
-2.2
-2.7
-2.2
-1.1
-1.1
0.0
-0.4
-1.9
-2.1
-1.3
-1.9
-1.5
-2.9
-2.7
-1.1
0.0
-0.6
-1.5
-1.0
-0.6
-1.2
-2.8
-2.0
-0.9
-0.8
-1.7
-1.5
-1.4
-1.9
-0.8
0.0
-0.6
0.4
-0.8
-0.3
-1.2
-0.8
-1.0
-1.5
-2.0
-2.0
-1.0
0.0
0.4
1.3
0.3
0.2
-1.1
-0.4
-0.3
-0.8
-0.5
-1.4
-1.0
0.0
0.4
1.0
0.5
0.4
-0.3
-1.4
-1.1
-0.4
-1.2
-1.3
-1.3
-1.2
-1.6
-1.5
-1.4
-0.8
0.2
-0.4
-0.1
-0.8
-2.0
-1.9
-1.9
-1.9
-1.5
0.1
-0.5
-1.3
-1.7
-2.4
-2.1
-1.7
-0.5
-0.6
-1.5
-0.9
-1.2
-0.6
-1.1
-0.7
-0.5
-0.4
-0.8
-0.6
-0.2
-1.2
-1.4
-1.7
-1.0
-1.4
-2.0
-2.5
-1.5
-2.2
-2.1
-1.7
-0.1
-0.5
-0.9
-3.1
-2.4
-2.4
-1.9
-2.4
-2.5
-1.8
-1.9
-1.2
-1.3
-0.8
-1.3
-1.1
-1.4
-1.4
-1.6
-3.2
-3.6
-2.4
-1.7
-1.8
-0.3
-0.1
-0.6
-0.3
-1.2
-1.4
-0.8
-0.7
-1.0
-1.6
-0.9
-1.4
-0.7
-0.9
-1.0
-1.3
-1.4
-1.0
-1.0
-1.1
-1.9
-2.5
-1.9
-1.6
-2.3
-1.7
-1.5
-2.5
-1.3
-1.6
-0.8
-0.7
-1.2
-1.7
-1.5
-2.2
-2.0
-2.2
-1.0
-0.9
-0.6
-0.8
-1.2
-1.1
-2.3
-2.4
-3.2
-3.0
-2.7
-2.4
-1.6
-1.6
-1.0
-1.2
-1.2
-1.3
-1.8
-2.3
-2.0
-1.9
-2.6
-3.7
-3.2
-2.1
-2.0
-1.4
-2.0
-1.4
-2.5
-2.6
-2.4
-2.2
-1.4
-1.8
-1.2
-1.6
-2.9
-1.5
-1.9
-0.6
-1.9
-2.0
-3.3
-2.0
-2.7
-1.3
-1.2
-0.7
-1.1
-1.0
-1.6
-1.6
-3.2
-2.5
-1.7
-1.6
-1.7
-1.2
-0.5
-1.4
-1.7
-2.6
-1.2
-1.2
-1.4
-0.6
-0.8
-0.4
-1.0
-2.6
-1.9
-1.8
-1.7
-1.9
-1.8
-2.5
-1.7
-1.2
-1.7
-2.7
-1.8
-2.2
-1.4
-1.8
-1.0
-1.2
-0.9
-1.6
-2.1
-3.0
-3.4
-3.1
-2.0
-2.2
-1.4
-1.0
-0.6
-1.8
-1.4
-0.8
-1.2
-1.9
-2.4
-2.6
-2.7
-2.0
-3.4
-2.0
-3.1
-2.4
-1.9
-1.5
-1.3
-2.1
-2.2
-2.2
-1.8
-2.4
-2.3
-2.2
-2.4
-1.8
-1.0
-1.3
-1.5
-1.7
-1.8
-1.6
-2.3
-2.5
-2.4
-2.4
-2.6
-1.9
-2.3
-2.3
-2.0
-1.3
0.0
-0.3
-0.1
-1.1
-0.8
-1.0
-1.9
-3.0
-2.5
-2.1
-0.9
-1.4
-1.4
-2.5
-1.5
-2.5
-2.2
-2.3
-1.5
-1.4
-1.0
-1.9
-1.0
-0.8
-1.4
-1.2
-1.1
-0.6
-0.9
-1.6
-1.3
-0.8
-1.3
-2.4
-2.9
-2.2
-1.5
-0.9
-1.2
-0.9
-1.4
-0.3
-0.3
-0.4
-0.2
-0.8
-1.3
-1.5
-0.8
-1.7
-0.8
-1.3
-0.3
0.0
0.0
0.0
-0.7
-0.9
-0.7
-1.3
0.2
-1.0
-0.9
-1.8
-1.8
-1.7
-0.2
0.2
-0.1
0.0
-0.3
0.0
0.0
-0.7
-1.5
-0.8
-1.3
-0.6
-1.1
-1.3
-2.8
-3.4
-2.9
-2.2
-1.2
-1.7
-0.3
-0.9
-1.6
-1.9
-2.0
-1.2
-1.7
-3.3
-3.9
-4.7
-3.2
-2.8
-1.8
-1.5
-0.8
-1.7
-1.9
-1.7
-0.7
-1.0
-1.1
-1.9
-1.8
-0.8
-2.7
-2.6
-1.8
-1.9
-1.3
-2.3
-2.8
-2.7
-1.5
-1.8
-1.7
-3.1
-2.4
-2.2
-1.3
-1.6
-1.0
-2.6
-2.5
-2.8
-2.4
-2.2
-3.0
-1.9
-1.8
-2.0
-2.4
-2.6
-2.6
-1.7
-2.0
-2.2
-1.3
-1.9
-2.1
-2.8
-2.2
-1.8
-1.5
-2.3
-2.0
-1.3
-1.3
-1.0
-1.6
-1.2
-1.6
-1.8
-2.0
-1.7
-1.9
-2.4
-2.3
-1.0
-2.2
-1.7
-2.3
-2.3
-1.9
-2.8
-2.0
-2.0
-2.5
-2.8
-1.1
-0.7
-1.3
-1.4
-1.9
-1.9
-1.2
-1.6
-2.4
-2.3
-1.7
-2.4
-2.4
-2.5
-2.7
-2.4
-2.3
-2.0
-1.2
-1.1
-0.8
-0.9
-1.5
-1.7
-2.6
-2.2
-2.7
-2.0
-1.7
-1.6
-1.6
-1.1
-1.8
-2.0
-2.4
-2.2
-2.9
-2.2
-2.4
-1.6
-1.4
-1.8
-0.7
0.4
-0.2
-1.1
-2.7
-3.4
-1.6
-1.3
-1.3
-1.8
-1.2
-1.9
-1.4
-1.7
-1.2
-0.6
-1.3
-1.7
-3.3
-3.4
-2.9
-2.6
-1.8
-2.2
-2.7
-2.2
-1.9
-2.9
-2.5
-3.0
-2.9
-2.9
-3.4
-3.0
-2.1
-2.0
-2.7
-1.8
-2.9
-3.2
-3.6
-2.2
-1.9
-1.1
-1.6
-1.9
-2.2
-3.2
-3.5
-1.0
-2.3
-1.2
-2.5
-2.0
-2.5
-3.2
-2.4
-2.2
-3.0
-1.8
-3.1
-2.0
-2.8
-1.7
-1.6
-1.9
-1.6
-2.4
-2.6
-2.4
-1.6
-1.7
-0.9
-1.7
-1.8
-0.8
-1.1
-1.5
-1.6
-1.0
-2.6
-1.4
-2.1
-1.3
-0.9
-1.8
-2.2
-1.7
-1.7
-1.5
-1.6
-1.8
-1.7
0.0
-1.7
-1.0
-1.3
-0.9
0.8
0.3
-0.1
-1.5
-2.0
-1.5
-0.8
-1.1
-1.1
-1.7
-0.5
-1.0
-0.5
0.0
0.2
0.0
-0.9
-1.1
-1.1
-1.7
-2.1
-2.4
-2.0
-2.5
-1.8
-3.0
-2.2
-2.1
-2.8
-2.2
-2.6
-2.2
-3.0
-2.2
-2.9
-1.8
-3.0
-3.0
-2.7
-2.9
-2.5
-2.1
-3.3
-2.3
-3.7
-2.9
-2.3
-2.2
-1.2
-1.8
-2.2
-1.9
-2.5
-2.3
-3.4
-2.1
-2.9
-2.8
-2.3
-2.3
-0.9
-1.5
-2.4
-2.3
-2.4
-2.7
-1.6
-1.5
-2.3
-2.2
-1.3
-1.7
-1.9
-2.5
-2.7
-3.0
-4.0
-2.7
-1.9
-2.0
-2.4
-2.6
-2.3
-2.7
-3.4
-3.6
-3.5
-2.9
-2.5
-2.3
-2.6
-2.2
-2.6
-3.2
-3.6
-2.5
-3.5
-2.7
-3.5
-2.2
-2.3
-2.6
-2.0
-1.9
-1.7
-2.2
-3.6
-3.7
-3.7
-3.1
-3.4
-3.7
-3.4
-2.5
-0.7
-3.2
-2.0
-2.0
-2.3
-2.3
-3.9
-4.1
-2.0
-3.5
-2.2
-1.5
-2.7
-2.6
-1.9
-2.6
-1.3
-2.0
-2.0
-2.0
-2.9
-2.7
-2.7
-2.6
-2.5
-3.0
-2.5
-3.0
-2.5
-0.8
-0.9
-2.6
-3.7
-3.6
-2.5
-2.3
-2.6
-2.4
-1.6
-1.8
-2.7
-1.6
-2.7
-3.1
-3.6
-3.7
-3.6
-2.8
-1.7
-1.7
-1.0
-2.1
-2.1
-3.0
-2.0
-3.0
-2.7
-2.2
-2.3
-1.7
-1.9
-3.6
-2.9
-1.8
-2.1
-2.3
-3.0
-2.9
-2.4
-1.6
-3.1
-1.4
-1.9
-1.6
-2.1
-1.7
-1.2
-1.8
-2.1
-1.4
-0.5
-1.5
-2.7
-3.7
-3.5
-3.5
-3.4
-1.1
-1.3
-1.1
-1.4
0.0
-0.7
-0.6
-1.8
-3.2
-2.5
-3.1
-3.6
-3.7
-2.3
-1.6
-1.4
-2.1
-2.8
-2.6
-2.0
-1.6
-1.3
-1.2
-2.1
-2.0
-2.4
-2.1
-2.2
-2.6
-2.9
-1.7
-2.4
-2.1
-2.3
-1.8
-1.7
-2.7
-2.3
-0.7
-1.7
-1.7
-2.6
-2.1
-0.4
-1.1
-1.3
-1.3
-2.4
-0.5
-1.4
-1.2
-1.7
-1.4
-1.9
-1.5
-2.5
-1.8
-1.9
-1.7
-1.6
-1.6
-0.8
-0.5
-0.3
-1.0
-0.6
-1.4
-1.8
-2.3
-2.7
-2.5
-2.1
-1.7
-1.5
-1.4
-1.5
-1.0
-0.9
-0.8
-1.0
-1.4
-2.4
-1.1
-2.2
-1.8
-1.0
-1.4
-0.4
-1.1
-0.9
-1.3
-1.1
-2.1
-1.8
-0.2
-1.1
-1.9
-1.1
-1.3
-1.2
-1.9
-2.1
-1.9
-1.7
-0.8
-1.3
-1.3
-2.2
-1.9
-1.5
-1.2
-2.9
-2.1
-1.7
-1.4
-0.3
-1.6
-2.7
-1.6
-2.2
-1.2
-2.2
-2.5
-1.8
-1.2
-1.3
-1.1
-1.5
-0.9
-0.6
-0.5
-1.0
-1.8
-2.3
-1.2
-0.6
0.0
-1.5
-0.6
-0.5
-2.4
-1.7
-1.3
-0.8
-0.4
-0.8
-0.9
-0.9
-1.8
-1.8
-1.7
-2.6
-2.0
-1.4
-1.9
-2.3
-3.5
-2.2
-2.7
-2.8
-2.1
-2.2
-2.1
-2.1
-2.0
-1.6
-2.2
-2.1
-2.3
-2.5
-2.6
-2.3
-2.3
-2.0
-1.4
-1.0
-0.7
-0.3
-0.5
0.2
-1.9
-3.8
-4.0
-3.0
-3.5
-2.4
-1.4
-0.7
-0.7
-1.4
-2.4
-1.9
-2.4
-2.4
-1.9
-1.1
-2.4
-2.9
-3.6
-2.3
-2.1
-2.4
-3.2
-2.9
-1.9
-2.0
-2.3
-2.6
-2.2
-1.8
-1.7
-2.7
-2.8
-3.5
-1.9
-2.2
-0.5
-0.6
-0.8
-2.0
-2.5
-2.4
-2.5
-3.1
-2.7
-3.2
-1.5
-2.4
-1.4
-0.8
-1.3
-1.0
-1.6
-2.3
-1.9
-2.9
-2.6
-2.2
-2.3
-2.9
-2.1
-1.5
-1.3
-1.0
-2.0
-2.0
-1.5
-1.1
-1.7
-0.3
-1.6
-2.2
-1.8
-1.7
-1.3
-1.8
-1.0
-1.5
-0.8
0.5
-1.2
-0.9
-1.9
-2.6
-2.0
-1.1
-1.8
-1.8
-1.5
-1.3
-1.1
-1.0
-1.6
-0.8
-0.7
-1.1
-2.1
-2.2
-3.1
-2.5
-2.2
-1.6
-0.9
-1.1
-0.6
-1.5
-1.5
-2.1
-2.3
-2.1
-2.4
-0.9
-2.3
-1.9
-2.9
-2.4
-1.3
-2.4
-1.7
-1.5
-2.4
-2.2
-2.4
-1.9
-0.8
-1.5
-0.8
-1.0
-0.1
-1.7
-1.4
-1.0
-1.4
-1.2
-1.7
-1.0
-0.8
-0.5
-0.8
-1.0
-1.4
-2.2
-0.2
0.0
-0.4
-1.9
-2.3
-1.1
-0.7
-0.7
-1.8
-2.4
-2.3
-1.8
-1.9
-1.6
-1.6
-0.8
-1.6
-0.8
-0.2
-1.9
-1.9
-1.2
-1.4
-1.1
-1.2
-1.5
-0.6
-0.5
-1.3
-0.3
-0.4
-0.7
-0.9
-1.2
-1.6
-0.8
-0.8
0.6
-0.4
0.0
-1.5
-1.5
-1.8
-1.8
-1.7
-1.6
-1.1
-1.3
-1.0
-0.6
-0.1
-0.3
-0.5
-1.9
-2.0
-1.0
-1.3
-0.5
-1.4
-0.8
-0.9
-0.9
-0.7
-0.8
-0.7
-0.5
-0.9
-1.4
-0.9
-0.8
-0.4
0.6
-0.2
-0.2
-1.0
-0.8
-0.8
-1.4
-1.3
-0.2
-0.3
-0.2
-0.4
-0.5
-0.1
0.0
-0.8
0.7
-0.8
-0.8
-1.9
-1.8
-0.9
-0.1
-0.6
-1.3
-0.8
-0.9
-1.0
-0.2
-0.5
0.0
-0.9
-1.8
-1.6
-1.5
-0.7
0.7
0.8
0.5
0.3
-0.4
-1.8
0.5
0.2
1.7
1.1
0.1
0.0
-0.6
-0.6
0.0
-0.4
-0.3
-0.8
0.1
1.0
0.6
-0.3
-0.9
-1.2
-0.6
-0.6
-0.7
-0.8
0.4
-0.1
0.7
-0.6
-0.5
-0.7
-0.5
0.3
-0.8
-0.7
0.1
-0.5
0.1
-0.4
-0.3
-0.5
-0.5
-0.9
-2.2
-1.7
-0.7
0.5
0.0
-0.9
-0.4
0.8
0.6
0.2
-0.4
-1.5
-1.1
-1.3
-0.8
-1.5
-0.5
0.3
2.1
0.2
1.3
1.6
2.0
0.1
0.0
-0.6
0.5
1.4
0.2
0.3
-0.8
0.1
0.9
0.8
1.0
-0.6
-0.8
-0.2
-0.5
0.5
0.2
0.1
0.3
-0.6
-2.0
-1.5
-0.4
-0.7
-0.5
-0.8
-1.0
0.0
-1.4
-0.6
-0.7
-1.1
-0.9
-1.1
-0.5
-0.1
0.5
0.7
-1.6
-1.7
-2.2
-3.1
-3.1
-2.9
-1.3
1.7
1.1
1.5
-0.2
-2.1
-1.9
-2.0
-1.3
-1.2
-1.1
1.7
2.0
2.5
1.7
0.8
-0.6
-0.9
-1.8
-2.4
-3.5
-2.9
-1.2
-0.1
1.0
1.4
1.9
2.1
2.2
1.8
1.3
0.6
0.7
0.5
0.5
-0.3
0.8
-0.2
1.0
0.0
-0.2
1.2
1.0
0.9
1.3
0.9
0.3
2.2
0.6
0.8
-0.6
-0.5
0.0
1.7
0.7
0.6
-0.1
0.7
1.7
2.7
0.6
-0.2
0.3
0.1
0.5
0.1
0.0
-1.3
-0.1
-0.3
0.3
0.6
0.4
0.5
0.1
0.8
1.1
0.8
1.3
2.0
1.4
1.6
1.7
2.0
0.1
-0.7
-1.8
-0.9
-1.3
-1.9
-0.9
-1.2
0.4
0.5
0.6
0.8
1.1
0.6
-0.1
-0.4
0.8
0.5
0.2
-0.1
-0.5
0.1
-0.1
-0.6
-0.4
0.0
-0.6
0.1
1.2
-1.3
1.0
0.0
0.4
-0.6
0.3
1.3
1.7
-0.3
0.9
0.4
1.0
-0.4
0.2
0.4
0.1
1.0
1.9
0.7
1.8
0.5
1.3
0.4
0.4
0.0
1.3
0.4
1.2
1.2
1.6
0.7
0.0
-0.9
-0.5
-0.5
0.5
0.9
0.7
1.3
1.0
1.5
1.9
1.2
2.2
0.9
0.7
0.5
0.5
0.4
-0.5
0.0
1.2
2.0
1.7
0.1
0.8
2.2
1.5
1.1
-0.2
1.3
1.6
1.1
0.9
1.9
2.2
0.2
1.1
0.6
0.6
0.5
0.4
1.1
0.8
0.6
0.0
0.4
0.0
0.4
1.7
0.5
1.4
1.2
0.9
0.2
0.7
1.0
0.9
0.9
0.3
1.2
0.3
0.1
0.0
0.3
0.2
-0.2
0.0
-0.4
-0.4
0.3
0.6
0.1
1.0
1.2
0.7
0.2
0.0
0.0
0.2
0.6
1.4
0.7
0.9
0.0
0.4
-0.5
0.1
0.5
1.3
0.7
0.2
0.0
-0.6
-0.6
0.9
1.5
1.0
0.0
0.1
0.3
2.0
1.1
0.7
0.2
0.0
0.5
0.8
0.3
0.1
1.1
1.3
1.8
0.4
0.0
1.0
0.9
0.5
0.8
1.0
1.8
2.1
0.8
0.7
0.0
0.2
0.7
1.8
1.6
1.9
0.0
0.8
0.1
0.6
-0.2
1.0
1.3
1.1
1.6
2.4
3.4
3.4
2.4
2.0
1.8
1.1
2.3
2.7
0.8
-0.1
0.8
0.2
1.7
1.6
1.5
2.5
2.2
2.4
1.5
2.0
0.6
1.3
0.6
-0.2
0.3
0.7
1.3
1.0
1.2
0.3
0.5
0.4
-0.1
1.2
0.4
1.8
1.7
1.2
0.5
0.0
1.3
2.4
1.0
-0.1
0.1
0.6
1.4
1.7
1.1
0.8
1.8
2.0
1.7
2.1
1.7
2.0
0.7
1.3
0.7
1.8
1.4
1.4
1.1
1.2
1.7
1.7
1.7
1.3
1.6
1.4
0.6
1.1
0.8
2.0
0.2
1.1
0.6
0.0
0.5
-0.2
-0.6
0.1
0.2
0.1
0.7
-0.2
-0.4
-0.1
-0.5
0.2
1.6
1.0
0.7
-0.4
0.0
-0.4
-1.1
-1.0
0.1
1.7
1.9
1.8
0.2
0.6
1.9
2.5
1.7
1.8
0.7
1.2
0.5
-0.6
0.3
1.4
0.6
1.2
0.0
1.1
1.1
0.2
-0.3
-0.2
0.0
0.0
0.8
0.4
-0.1
-0.1
0.6
0.2
0.1
0.5
0.9
0.8
-0.1
-0.3
-0.1
0.0
0.2
0.3
0.6
0.0
0.7
0.6
0.2
0.0
-1.1
0.1
0.8
0.9
0.5
1.2
1.3
2.0
0.6
0.0
0.7
0.9
0.2
-0.2
0.0
0.1
1.2
1.1
0.4
1.9
0.8
0.5
0.1
1.3
1.9
1.8
0.2
1.6
0.9
-0.1
-0.8
-0.6
0.6
0.5
0.6
1.2
1.4
0.5
0.7
0.6
-0.1
-0.4
0.6
0.1
1.0
0.7
0.5
0.0
-0.3
0.5
0.2
-0.2
-0.7
0.1
1.2
-0.2
0.5
0.0
0.8
0.8
0.4
0.9
1.4
0.3
0.6
0.3
0.0
0.0
0.2
0.1
1.0
1.3
0.5
0.5
-0.3
-0.1
0.2
-0.2
-0.5
1.1
-0.4
0.5
-0.5
0.0
1.0
0.6
-0.4
-0.3
-0.1
0.1
0.7
-0.3
-1.1
-0.6
-1.2
0.8
0.5
0.1
0.5
0.3
-0.6
-0.4
-0.3
-1.7
-0.8
-2.4
-1.3
-0.7
0.3
0.3
1.0
-0.4
0.0
-0.3
-1.2
-0.4
-0.9
-1.0
-1.7
-0.7
-0.6
0.7
0.3
1.3
0.4
0.1
-0.5
0.6
0.2
0.6
-0.7
-0.5
-0.6
-1.8
-2.3
-1.6
-1.2
1.1
0.3
0.6
0.3
0.4
0.0
-0.3
0.1
-1.1
1.0
0.2
0.1
0.3
0.1
-0.7
-0.2
0.2
1.0
-0.5
-0.6
-1.2
-0.3
-1.0
-1.1
-0.2
0.2
0.0
0.8
1.2
0.3
-0.3
-0.4
-0.5
0.9
0.0
-0.2
-0.5
0.2
0.9
0.1
-0.9
0.0
0.2
0.1
-0.6
0.0
-0.1
-0.7
-0.4
0.2
-0.5
-0.7
-0.8
0.0
0.4
-0.3
-0.2
0.0
0.1
-1.0
-1.1
-1.5
-1.1
-0.9
0.1
-1.0
-0.5
-0.5
0.1
-0.6
-0.3
-0.8
-0.7
-1.2
0.2
0.1
-0.8
0.6
0.1
0.4
0.6
0.0
1.3
0.2
-0.1
-0.5
-1.5
-2.1
-0.7
0.2
0.3
0.3
-1.1
-0.5
-0.9
-0.7
-1.1
-0.6
-1.1
-0.3
0.3
-0.9
-0.2
-1.3
-0.6
-0.6
-1.1
-0.8
-0.6
0.3
-0.3
0.3
0.0
-0.2
-0.4
0.7
0.2
-0.4
-0.6
0.3
0.9
0.2
0.3
0.6
0.5
0.7
-0.4
0.2
-1.0
-0.8
-0.4
-0.8
1.0
0.5
0.0
-0.6
-1.0
-0.9
-1.2
-1.6
-0.7
-0.5
-1.0
-0.7
-1.2
-0.4
-0.2
-0.9
-0.9
0.0
-0.6
-1.0
-1.5
-1.4
-0.4
0.1
-0.1
0.7
-0.4
0.4
-1.3
-0.7
-1.7
-0.6
-0.5
-1.5
-1.6
-0.8
0.0
0.3
-0.2
-1.0
-1.1
-2.5
-1.6
-2.5
-1.8
-1.9
-0.9
-0.8
-0.4
-1.1
-0.1
-0.5
-1.0
-1.9
-1.5
-1.0
-0.6
-1.0
-2.0
-1.9
-1.7
-1.0
-2.0
-1.2
-0.5
-0.7
-0.6
-0.8
-1.2
-0.9
-1.1
-2.1
-1.5
-3.0
-2.3
-1.9
-1.5
0.6
-0.5
-0.5
-2.0
-2.0
-1.6
-1.9
-2.3
-1.5
-0.5
-0.1
-1.1
-0.9
-1.1
-0.3
-1.4
-0.8
-1.5
-2.0
-1.9
-2.2
-1.7
-0.8
-0.9
-1.5
-1.0
-0.7
-1.4
-1.8
-1.5
-1.9
-1.6
-2.1
-1.9
-1.5
-0.8
-1.3
-0.8
-1.1
-1.5
-1.5
-1.5
-1.3
-1.1
-0.2
-0.7
-1.5
-1.5
-2.1
-1.8
-1.9
-2.4
-2.6
-2.4
-2.5
-1.9
-1.8
-0.7
-0.5
-1.7
-2.6
-4.4
-3.0
-2.3
-1.5
-1.2
-2.2
-2.1
-2.0
-1.7
-1.7
-1.5
-1.5
-0.2
-1.6
-0.9
-1.7
-2.2
-2.1
-3.0
-3.5
-1.2
-1.2
-1.7
-1.3
-1.3
-1.2
-1.0
-2.7
-1.9
-0.9
-2.0
-1.5
-1.2
-1.8
-1.7
-1.7
-1.6
-1.0
-1.7
-1.0
0.0
-0.6
-1.4
-1.7
-1.6
-1.4
-1.6
-1.5
-1.6
-1.1
-2.1
-1.3
-1.0
-1.5
-0.8
-0.9
-1.3
-2.0
-3.0
-2.0
-2.1
-2.2
-3.2
-2.4
-1.3
-0.7
-0.1
-1.3
-1.4
-1.1
-1.5
-1.4
-3.2
-2.8
-3.3
-1.8
-1.7
-1.4
-2.4
-0.8
-1.1
-2.0
-2.5
-3.1
-2.7
-3.2
-2.3
-2.2
-1.6
-2.4
-1.9
-2.0
-2.4
-2.1
-1.5
-2.9
-3.0
-2.6
-1.9
-1.9
-2.0
-1.9
-0.9
-1.2
-1.9
-2.8
-2.2
-1.8
-2.0
-1.9
-1.9
-1.4
-1.5
-1.6
-1.6
-1.1
-1.3
-1.5
-2.3
-2.6
-3.2
-2.2
-2.4
-1.3
0.0
-0.6
-0.5
-2.6
-3.0
-2.6
-2.5
-2.7
-3.5
-3.3
-4.6
-4.4
-3.9
-2.7
-3.2
-4.0
-3.3
-2.2
-1.9
-1.2
-1.0
-0.6
-0.9
-1.8
-2.9
-3.4
-4.3
-2.5
-1.9
-1.2
-1.8
-0.5
-2.2
-2.9
-4.2
-3.5
-2.3
-1.4
-1.5
-0.8
-0.3
-1.8
-1.8
-3.0
-3.1
-2.5
-3.2
-3.5
-3.1
-2.9
-2.5
-2.2
-2.6
-3.0
-2.0
-3.5
-4.6
-3.1
-3.1
-1.5
-1.7
-1.8
-2.4
-2.7
-3.3
-2.6
-3.0
-2.7
-2.2
-2.2
-2.4
-3.4
-1.7
-1.9
-2.3
-2.6
-4.5
-4.3
-3.2
-3.3
-3.8
-4.2
-4.9
-1.8
-1.7
-2.5
-3.1
-3.9
-3.6
-3.3
-2.6
-3.6
-3.8
-4.6
-2.6
-3.0
-2.7
-3.2
-3.0
-2.1
-2.9
-3.0
-3.6
-3.8
-3.0
-2.9
-3.7
-2.7
-2.9
-2.9
-2.2
-3.8
-3.8
-3.2
-3.8
-2.9
-3.7
-4.1
-4.7
-3.6
-3.8
-3.7
-3.5
-3.8
-2.9
-2.3
-2.2
-2.0
-2.6
-3.5
-4.2
-4.3
-3.2
-3.5
-4.2
-2.2
-3.6
-2.8
-3.6
-3.3
-3.4
-4.2
-5.3
-3.0
-3.5
-3.8
-3.3
-3.9
-3.7
-3.6
-4.5
-3.5
-2.4
-2.0
-2.2
-4.1
-4.4
-4.1
-3.0
-3.4
-3.6
-3.2
-3.5
-2.4
-4.0
-3.7
-4.8
-4.8
-3.7
-2.8
-3.8
-3.1
-3.0
-3.1
-2.7
-3.7
-3.9
-2.9
-2.9
-4.3
-4.6
-5.2
-2.6
-2.0
-1.5
-2.6
-2.4
-2.0
-1.0
-1.3
-1.7
-2.5
-4.6
-4.4
-3.4
-3.1
-1.6
-0.7
0.4
0.2
-0.7
-1.2
-1.0
-2.2
-1.7
-3.7
-2.2
-3.6
-3.9
-3.0
-3.2
-2.4
-3.8
-3.5
-2.6
-1.3
-0.8
-0.9
-0.2
-0.2
-0.2
-1.5
-2.5
-3.1
-4.1
-3.4
-3.3
-3.9
-3.4
-2.5
-2.7
-2.4
-3.0
-2.7
-2.3
-2.9
-4.1
-3.4
-3.0
-4.1
-3.2
-4.9
-4.0
-3.9
-4.8
-4.8
-5.7
-4.7
-4.4
-5.0
-4.6
-4.5
-4.5
-4.3
-2.5
-1.2
-2.0
-2.0
-2.5
-3.4
-3.7
-3.4
-2.0
-0.8
-1.6
-1.3
-0.4
-2.3
-3.4
-4.8
-4.2
-2.7
-3.4
-1.8
-2.0
-1.6
-0.5
-0.2
-0.8
-0.7
-1.4
-0.6
-2.3
-2.3
-3.2
-3.4
-2.8
-2.2
-2.0
-2.3
-3.7
-3.1
-3.6
-3.0
-3.4
-1.9
-2.5
-1.9
-2.3
-1.6
-2.7
-2.9
-2.5
-0.7
-1.8
-1.3
-1.7
-2.4
-3.5
-3.7
-3.8
-3.4
-4.2
-3.2
-2.9
-3.1
-4.4
-4.2
-4.0
-3.3
-4.4
-4.4
-4.4
-3.8
-3.7
-3.7
-3.9
-4.8
-4.0
-2.0
-3.2
-2.5
-2.2
-1.5
-2.2
-2.2
-2.1
-2.6
-2.7
-3.8
-3.7
-3.1
-3.1
-3.5
-2.8
-3.1
-3.0
-2.5
-3.4
-3.2
-4.3
-4.0
-4.0
-3.5
-3.7
-3.5
-3.8
-2.5
-2.7
-2.9
-3.5
-4.9
-5.2
-3.7
-2.8
-2.6
-3.3
-3.2
-3.9
-4.0
-4.8
-4.6
-5.4
-6.5
-6.1
-5.1
-3.8
-3.5
-3.6
-4.4
-4.9
-4.9
-4.9
-5.7
-5.9
-4.9
-5.3
-5.0
-5.5
-5.2
-5.4
-5.1
-4.6
-3.5
-4.3
-4.2
-5.8
-5.3
-5.3
-5.2
-4.5
-5.6
-6.0
-6.2
-5.5
-5.3
-3.5
-3.7
-4.0
-4.3
-4.5
-4.8
-3.9
-3.7
-4.1
-4.3
-4.3
-3.9
-4.5
-5.3
-4.2
-3.6
-3.5
-4.2
-4.8
-3.1
-4.1
-4.3
-4.5
-2.4
-3.4
-3.4
-4.7
-3.8
-4.2
-3.9
-3.7
-3.6
-3.5
-3.7
-4.2
-4.5
-5.6
-4.7
-3.8
-3.2
-3.6
-3.7
-4.6
-3.8
-4.5
-3.4
-3.8
-2.7
-3.6
-3.8
-3.0
-4.3
-3.6
-3.1
-3.5
-2.1
-2.8
-3.7
-4.0
-4.5
-3.5
-4.2
-3.1
-3.8
-4.2
-3.9
-3.3
-2.7
-2.4
-3.6
-3.8
-4.7
-3.5
-3.5
-3.2
-3.6
-4.5
-3.8
-4.3
-3.2
-4.0
-3.5
-3.7
-3.6
-2.7
-4.0
-3.5
-3.9
-3.6
-3.7
-4.0
-4.9
-3.8
-3.2
-3.4
-2.0
-2.6
-1.3
-2.0
-2.9
-2.6
-2.6
-2.4
-4.6
-4.2
-2.9
-2.4
-3.1
-3.2
-1.5
-1.3
-1.9
-2.7
-3.7
-4.5
-4.7
-3.4
-2.2
-2.0
-1.9
-2.6
-2.4
-4.3
-4.9
-3.8
-3.8
-4.9
-4.9
-4.5
-3.4
-2.9
-3.9
-4.3
-4.4
-4.6
-4.7
-4.5
-4.6
-5.2
-4.2
-3.9
-5.0
-5.4
-4.8
-4.6
-3.1
-3.5
-3.0
-4.2
-4.3
-4.0
-3.7
-3.3
-4.6
-5.5
-5.5
-4.3
-2.7
-2.4
-2.7
-2.2
-2.3
-2.9
-4.4
-5.2
-6.0
-4.9
-4.3
-2.5
-2.7
-1.3
-1.7
-2.9
-2.4
-4.0
-3.6
-4.3
-3.8
-3.1
-2.3
-2.2
-2.3
-2.7
-3.3
-3.5
-4.6
-4.0
-2.2
-1.3
-1.3
-1.8
-0.5
-1.3
-2.2
-3.6
-4.1
-4.9
-5.2
-4.2
-3.8
-3.2
-3.7
-4.0
-3.2
-2.3
-3.4
-4.0
-5.5
-4.6
-4.4
-4.1
-3.8
-2.5
-1.5
-2.9
-4.4
-5.0
-5.7
-5.8
-6.3
-5.1
-4.6
-4.3
-4.1
-4.7
-5.3
-5.1
-5.9
-5.4
-6.0
-5.1
-3.1
-2.3
-1.9
-2.0
-2.4
-3.4
-4.8
-6.4
-7.3
-7.7
-4.7
-2.1
-1.7
-2.5
-2.3
-2.2
-2.1
-3.8
-4.3
-4.5
-4.7
-4.2
-2.8
-2.4
-2.7
-2.8
-2.9
-2.5
-2.5
-2.9
-2.7
-3.0
-3.2
-1.8
-2.7
-1.8
-2.2
-3.2
-3.6
-4.2
-5.2
-5.0
-5.5
-5.9
-4.6
-3.6
-3.1
-3.0
-2.4
-1.8
-2.5
-3.1
-3.0
-1.7
-1.6
-2.7
-2.7
-1.5
-3.7
-1.4
-2.6
-3.4
-3.8
-4.1
-1.3
-3.5
-2.0
-0.4
-5.6
-1.6
-3.4
-3.4
-2.4
-6.2
0.6
-5.2
-3.1
-5.9
-4.7
-2.3
-6.1
-5.0
-3.8
-5.3
-4.6
-4.0
-5.5
-3.9
-4.3
-4.3
-3.2
-4.4
-2.7
-5.5
-2.6
-5.4
-5.3
-4.9
-6.5
-4.7
-5.6
-4.7
-4.2
-3.9
-5.1
-5.5
-4.2
-6.5
-3.6
-4.3
-4.7
-3.8
-3.2
-0.7
-4.3
-4.4
-6.5
-7.4
-5.6
-7.2
-5.1
-2.5
-4.5
-3.8
-7.1
-4.3
-6.6
-5.7
-6.7
-9.1
-7.2
-8.1
-4.1
-5.3
-8.3
-3.4
-7.5
-5.5
-8.2
-8.4
-6.5
-7.5
-4.9
-6.1
-6.6
-6.2
-8.2
-6.8
-9.1
-6.9
-8.1
-8.5
-8.3
-6.9
-7.1
-8.1
-9.3
-8.3
-7.8
-9.8
-8.6
-11.7
-9.9
-11.2
-10.7
-10.0
-8.1
-10.5
-10.3
-10.2
-9.2
-10.2
-10.3
-8.8
-8.3
-8.9
-8.3
-8.2
-9.1
-9.1
-9.9
-8.7
-8.2
-8.1
-7.6
-7.8
-7.6
-8.2
-8.0
-7.1
-9.6
-10.1
-9.8
-9.4
-6.7
-7.6
-7.1
-7.5
-6.9
-7.2
-8.6
-9.0
-9.0
-9.2
-8.5
-9.6
-8.3
-9.1
-8.2
-8.3
-7.7
-8.6
-8.1
-7.9
-8.1
-8.6
-10.2
-9.3
-9.6
-11.2
-12.3
-10.3
-10.5
-8.0
-9.0
-7.5
-9.1
-7.5
-9.1
-8.2
-9.7
-9.1
-8.1
-6.7
-8.1
-9.1
-8.9
-9.2
-10.3
-8.1
-9.3
-7.5
-8.6
-9.4
-9.4
-8.3
-8.3
-8.7
-10.2
-10.8
-9.7
-9.0
-8.7
-9.7
-10.3
-10.6
-10.7
-10.2
-9.8
-7.9
-11.3
-10.0
-11.0
-9.4
-8.3
-10.1
-10.0
-9.4
-11.0
-9.5
-10.1
-8.0
-10.6
-9.7
-9.5
-9.7
-9.9
-9.1
-8.4
-8.2
-9.4
-11.8
-12.3
-14.9
-16.8
-18.5
-19.6
-20.6
-22.1
-22.7
-23.8
-24.6
-25.8
-26.3
-26.6
-26.7
-26.5
-26.8
-27.9
-28.5
-29.6
-31.1
-32.6
-32.5
-33.4
-34.9
-34.9
-36.1
-35.6
-36.5
-38.6
-38.9
-39.8
-40.8
-41.9
-43.2
-43.8
-44.2
-44.7
-44.6
-46.8
-47.6
-47.5
-51.2
-50.9
-50.9
-51.2
-51.4
-53.3
-53.1
-52.9
-54.1
-56.7
-56.9
-58.2
-58.9
-59.3
-60.3
-60.8
-62.0
-62.5
-62.0
-63.1
-63.3
-65.9
-63.3
-66.0
-66.7
-67.4
-67.4
-68.1
-69.0
-71.1
-70.7
-70.9
-71.9
-72.2
-70.7
-71.6
-72.7
-70.1
-71.3
-69.2
-68.4
-70.3
-70.0
-71.3
-70.7
-69.5
-69.8
-70.6
-69.4
-68.6
-69.2
-69.0
-69.5
-68.8
-69.6
-68.5
-68.6
-67.3
-68.4
-68.1
-67.7
-66.9
-67.0
-67.4
-67.5
-67.0
-67.3
-67.3
-67.1
-66.7
-66.8
-66.3
-66.5
-65.7
-65.4
-65.9
-66.0
-65.8
-66.4
-64.8
-65.4
-64.0
-63.4
-62.4
-62.3
-62.5
-63.0
-63.4
-63.5
-62.9
-62.5
-63.8
-62.9
-62.3
-61.5
-63.7
-63.7
-62.7
-61.9
-62.4
-63.5
-62.4
-64.6
-64.7
-64.9
-64.6
-65.3
-65.2
-62.9
-62.4
-62.6
-62.2
-61.2
-61.2
-61.1
-61.0
-60.9
-61.3
-61.0
-59.6
-58.2
-59.3
-57.7
-58.3
-59.0
-58.3
-57.0
-55.7
-54.5
-55.8
-54.4
-55.1
-54.3
-53.2
-52.0
-52.3
-53.7
-55.1
-55.2
-53.0
-52.7
-52.7
-51.8
-53.1
-52.4
-50.7
-51.8
-52.1
-52.5
-52.3
-51.5
-52.3
-52.7
-50.5
-50.2
-49.3
-50.4
-50.5
-49.1
-48.7
-49.9
-48.0
-48.6
-49.0
-48.7
-48.1
-47.4
-46.5
-46.0
-45.7
-45.5
-46.9
-46.7
-45.7
-46.4
-46.7
-47.1
-46.7
-46.4
-45.5
-44.4
-45.1
-44.0
-45.6
-45.7
-45.6
-45.5
-46.0
-44.7
-46.6
-45.2
-45.3
-46.2
-45.7
-45.9
-46.1
-45.6
-44.3
-44.6
-45.0
-43.6
-43.5
-43.5
-44.4
-43.3
-43.0
-39.8
-40.3
-42.2
-42.4
-41.7
-41.3
-41.5
-41.2
-41.9
-40.5
-40.4
-41.4
-40.1
-40.8
-39.6
-38.1
-38.0
-39.1
-38.9
-37.5
-37.6
-38.4
-38.1
-37.9
-38.0
-38.5
-38.7
-37.9
-37.4
-37.6
-37.7
-38.2
-37.1
-36.9
-36.1
-36.1
-36.2
-36.7
-36.9
-36.1
-38.4
-36.6
-36.6
-37.3
-36.7
-37.1
-37.0
-37.0
-38.0
-37.2
-36.9
-37.1
-37.5
-37.3
-38.7
-38.0
-38.5
-38.8
-39.7
-38.5
-39.8
-39.8
-40.1
-40.5
-41.4
-40.5
-40.9
-40.9
-41.5
-42.6
-42.2
-43.0
-43.1
-43.4
-43.1
-43.9
-43.6
-43.4
-45.7
-44.0
-45.4
-44.4
-45.2
-45.1
-44.7
-44.3
-46.4
-45.9
-46.2
-47.1
-46.9
-48.7
-48.0
-47.3
-48.3
-48.4
-49.1
-50.4
-49.7
-51.7
-51.9
-51.2
-52.6
-53.0
-52.6
-52.8
-52.4
-53.5
-54.3
-53.9
-53.8
-53.4
-54.8
-56.1
-53.0
-52.6
-52.4
-54.0
-53.3
-57.2
-55.0
-53.7
-54.8
-56.6
-54.7
-56.0
-54.3
-53.9
-54.3
-53.8
-53.8
-57.7
-54.2
-54.6
-53.9
-56.5
-52.3
-54.6
-54.4
-57.1
-55.0
-56.4
-53.8
-54.3
-54.9
-57.4
-58.0
-55.0
-55.2
-56.3
-56.7
-55.8
-57.6
-56.0
-57.4
-55.6
-57.2
-57.1
-57.7
-58.9
-58.2
-58.7
-58.4
-58.0
-59.0
-57.5
-55.6
-59.2
-59.0
-59.4
-60.0
-60.5
-62.3
-61.9
-59.1
-60.0
-61.2
-60.4
-61.2
-61.1
-60.6
-60.2
-61.5
-61.3
-58.3
-62.2
-62.6
-63.1
-64.5
-61.9
-63.8
-64.7
-64.2
-65.2
-65.5
-66.4
-67.3
-66.7
-66.9
-66.5
-66.9
-66.3
-68.1
-67.4
-69.5
-68.0
-67.9
-68.8
-68.3
-68.3
-68.2
-69.1
-67.9
-68.9
-67.6
-68.2
-66.0
-67.2
-66.6
-66.8
-66.0
-65.4
-65.2
-65.8
-65.8
-66.4
-66.0
-66.9
-67.4
-67.8
-67.5
-65.8
-67.3
-65.8
-66.5
-67.5
-67.6
-67.3
-67.5
-67.5
-67.8
-66.7
-66.8
-66.7
-67.3
-66.9
-66.3
-67.5
-67.4
-67.9
-67.8
-67.8
-68.0
-67.1
-66.8
-66.6
-67.5
-67.3
-67.3
-67.1
-67.7
-68.4
-68.6
-69.2
-70.6
-71.8
-71.8
-73.8
-75.1
-74.5
-75.7
-74.8
-75.7
-76.1
-77.4
-78.5
-79.0
-77.9
-78.7
-78.8
-80.3
-79.5
-79.5
-80.4
-79.4
-78.9
-79.5
-79.6
-79.0
-78.0
-77.9
-78.3
-79.1
-78.6
-79.9
-79.6
-78.8
-78.7
-79.8
-80.1
-80.4
-79.5
-80.3
-80.2
-80.5
-80.2
-79.8
-80.8
-80.2
-80.6
-80.6
-80.5
-81.3
-81.6
-81.2
-80.2
-79.8
-78.9
-79.1
-79.3
-78.9
-79.8
-80.2
-80.1
-79.6
-80.3
-78.8
-79.3
-78.0
-79.0
-79.3
-79.4
-79.8
-80.6
-80.1
-79.9
-78.9
-78.5
-77.8
-78.2
-79.1
-79.3
-79.3
-78.0
-77.8
-77.1
-77.9
-78.0
-79.3
-78.7
-79.5
-78.9
-79.2
-78.5
-78.6
-77.6
-78.2
-78.0
-78.9
-77.8
-78.6
-78.5
-78.4
-78.2
-78.0
-79.0
-77.9
-77.5
-76.4
-76.4
-76.5
-75.7
-75.2
-77.4
-77.9
-78.5
-78.5
-78.1
-77.2
-76.7
-76.1
-76.5
-75.5
-75.9
-75.4
-76.3
-76.7
-76.5
-76.7
-76.7
-75.9
-75.3
-75.7
-75.5
-75.9
-76.8
-76.7
-77.8
-77.2
-76.4
-75.5
-75.8
-75.6
-75.0
-75.1
-75.6
-76.4
-76.8
-77.1
-77.2
-77.1
-77.0
-76.4
-75.4
-74.1
-74.4
-75.1
-76.6
-76.6
-77.0
-77.3
-77.0
-76.5
-76.3
-77.0
-76.3
-75.9
-75.4
-77.0
-76.8
-77.0
-75.6
-76.8
-76.7
-76.6
-75.8
-75.5
-75.2
-75.5
-76.4
-76.4
-76.8
-77.1
-77.1
-76.2
-75.7
-76.0
-76.1
-76.0
-77.0
-76.5
-76.9
-77.4
-77.6
-78.6
-77.6
-76.1
-76.9
-78.1
-79.2
-78.3
-79.6
-78.6
-79.1
-78.2
-77.4
-77.9
-78.7
-78.7
-79.2
-78.8
-79.0
-78.6
-78.6
-79.1
-78.7
-80.3
-81.8
-82.4
-83.5
-81.1
-80.8
-80.0
-79.7
-80.6
-80.7
-81.2
-82.2
-81.9
-82.1
-81.7
-83.1
-82.7
-82.5
-82.4
-82.2
-82.3
-82.2
-81.9
-81.3
-82.5
-83.1
-84.8
-85.9
-84.5
-85.4
-84.4
-83.8
-84.5
-84.6
-85.8
-87.2
-87.2
-86.8
-85.4
-85.4
-85.1
-85.3
-84.9
-84.9
-85.7
-86.2
-86.6
-87.1
-87.2
-86.7
-86.9
-87.3
-87.9
-87.8
-87.7
-87.4
-87.4
-87.5
-87.3
-87.4
-87.2
-88.2
-88.9
-88.9
-88.7
-88.8
-88.8
-89.4
-89.1
-89.3
-88.8
-88.5
-89.8
-90.6
-89.6
-89.2
-88.6
-88.5
-88.7
-88.2
-88.1
-88.5
-88.7
-89.1
-89.2
-89.3
-89.4
-89.4
-89.6
-89.3
-89.8
-91.0
-90.4
-90.8
-90.6
-90.7
-90.2
-90.2
-90.2
-89.9
-90.0
-90.8
-90.5
-90.5
-90.2
-89.7
-90.0
-89.6
-89.3
-90.0
-89.9
-89.8
-90.0
-90.0
-90.8
-90.4
-90.2
-90.2
-89.2
-89.1
-89.0
-89.6
-90.2
-90.5
-90.0
-89.5
-88.7
-88.6
-87.5
-87.3
-87.2
-87.4
-88.4
-88.2
-88.7
-88.7
-87.7
-86.8
-85.8
-85.8
-86.4
-87.6
-87.3
-87.4
-86.8
-85.8
-85.2
-83.8
-83.1
-83.5
-83.4
-84.6
-84.6
-84.9
-84.9
-83.7
-83.0
-82.0
-81.5
-83.1
-83.1
-83.1
-81.8
-81.5
-81.5
-81.5
-82.3
-81.9
-81.1
-81.7
-81.5
-81.4
-80.8
-80.2
-79.9
-80.0
-78.8
-79.5
-79.3
-79.3
-79.7
-79.6
-79.6
-78.8
-78.2
-78.6
-78.4
-77.5
-76.6
-76.7
-76.4
-76.6
-77.0
-76.4
-76.4
-75.3
-75.6
-75.1
-75.5
-75.3
-75.1
-75.1
-74.8
-74.7
-73.5
-74.2
-73.3
-74.3
-73.0
-72.5
-73.1
-72.4
-72.5
-72.3
-72.7
-73.0
-71.8
-72.3
-71.8
-72.2
-71.8
-71.7
-71.2
-71.6
-70.7
-70.7
-70.8
-70.8
-70.8
-70.8
-70.5
-70.3
-69.9
-69.5
-69.2
-68.9
-68.3
-68.2
-68.3
-67.6
-67.2
-66.5
-66.3
-66.2
-65.6
-65.4
-64.9
-65.1
-64.5
-64.5
-63.8
-63.4
-63.2
-63.1
-62.5
-62.6
-61.9
-62.4
-62.6
-62.6
-61.1
-60.9
-60.7
-61.0
-60.6
-60.2
-60.2
-60.4
-60.7
-59.9
-60.4
-59.3
-59.4
-59.3
-59.2
-59.1
-58.4
-58.5
-58.1
-58.0
-57.0
-57.2
-56.8
-56.6
-56.5
-57.4
-57.7
-57.5
-56.8
-56.2
-55.1
-54.9
-54.4
-55.2
-56.3
-56.0
-56.4
-55.2
-54.1
-52.6
-52.0
-52.2
-51.5
-52.4
-53.2
-53.7
-54.1
-53.8
-52.6
-51.4
-50.3
-51.4
-50.9
-51.0
-51.0
-51.4
-51.7
-51.7
-51.0
-51.9
-50.9
-50.8
-50.5
-50.1
-49.4
-48.4
-48.0
-47.5
-48.5
-48.9
-49.2
-49.6
-49.4
-49.1
-49.1
-49.1
-48.6
-47.9
-46.9
-46.3
-47.3
-46.5
-47.2
-46.8
-47.2
-47.6
-47.4
-46.7
-46.3
-46.4
-46.5
-46.3
-46.6
-46.0
-46.0
-45.3
-45.6
-44.9
-45.1
-44.9
-44.9
-46.6
-46.4
-46.2
-44.8
-44.1
-44.5
-43.8
-44.3
-43.7
-43.4
-44.0
-44.1
-45.2
-44.1
-45.0
-44.0
-43.2
-43.9
-43.7
-44.2
-43.6
-42.2
-42.8
-42.8
-42.4
-42.1
-42.3
-42.1
-42.7
-42.0
-41.1
-41.8
-41.4
-42.2
-42.0
-41.0
-40.8
-40.6
-41.3
-40.8
-40.0
-39.7
-40.0
-39.9
-40.1
-39.2
-38.4
-37.8
-37.8
-37.9
-38.0
-37.3
-37.3
-38.1
-37.9
-37.8
-37.4
-37.5
-37.7
-37.5
-37.6
-37.1
-37.3
-36.6
-36.5
-37.2
-37.1
-36.7
-36.6
-34.5
-36.2
-36.3
-36.9
-37.7
-37.6
-37.2
-37.2
-36.2
-36.0
-35.8
-35.9
-37.0
-36.6
-37.2
-35.3
-36.7
-37.5
-37.1
-37.4
-37.1
-36.3
-36.3
-35.4
-35.8
-35.2
-35.1
-35.2
-34.9
-36.1
-36.6
-36.5
-35.3
-33.2
-34.4
-33.4
-34.5
-33.0
-33.9
-33.5
-36.1
-35.2
-35.1
-34.3
-35.3
-32.4
-33.7
-33.1
-34.1
-32.6
-29.1
-35.1
-32.3
-32.3
-33.3
-32.5
-32.9
-30.7
-33.7
-31.0
-33.8
-31.3
-31.1
-32.1
-29.5
-30.8
-30.7
-30.2
-29.9
-30.2
-29.5
-29.6
-29.4
-28.3
-29.1
-29.3
-30.8
-29.2
-29.7
-29.5
-30.8
-28.8
-29.3
-29.3
-28.2
-29.4
-29.5
-28.3
-27.4
-27.7
-27.1
-29.0
-28.4
-28.6
-29.1
-27.7
-26.8
-27.6
-27.0
-27.4
-26.6
-27.2
-27.6
-27.5
-27.9
-26.5
-26.2
-25.3
-25.7
-24.8
-24.7
-24.7
-25.3
-24.4
-24.7
-24.7
-24.7
-24.4
-23.6
-24.3
-23.3
-23.7
-23.8
-23.6
-23.9
-22.3
-23.0
-22.3
-22.1
-21.5
-21.7
-22.8
-21.3
-22.3
-21.4
-20.7
-20.2
-19.2
-20.7
-20.6
-20.1
-19.7
-19.3
-19.1
-18.2
-18.7
-19.0
-19.4
-18.1
-17.9
-18.5
-17.6
-16.5
-17.5
-17.6
-18.3
-15.4
-16.8
-16.2
-17.6
-16.9
-16.5
-16.9
-17.3
-16.8
-17.1
-16.1
-16.7
-16.8
-18.1
-15.9
-16.5
-15.9
-16.4
-15.9
-16.0
-16.1
-15.8
-16.2
-16.5
-16.6
-16.4
-15.8
-15.4
-16.1
-15.1
-14.9
-16.1
-16.0
-15.6
-14.3
-14.6
-15.0
-14.2
-13.6
-13.2
-14.2
-14.2
-13.8
-13.1
-13.2
-12.7
-13.1
-11.7
-14.8
-13.6
-13.7
-13.4
-13.6
-14.0
