-2.3
-2.8
-2.6
-2.5
-2.6
-2.8
-2.5
-2.0
-1.3
-1.2
-1.2
-1.8
-2.1
-1.9
-1.7
-1.6
-1.7
-2.2
-2.7
-2.2
-2.4
-2.9
-2.9
-2.9
-3.4
-4.1
-3.6
-3.0
-2.6
-2.9
-3.4
-3.4
-3.4
-3.7
-3.7
-3.5
-3.5
-3.3
-3.1
-2.7
-2.1
-2.0
-2.2
-2.3
-2.4
-2.2
-2.8
-2.6
-2.2
-2.2
-2.6
-2.9
-2.7
-2.7
-2.8
-2.8
-3.0
-3.0
-1.9
-1.6
-1.6
-2.1
-2.3
-2.6
-2.5
-2.6
-3.7
-4.3
-4.0
-3.0
-2.7
-2.5
-2.0
-1.8
-2.0
-2.3
-2.5
-2.7
-2.5
-1.9
-1.4
-1.4
-1.7
-1.9
-1.9
-1.5
-1.4
-2.4
-2.9
-2.7
-2.3
-2.3
-2.5
-2.5
-2.5
-2.5
-2.5
-2.5
-2.6
-2.3
-2.4
-2.7
-2.7
-2.6
-2.4
-2.4
-2.2
-1.7
-2.0
-2.0
-1.6
-1.4
-1.6
-1.9
-2.3
-2.4
-2.4
-2.7
-2.2
-1.8
-1.6
-2.0
-2.5
-3.0
-2.8
-2.3
-2.2
-3.1
-3.4
-2.9
-2.4
-2.6
-2.7
-2.9
-3.3
-3.7
-4.0
-3.7
-3.2
-2.7
-2.4
-2.0
-1.4
-1.1
-1.6
-1.9
-1.9
-2.1
-1.8
-1.8
-1.8
-1.9
-1.5
-1.0
-1.1
-1.5
-2.8
-3.7
-3.6
-2.2
-1.4
-1.5
-1.5
-1.8
-2.2
-2.3
-2.2
-2.3
-2.3
-3.2
-3.5
-3.5
-3.5
-3.0
-2.5
-2.7
-3.0
-3.0
-3.1
-3.3
-3.1
-2.4
-2.2
-2.5
-3.0
-3.6
-3.2
-2.4
-2.3
-2.5
-2.2
-1.9
-2.1
-2.5
-2.3
-1.6
-1.1
-1.4
-2.2
-2.5
-1.4
-0.7
-1.6
-2.6
-2.7
-2.3
-2.0
-2.3
-2.7
-2.9
-2.4
-1.3
-1.7
-2.3
-2.0
-1.4
-0.8
-0.9
-1.7
-2.5
-2.5
-2.0
-1.6
-1.9
-2.3
-2.6
-2.7
-2.7
-2.1
-1.6
-1.9
-2.7
-3.1
-3.4
-4.5
-4.9
-3.9
-2.8
-2.3
-3.0
-3.4
-2.8
-1.8
-1.1
-1.5
-2.4
-2.8
-3.1
-2.9
-2.3
-1.3
-1.1
-1.7
-2.3
-2.7
-2.7
-2.6
-3.2
-4.0
-3.9
-3.0
-2.9
-3.6
-3.8
-2.9
-1.6
-1.3
-2.0
-2.8
-2.6
-2.7
-2.7
-2.7
-3.0
-3.5
-3.4
-2.8
-2.4
-2.3
-2.6
-3.0
-3.2
-3.4
-3.5
-3.4
-3.5
-3.5
-3.4
-3.3
-3.7
-4.1
-4.1
-4.6
-4.9
-4.3
-3.2
-2.9
-3.3
-3.1
-2.9
-2.9
-3.3
-3.0
-2.5
-2.7
-3.2
-3.0
-2.7
-3.1
-3.3
-3.2
-3.5
-3.9
-3.9
-3.2
-3.4
-3.7
-3.5
-3.2
-2.9
-2.9
-4.5
-5.1
-4.7
-3.7
-3.2
-3.5
-4.0
-4.0
-3.2
-3.1
-3.4
-3.3
-3.1
-3.4
-3.6
-3.4
-3.6
-3.6
-3.3
-2.6
-2.5
-3.1
-3.0
-2.7
-3.0
-3.1
-2.9
-3.1
-3.6
-3.7
-4.0
-3.8
-3.1
-3.3
-4.0
-4.0
-3.7
-4.1
-4.1
-3.8
-4.6
-5.3
-5.6
-5.1
-4.3
-3.8
-3.7
-4.7
-4.2
-2.8
-2.0
-2.9
-3.0
-2.6
-2.7
-3.1
-3.2
-3.2
-3.4
-3.2
-3.1
-3.9
-4.3
-4.3
-4.3
-4.3
-4.0
-4.4
-4.5
-4.7
-4.2
-3.5
-3.2
-3.2
-3.4
-3.2
-2.9
-3.0
-3.0
-2.8
-3.1
-3.4
-3.6
-3.8
-4.0
-4.3
-4.0
-3.4
-3.0
-3.5
-4.2
-4.4
-4.3
-4.2
-3.8
-3.3
-4.1
-5.0
-4.5
-3.6
-3.3
-3.2
-3.2
-3.4
-3.9
-4.1
-4.0
-4.0
-3.7
-3.6
-4.6
-5.5
-4.7
-3.2
-3.1
-2.8
-3.0
-3.1
-2.9
-2.7
-3.2
-3.5
-3.8
-3.9
-4.2
-4.7
-4.6
-4.2
-3.5
-3.9
-4.4
-4.2
-3.4
-3.1
-3.3
-3.8
-3.9
-3.5
-4.2
-4.1
-4.2
-4.5
-4.8
-5.0
-4.4
-3.9
-4.4
-5.0
-5.0
-4.2
-3.7
-3.8
-4.5
-5.0
-4.6
-3.6
-2.8
-2.7
-3.2
-3.4
-3.2
-2.7
-3.0
-3.7
-3.7
-3.8
-4.0
-3.7
-3.1
-2.8
-2.9
-3.7
-4.1
-3.8
-3.6
-3.8
-4.2
-3.6
-3.5
-3.3
-2.9
-3.1
-3.5
-3.0
-2.7
-3.2
-3.8
-3.7
-3.2
-3.0
-3.7
-4.4
-4.0
-3.4
-3.3
-3.7
-4.1
-4.0
-3.7
-4.2
-4.2
-4.2
-4.4
-5.0
-5.2
-4.5
-3.7
-3.4
-3.8
-4.5
-4.5
-4.1
-4.6
-4.8
-4.6
-4.4
-3.9
-4.1
-4.1
-3.7
-3.2
-3.0
-3.8
-4.2
-4.2
-4.8
-5.0
-4.6
-4.4
-4.3
-4.2
-3.7
-3.3
-3.6
-4.6
-4.9
-4.2
-3.7
-4.0
-4.6
-4.5
-4.1
-4.4
-4.5
-4.2
-4.4
-4.5
-4.8
-4.7
-4.3
-3.6
-3.2
-3.4
-3.6
-4.0
-4.5
-5.0
-4.6
-4.0
-3.5
-3.9
-4.8
-5.0
-4.8
-3.7
-2.8
-3.1
-3.4
-3.5
-3.5
-3.1
-3.0
-3.2
-3.9
-4.2
-4.6
-5.0
-5.1
-4.0
-3.0
-2.9
-4.1
-5.5
-5.6
-4.9
-4.2
-4.3
-4.4
-3.5
-3.2
-3.7
-4.5
-4.5
-3.5
-3.5
-3.8
-3.5
-2.9
-2.1
-1.4
-1.5
-1.8
-1.5
-1.3
-1.2
-0.9
-0.4
0.3
0.6
0.6
0.7
1.1
1.1
1.1
2.5
3.2
3.1
2.9
3.4
3.2
3.4
3.4
4.1
4.9
5.2
5.4
6.1
6.6
7.1
7.6
7.7
7.3
7.5
7.4
7.2
7.2
7.4
7.3
7.0
6.4
6.4
6.5
6.8
6.5
6.5
6.6
6.0
5.1
4.7
4.7
4.6
4.6
4.8
4.3
3.5
3.3
3.1
2.4
2.2
2.7
2.7
2.8
2.8
2.9
2.7
2.0
1.8
2.1
2.4
2.3
2.2
2.1
1.7
1.2
1.0
1.4
1.4
0.9
0.2
0.0
-0.4
-0.4
0.1
0.0
0.1
0.0
-0.7
-1.1
-0.3
0.4
0.3
-0.3
-0.6
-0.6
-0.8
-1.2
-0.9
-0.1
-0.4
-1.0
-1.4
-1.2
-0.6
-0.5
-1.1
-1.3
-0.7
-0.5
-0.5
-0.4
-1.2
-0.9
-0.4
-0.3
-0.5
0.0
-0.1
-0.5
-0.1
0.0
-0.4
-0.7
-0.5
-0.7
-1.0
-1.4
-1.9
-2.1
-1.5
-1.4
-1.7
-1.5
-0.8
-0.4
-0.4
-0.8
-0.8
-0.7
-1.1
-1.6
-1.8
-1.4
-1.0
-1.3
-1.5
-1.8
-2.0
-1.7
-1.3
-1.2
-1.5
-1.7
-1.3
-0.8
-0.4
-0.5
-1.4
-1.5
-1.1
-1.7
-1.9
-1.8
-1.6
-1.5
-1.3
-2.0
-3.4
-3.5
-2.4
-1.2
-1.1
-1.1
-1.4
-1.7
-1.2
-0.9
-0.5
-1.0
-1.4
-0.9
-1.3
-1.8
-1.2
-0.4
-0.4
-1.2
-1.6
-1.3
-1.1
-1.3
-1.2
-1.0
-1.0
-1.9
-2.1
-1.5
-1.6
-1.9
-1.7
-1.6
-1.8
-1.7
-2.0
-1.8
-1.5
-1.3
-1.2
-1.2
-1.3
-1.3
-1.1
-1.0
-1.2
-1.2
-1.3
-1.3
-1.0
-1.3
-1.2
-0.5
-0.7
-1.3
-1.3
-1.2
-1.8
-1.9
-1.7
-2.2
-2.1
-1.5
-1.3
-1.3
-1.6
-1.9
-1.8
-1.7
-2.1
-2.7
-2.1
-1.2
-1.6
-2.1
-1.9
-1.0
-0.5
-1.2
-1.6
-1.5
-0.9
-1.0
-1.9
-2.5
-2.5
-2.0
-1.5
-1.1
-1.1
-1.3
-1.6
-1.7
-1.7
-1.4
-0.7
-1.1
-2.0
-1.9
-1.5
-1.4
-1.5
-1.3
-1.4
-2.0
-2.7
-2.9
-2.7
-3.0
-2.8
-2.3
-2.5
-2.7
-3.0
-3.1
-2.9
-3.0
-3.3
-3.6
-3.5
-3.7
-3.5
-2.4
-2.3
-2.9
-2.6
-2.2
-2.4
-2.7
-2.5
-2.5
-3.0
-2.9
-2.1
-1.4
-1.7
-1.8
-1.7
-1.2
-0.9
-1.9
-3.0
-3.1
-2.9
-2.9
-2.9
-2.9
-3.0
-2.8
-2.5
-2.2
-1.8
-1.5
-1.5
-1.6
-2.8
-3.6
-3.6
-2.9
-2.9
-3.0
-3.0
-3.2
-2.3
-1.2
-2.1
-3.1
-2.9
-2.1
-2.2
-3.0
-3.5
-3.2
-2.9
-2.9
-3.3
-2.9
-2.2
-2.7
-3.8
-3.9
-3.2
-2.4
-2.0
-1.9
-1.9
-1.9
-1.8
-2.0
-2.2
-2.2
-2.2
-2.8
-3.1
-2.9
-2.5
-2.2
-2.2
-2.2
-2.6
-2.9
-3.2
-3.4
-3.4
-3.3
-3.0
-2.6
-2.2
-1.9
-1.7
-1.9
-2.0
-2.0
-2.0
-2.2
-2.3
-3.1
-3.2
-3.2
-3.1
-3.0
-2.4
-2.0
-2.7
-2.7
-2.6
-2.8
-2.9
-2.7
-2.1
-2.2
-2.1
-1.8
-2.1
-2.5
-2.2
-1.6
-1.9
-1.9
-2.0
-2.4
-2.8
-2.7
-2.5
-2.6
-2.3
-1.1
-1.5
-2.5
-2.5
-1.7
-1.2
-1.7
-2.6
-3.1
-2.7
-2.2
-2.1
-2.2
-2.1
-2.0
-2.3
-2.2
-1.7
-1.5
-2.8
-4.1
-3.9
-3.2
-3.4
-3.6
-3.7
-4.2
-4.2
-3.4
-2.4
-2.0
-2.0
-2.1
-1.9
-1.5
-1.2
-1.1
-1.4
-1.6
-1.7
-1.4
-1.4
-2.3
-3.2
-3.5
-3.0
-2.8
-2.5
-2.6
-2.7
-2.6
-2.8
-2.8
-2.6
-2.3
-2.9
-3.1
-2.9
-2.4
-2.0
-2.0
-2.3
-2.2
-2.1
-2.3
-2.3
-1.7
-1.4
-1.9
-2.4
-2.5
-2.5
-2.0
-1.9
-2.4
-2.9
-2.7
-2.4
-2.5
-2.7
-2.7
-3.2
-3.5
-3.1
-2.5
-2.1
-2.0
-1.7
-1.5
-1.7
-2.1
-1.8
-1.7
-2.3
-2.2
-1.7
-1.9
-2.3
-2.2
-1.6
-1.8
-2.5
-2.8
-2.5
-1.7
-2.1
-3.3
-3.3
-3.1
-2.7
-2.8
-2.8
-2.7
-2.4
-1.8
-1.7
-1.1
-1.1
-1.8
-2.7
-2.8
-2.6
-2.5
-2.6
-2.7
-2.5
-2.2
-1.8
-1.5
-1.3
-1.6
-1.7
-1.7
-1.8
-2.2
-2.7
-3.1
-2.9
-2.1
-2.1
-2.6
-2.9
-2.9
-2.7
-2.5
-2.5
-2.7
-2.7
-2.8
-2.3
-1.7
-1.4
-1.5
-2.4
-2.3
-2.3
-2.2
-2.2
-2.1
-2.0
-2.4
-2.6
-2.3
-1.7
-1.6
-2.4
-3.1
-2.9
-2.2
-2.3
-3.1
-3.4
-3.1
-2.8
-2.5
-2.3
-1.9
-1.2
-1.4
-2.2
-2.5
-1.9
-1.5
-2.0
-2.8
-2.6
-2.4
-2.4
-2.1
-1.6
-1.5
-1.7
-2.0
-2.1
-2.0
-1.7
-1.9
-2.3
-2.7
-2.7
-2.2
-2.1
-2.4
-2.6
-2.3
-2.1
-1.7
-1.5
-2.2
-2.5
-2.3
-1.9
-1.9
-2.1
-2.9
-3.4
-2.7
-2.9
-3.3
-2.8
-2.1
-2.2
-2.7
-2.5
-2.2
-2.4
-2.2
-2.1
-2.0
-2.4
-2.7
-2.7
-2.8
-2.6
-2.1
-2.2
-2.7
-2.7
-2.4
-2.7
-2.5
-2.2
-2.1
-2.4
-2.7
-2.8
-2.3
-2.2
-2.9
-2.9
-3.0
-3.4
-3.4
-3.0
-3.0
-3.2
-2.9
-3.0
-3.0
-2.8
-3.1
-3.2
-2.7
-2.7
-2.8
-2.6
-2.8
-3.4
-3.2
-2.6
-2.3
-2.8
-3.5
-3.6
-2.7
-2.0
-2.0
-2.9
-3.2
-3.2
-3.1
-3.0
-3.3
-3.9
-4.5
-4.2
-3.9
-3.6
-3.3
-3.3
-3.0
-2.5
-1.9
-2.1
-2.8
-3.6
-4.4
-4.0
-3.0
-2.7
-2.4
-2.3
-2.3
-2.3
-2.2
-2.0
-2.4
-2.8
-3.4
-3.8
-3.6
-3.4
-2.9
-2.6
-2.9
-3.6
-3.7
-2.7
-2.2
-2.3
-2.8
-2.8
-2.6
-2.2
-1.9
-2.1
-2.1
-1.8
-2.0
-2.7
-2.9
-2.7
-2.8
-2.7
-2.3
-2.3
-2.5
-2.4
-2.2
-1.9
-2.4
-2.7
-3.2
-3.4
-3.7
-4.0
-3.8
-3.2
-2.7
-3.0
-3.6
-3.7
-3.1
-2.4
-2.3
-2.4
-2.4
-2.0
-1.5
-1.3
-1.8
-2.1
-2.7
-2.6
-2.2
-2.0
-2.1
-2.9
-2.7
-2.7
-2.8
-3.1
-2.6
-2.8
-3.3
-3.6
-3.5
-3.4
-3.7
-3.5
-2.7
-2.1
-2.6
-2.7
-2.2
-2.5
-2.7
-2.2
-1.6
-2.1
-2.5
-2.6
-3.0
-2.9
-2.7
-2.6
-3.1
-3.7
-3.4
-3.0
-3.5
-4.3
-3.5
-1.9
-1.1
-1.3
-2.8
-3.5
-2.8
-1.5
-1.1
-2.2
-3.2
-3.2
-2.6
-2.5
-2.6
-2.5
-2.3
-2.0
-2.0
-2.4
-2.8
-2.3
-2.1
-2.5
-2.7
-2.7
-3.0
-2.6
-2.4
-2.5
-2.5
-3.2
-3.5
-3.5
-3.1
-3.3
-3.9
-3.9
-3.0
-2.2
-2.0
-2.2
-2.8
-2.9
-2.3
-1.6
-1.5
-2.3
-3.0
-3.0
-2.7
-2.5
-2.5
-2.9
-3.2
-3.0
-3.3
-3.4
-2.9
-2.7
-3.1
-3.5
-3.6
-3.4
-3.4
-3.4
-3.1
-2.9
-2.9
-2.9
-2.8
-2.6
-2.7
-3.7
-4.0
-3.0
-2.2
-1.5
-1.6
-2.1
-1.9
-1.6
-2.3
-2.5
-1.9
-2.1
-2.5
-2.6
-2.9
-2.7
-1.9
-1.5
-2.0
-2.8
-3.8
-3.8
-2.7
-2.1
-2.0
-1.9
-2.0
-2.3
-1.9
-1.9
-2.4
-2.5
-2.7
-2.7
-2.1
-2.0
-2.4
-2.2
-1.7
-1.2
-0.9
-0.7
-1.1
-1.9
-2.3
-1.6
-1.0
-1.5
-2.0
-2.1
-2.3
-2.2
-2.1
-1.8
-2.0
-2.8
-3.2
-3.3
-2.7
-2.2
-2.7
-2.7
-2.5
-2.2
-2.3
-2.2
-2.1
-1.7
-1.6
-2.0
-2.4
-2.5
-2.4
-2.3
-1.7
-2.0
-2.6
-3.0
-2.7
-2.0
-1.7
-2.2
-3.1
-3.5
-2.9
-2.0
-1.3
-1.7
-2.1
-1.7
-1.7
-1.8
-1.9
-2.0
-2.4
-2.4
-2.2
-2.2
-2.9
-3.7
-4.1
-3.9
-2.9
-1.8
-1.7
-2.0
-2.2
-1.7
-1.3
-1.0
-0.7
-1.2
-2.3
-2.3
-1.6
-1.3
-1.6
-1.5
-2.0
-3.0
-3.4
-2.7
-2.5
-2.7
-2.6
-2.2
-1.9
-1.6
-1.7
-2.0
-2.4
-2.6
-2.9
-2.8
-2.5
-2.2
-2.4
-3.3
-3.3
-2.4
-1.9
-2.4
-2.8
-3.2
-3.5
-3.7
-3.7
-3.5
-3.0
-2.9
-2.8
-2.7
-2.6
-2.3
-2.0
-2.1
-2.7
-3.1
-3.2
-2.8
-2.3
-2.5
-3.0
-2.9
-2.3
-2.1
-2.6
-3.1
-2.6
-1.9
-2.0
-2.7
-3.1
-3.1
-2.7
-2.4
-2.8
-2.9
-2.5
-2.6
-3.0
-3.0
-2.7
-2.7
-2.7
-2.2
-2.2
-2.3
-2.3
-2.4
-2.8
-2.9
-2.6
-2.9
-3.2
-3.2
-2.7
-2.4
-2.5
-2.8
-2.5
-1.9
-2.1
-2.9
-3.0
-2.6
-2.4
-2.3
-2.2
-2.1
-2.2
-2.2
-2.1
-1.7
-2.0
-2.4
-2.3
-2.4
-2.2
-2.0
-1.8
-1.6
-2.0
-2.4
-2.4
-2.0
-1.2
-1.3
-1.9
-2.1
-2.6
-2.5
-2.0
-2.0
-1.9
-2.2
-2.2
-1.6
-1.6
-1.7
-1.9
-2.0
-2.9
-3.2
-2.7
-2.7
-3.1
-3.5
-3.2
-2.7
-2.8
-2.9
-3.7
-3.7
-3.6
-3.1
-2.5
-2.3
-2.2
-2.1
-2.0
-2.0
-1.9
-2.4
-2.6
-2.0
-2.1
-2.5
-2.5
-2.1
-2.8
-2.6
-2.2
-2.8
-3.2
-2.5
-2.0
-2.2
-2.9
-3.7
-3.8
-3.4
-2.8
-2.3
-1.9
-2.2
-2.4
-1.8
-1.3
-1.6
-2.0
-2.6
-2.6
-2.1
-2.3
-2.5
-2.2
-1.7
-2.2
-2.2
-2.2
-2.5
-2.5
-2.9
-3.5
-3.4
-2.5
-2.5
-3.5
-3.9
-2.9
-3.0
-3.3
-3.3
-2.9
-2.6
-2.6
-2.3
-2.2
-1.9
-1.9
-1.8
-2.2
-2.0
-2.0
-2.5
-2.6
-2.6
-2.4
-1.8
-1.6
-1.9
-1.9
-1.4
-1.5
-1.9
-2.1
-1.7
-1.0
-1.2
-2.3
-3.0
-3.2
-3.2
-3.4
-3.2
-3.2
-2.7
-2.0
-2.1
-2.0
-1.2
-0.8
-1.1
-1.7
-2.4
-2.7
-2.4
-1.9
-2.2
-2.4
-2.1
-1.3
-1.8
-2.5
-2.5
-1.4
-0.7
-1.1
-1.8
-2.1
-2.0
-1.7
-1.8
-1.8
-2.2
-2.1
-1.6
-2.3
-2.9
-2.6
-2.6
-3.3
-3.3
-2.8
-2.3
-2.4
-2.6
-1.9
-1.1
-1.6
-2.0
-2.0
-2.0
-2.5
-2.8
-2.5
-2.4
-1.4
-1.4
-1.9
-2.2
-2.2
-1.7
-1.6
-1.5
-1.7
-2.0
-1.8
-1.2
-0.6
-0.8
-1.4
-1.4
-1.3
-1.1
-1.1
-1.1
-1.1
-1.1
-1.4
-1.2
-0.8
-0.8
-1.3
-1.7
-1.6
-1.3
-1.6
-1.5
-1.1
-1.9
-2.5
-2.3
-1.6
-1.5
-1.7
-1.9
-1.8
-1.6
-1.9
-1.8
-1.6
-2.2
-3.3
-3.4
-2.0
-1.8
-2.5
-2.9
-3.0
-2.5
-1.9
-1.9
-2.1
-2.2
-2.2
-2.5
-2.7
-2.1
-1.6
-2.1
-2.3
-2.0
-1.3
-1.4
-1.7
-1.2
-1.2
-1.4
-1.4
-1.5
-1.3
-1.1
-1.2
-0.9
-0.1
0.3
-0.1
-0.2
-0.3
-0.9
-0.8
-0.6
-1.3
-1.7
-1.7
-1.4
-1.3
-1.0
-1.2
-1.5
-1.7
-1.7
-1.7
-1.9
-2.8
-2.7
-1.7
-0.6
-0.5
-0.7
-0.8
-1.3
-1.5
-1.2
-0.6
-0.5
-1.4
-2.1
-1.9
-1.1
-0.6
-0.8
-1.4
-1.5
-1.1
-1.1
-0.8
-0.5
-0.3
-1.0
-1.6
-1.1
-0.9
-1.3
-1.6
-1.7
-1.4
-1.2
-1.0
-1.1
-1.1
-0.9
-0.6
-1.1
-1.8
-1.7
-1.2
-0.9
-1.2
-1.5
-1.0
-0.5
-0.3
-0.2
-0.5
-1.0
-1.2
-1.1
-1.1
-1.6
-1.5
-0.8
-0.6
-0.8
-0.8
-0.4
0.0
-0.8
-1.5
-1.2
-1.4
-1.6
-1.4
-1.3
-1.5
-1.7
-1.9
-1.8
-1.0
-0.2
-0.4
-1.0
-1.2
-0.9
-0.5
-0.8
-1.1
-0.8
-0.4
-0.4
-0.8
-1.2
-1.1
-0.8
-1.2
-1.8
-2.1
-2.0
-2.4
-2.0
-1.0
0.0
-0.5
-0.6
-0.3
-0.3
-0.9
-0.9
-0.7
-1.2
-1.3
-0.8
-0.6
0.1
0.3
0.0
0.0
-0.4
-0.9
-1.1
-1.3
-1.4
-1.4
-1.5
-1.6
-1.8
-1.4
-0.7
-0.2
-0.1
-0.5
-0.7
-1.0
-1.5
-1.8
-2.1
-2.1
-1.8
-1.0
-0.9
-1.1
-1.3
-1.2
-0.9
-0.8
-0.8
-0.9
-0.7
-0.2
-0.1
-0.6
-0.7
-0.5
-0.7
-0.9
-1.6
-1.8
-1.5
-1.2
-1.5
-1.9
-1.4
-1.4
-1.8
-2.3
-2.2
-1.9
-1.4
-0.4
-0.6
-1.1
-1.7
-1.9
-1.2
-1.1
-2.1
-3.2
-2.2
-0.8
-0.6
-1.1
-1.8
-1.6
-1.2
-1.5
-1.5
-1.3
-1.0
-1.4
-1.5
-1.3
-1.1
-1.0
-1.2
-1.7
-1.7
-1.4
-1.1
-1.4
-0.7
0.0
-0.4
-0.4
-0.5
-1.1
-1.9
-1.6
-1.2
-1.0
-1.2
-1.0
-0.4
-0.5
-0.8
-1.6
-2.1
-2.1
-2.2
-2.1
-2.0
-1.8
-1.5
-1.7
-1.2
-0.5
-0.2
0.1
0.3
-0.3
-0.7
-0.9
-0.6
-0.7
-1.2
-1.1
-1.5
-1.9
-1.8
-1.5
-1.9
-2.6
-2.3
-2.1
-2.3
-2.2
-1.4
-1.2
-1.2
-0.7
-0.2
-0.9
-1.5
-1.9
-2.1
-1.8
-1.3
-1.4
-2.0
-1.9
-1.4
-0.4
-0.7
-1.2
-1.2
-1.0
-1.0
-1.4
-1.3
-1.2
-0.7
-0.4
-0.7
-0.9
-0.7
-0.9
-0.9
-0.7
-0.9
-1.2
-1.4
-2.0
-2.0
-1.8
-2.1
-2.2
-1.9
-1.5
-1.3
-0.9
-0.6
-0.4
-0.1
-0.3
-0.8
-1.1
-1.0
-1.1
-1.4
-2.2
-2.7
-2.2
-1.5
-1.1
-1.2
-1.7
-1.6
-1.6
-1.3
-1.0
-0.5
-0.5
-1.3
-1.3
-0.9
-0.8
-0.9
-0.7
-0.2
-0.4
-1.0
-1.5
-1.3
-0.8
-0.3
-0.7
-1.1
-1.3
-1.1
-0.6
-0.4
-0.6
-0.4
-0.2
-0.4
-0.7
-0.6
-0.8
-1.1
-1.3
-1.4
-1.2
-1.1
-1.2
-0.7
-0.5
-0.4
-0.1
-0.5
-1.3
-1.0
-0.6
-1.0
-1.4
-1.4
-1.7
-1.8
-1.4
-1.1
-0.8
-0.5
-1.1
-1.7
-1.4
-1.1
-1.1
-1.0
-1.2
-1.6
-1.4
-1.7
-1.3
-0.7
-1.1
-1.7
-1.9
-1.5
-1.3
-1.6
-1.8
-1.8
-1.4
-1.0
-1.2
-1.6
-1.6
-2.0
-1.8
-1.7
-2.2
-1.8
-1.8
-1.5
-1.5
-1.6
-1.3
-0.8
-1.1
-1.9
-2.0
-1.7
-2.1
-2.5
-2.5
-2.0
-1.2
-1.0
-0.9
-1.0
-1.8
-2.2
-2.1
-2.0
-2.2
-2.0
-1.5
-1.8
-2.0
-1.9
-1.5
-1.0
-0.9
-1.7
-2.1
-2.5
-2.7
-1.9
-0.6
-0.4
-1.3
-1.5
-1.1
-1.8
-2.2
-1.4
-0.8
-1.0
-1.4
-1.6
-1.5
-1.0
-0.9
-1.4
-1.6
-1.0
-1.1
-2.3
-2.6
-2.0
-1.9
-2.1
-1.8
-1.3
-1.4
-1.6
-1.5
-1.4
-1.3
-1.5
-1.6
-1.6
-1.9
-2.1
-1.6
-1.5
-2.0
-1.7
-0.8
-1.0
-1.4
-1.6
-1.6
-1.2
-1.1
-1.4
-1.2
-1.3
-1.6
-1.6
-1.0
-0.3
-0.1
-0.8
-1.7
-1.8
-1.3
-1.9
-2.5
-2.1
-1.8
-2.2
-1.9
-0.5
0.3
0.0
-0.2
-0.1
0.0
0.0
-0.3
-0.8
-1.3
-1.4
-1.4
-1.4
-1.5
-1.9
-1.5
-1.0
-0.4
-1.0
-1.1
-1.0
-0.6
-0.4
-0.6
-0.7
-1.0
-1.5
-1.4
-1.1
-1.0
-0.8
-1.2
-1.5
-1.9
-1.7
-1.4
-1.3
-1.5
-1.9
-2.4
-1.9
-1.1
-0.8
-0.5
-0.7
-1.0
-1.0
-0.7
-1.1
-0.9
-0.6
-1.1
-1.7
-1.6
-1.3
-1.5
-2.1
-2.2
-2.6
-2.0
-0.5
0.0
-0.9
-1.1
-0.7
-0.4
-0.6
-1.2
-1.4
-1.2
-1.2
-1.5
-2.0
-1.8
-1.5
-1.5
-1.9
-2.7
-3.1
-2.6
-2.2
-1.8
-1.5
-1.5
-1.0
-0.9
-1.6
-1.8
-1.5
-1.3
-1.3
-1.0
-0.7
-1.2
-1.1
-0.9
-0.8
-0.7
-1.2
-2.1
-2.7
-2.3
-1.5
-1.2
-0.9
-0.5
-0.8
-1.2
-1.2
-1.1
-0.9
-1.1
-1.1
-1.5
-2.0
-2.1
-1.6
-1.2
-1.3
-1.5
-1.8
-1.6
-1.4
-1.6
-1.6
-1.5
-1.6
-1.9
-2.0
-1.8
-1.8
-1.8
-1.5
-1.7
-2.5
-2.5
-2.2
-0.9
-0.4
-0.5
-0.2
-0.2
-0.3
0.2
0.4
0.0
-1.0
-1.5
-1.3
-0.5
-0.8
-1.5
-1.2
-1.1
-1.3
-1.2
-1.2
-1.4
-1.6
-1.5
-1.2
-1.6
-1.8
-1.7
-1.1
-0.5
-1.0
-1.3
-1.5
-1.6
-0.8
-0.6
-1.4
-0.9
-0.2
-0.2
-0.3
-0.3
0.1
0.2
-0.6
-1.1
-1.3
-1.4
-1.7
-1.2
0.1
0.0
-1.2
-1.4
-1.2
-0.7
-0.8
-1.3
-1.3
-1.6
-1.5
-1.1
-0.8
-1.0
-1.1
-0.9
-0.4
0.1
0.1
-0.7
-0.7
-0.3
-0.1
-0.2
-0.4
-0.8
-1.0
-1.3
-1.7
-1.7
-1.2
-0.7
-1.1
-2.0
-2.5
-1.9
-1.1
-0.9
-1.1
-1.3
-1.1
-0.5
-0.5
-0.6
-1.2
-1.2
-0.8
-0.4
-0.6
-0.9
-0.7
-0.6
-0.6
-0.6
-0.2
-0.1
-0.4
-1.1
-1.2
-1.0
-1.2
-0.8
-1.1
-1.5
-1.8
-1.5
-1.1
-1.1
-1.0
-1.1
-2.3
-2.5
-1.5
-0.3
0.0
0.0
-0.1
-0.5
-1.1
-1.6
-2.0
-1.9
-1.7
-2.0
-1.7
-1.4
-1.1
-1.2
-1.4
-1.6
-1.6
-1.3
-1.5
-1.8
-1.4
-0.7
-0.6
-1.4
-1.3
-1.0
-1.4
-2.0
-1.7
-0.5
0.1
-0.3
-0.7
-1.2
-1.5
-1.5
-1.1
-1.0
-0.6
0.4
0.2
-0.1
-0.1
0.0
-0.4
-0.2
0.1
-0.2
-0.7
-0.2
0.1
-0.1
-0.3
-0.7
-1.1
-1.0
-1.0
-1.1
-1.2
-1.6
-1.6
-1.8
-1.7
-1.5
-1.1
-1.0
-1.0
-1.2
-1.0
-0.9
-0.8
-0.1
0.2
0.0
-0.4
-0.9
-0.9
-1.1
-1.0
-0.3
-0.6
-1.3
-1.3
-0.6
-0.5
-0.5
-0.8
-0.9
-1.4
-1.5
-1.5
-1.0
-0.1
-0.1
0.0
0.1
-0.4
-1.0
-0.9
-0.8
-0.6
0.0
0.1
0.0
-0.3
-0.6
-0.8
-0.8
-0.6
-0.5
-0.8
-1.1
-0.6
-0.1
-0.1
0.3
0.8
-0.1
-0.9
-1.0
-1.0
-1.4
-0.9
-1.0
-2.0
-2.6
-1.8
-0.4
-0.1
-0.5
-0.9
-0.6
-0.2
-0.3
-0.2
-0.1
-0.7
-0.6
-0.5
-0.6
-0.9
-0.8
-0.8
-0.8
-0.3
0.3
-0.6
-1.3
-0.8
-0.7
-0.3
-0.3
-0.7
-0.7
-0.4
-0.6
-0.7
-0.5
-0.4
-0.8
-0.5
-0.1
-0.1
-0.3
-0.3
-0.6
-0.8
-0.5
-0.3
-0.3
-1.0
-1.4
-0.9
-0.6
-0.8
-0.9
-0.6
-0.8
-1.0
-0.8
-0.4
0.2
0.1
-0.8
-1.3
-1.2
-1.7
-2.2
-2.3
-2.1
-1.5
-1.1
-1.2
-1.5
-1.4
-0.8
-0.8
-1.2
-0.5
0.0
-0.2
-1.1
-0.6
-0.3
0.0
-0.2
-1.3
-1.8
-1.9
-1.6
-1.4
-1.3
-1.2
-1.3
-1.1
-0.9
-0.6
-0.2
-0.6
-1.2
-1.3
-0.8
-0.6
-0.6
-0.9
-1.2
-1.1
-0.4
-0.8
-1.9
-1.7
-1.3
-0.9
-1.5
-1.7
-1.4
-0.9
-0.2
-0.5
-1.2
-0.9
-0.5
-0.3
-0.6
-1.2
-1.1
-0.5
-0.6
-0.7
-0.4
-0.2
-0.9
-1.4
-1.0
-0.2
-0.5
-1.5
-1.7
-1.7
-1.3
-1.4
-1.7
-2.0
-1.9
-2.0
-2.0
-1.9
-1.3
-0.9
-0.4
0.0
-0.1
-0.1
-0.6
-1.3
-1.4
-0.7
-0.8
-1.1
-1.3
-1.4
-1.0
-0.6
-0.5
-0.1
-0.1
-0.5
-0.4
-0.2
-0.2
-0.2
-0.1
-0.8
-0.9
-0.7
-0.8
-0.8
-0.7
-0.6
-0.7
-0.7
-1.3
-1.5
-0.8
-0.9
-1.0
-0.8
-0.5
-0.3
-0.2
-0.2
0.1
0.2
0.1
0.0
0.0
-0.7
-0.4
0.0
-0.4
-0.8
-1.0
-1.4
-1.5
-0.8
-0.5
-0.8
-1.1
-1.7
-2.1
-2.0
-2.2
-2.2
-1.2
-0.2
0.0
-0.3
-0.3
0.0
0.0
-0.6
-1.7
-1.8
-1.2
-0.3
0.0
-0.2
-0.1
0.0
-0.4
-0.6
-0.4
-0.2
-0.2
-0.4
-0.8
-1.0
-0.2
0.1
-1.0
-1.6
-1.6
-1.1
-0.6
-0.4
-0.4
-0.3
0.1
0.2
-0.3
-0.8
-0.4
0.7
2.2
2.3
2.1
2.2
2.2
2.3
2.9
3.4
3.6
3.5
4.3
5.6
6.0
6.0
5.9
6.3
6.9
7.5
8.3
8.3
8.3
8.9
9.8
10.0
10.3
10.5
10.8
10.7
10.7
11.0
11.6
12.2
12.7
12.6
12.6
12.9
13.7
14.8
15.1
15.1
14.9
14.3
14.1
14.3
14.3
14.5
14.6
14.6
14.3
14.0
13.9
13.9
14.1
13.7
13.4
12.9
12.7
12.5
12.6
12.3
11.9
12.0
11.8
10.8
10.1
10.2
10.2
9.5
8.5
8.0
7.7
8.0
8.5
8.5
8.1
7.6
7.5
7.5
7.2
6.7
5.9
5.9
6.1
6.0
5.8
5.5
5.9
5.7
5.5
4.8
4.0
4.0
4.4
4.9
4.6
4.1
3.7
3.5
3.4
3.2
2.6
2.2
2.4
3.1
3.1
2.7
2.3
2.1
2.6
3.2
3.6
2.5
1.6
2.1
2.3
1.4
1.2
2.0
2.1
1.4
1.3
1.5
1.2
1.0
0.9
1.0
1.0
0.7
0.2
0.6
1.0
0.6
0.3
0.6
0.8
1.1
1.0
0.8
0.6
0.7
1.1
0.9
0.5
0.1
0.1
-0.1
0.0
0.3
1.1
1.5
0.6
0.0
0.1
0.3
0.1
-0.2
-0.4
-0.4
-0.4
-0.6
-0.7
-0.5
-0.2
0.2
0.4
-0.5
-1.1
-0.6
0.1
-0.1
-0.3
-0.5
-0.6
-0.5
-0.2
-0.1
0.0
0.5
0.5
0.0
-0.5
-0.9
-0.1
0.3
0.0
-0.7
-1.0
-0.6
-0.3
-0.6
-0.7
-0.5
0.0
-0.1
-0.9
-0.6
0.3
1.0
0.4
-0.2
-0.1
-0.1
-0.3
-0.3
-0.6
-0.9
-1.1
-1.0
-0.7
-0.2
0.2
-0.1
-0.3
-0.5
-0.7
-1.2
-0.6
0.2
0.2
-0.1
-0.1
0.2
0.2
0.2
0.0
0.0
-0.3
-0.2
0.0
0.2
0.1
-0.4
-0.4
-0.1
-0.2
-0.3
-0.4
-0.6
-0.3
-0.1
0.2
0.2
-0.2
-0.8
-1.4
-1.5
-1.5
-1.3
-1.2
-1.0
-0.4
0.3
0.0
-0.6
-0.5
-0.4
-0.9
-1.4
-1.9
-2.0
-1.9
-2.3
-2.7
-2.0
-0.2
0.9
0.5
0.2
-0.3
-0.6
-0.8
-1.0
-1.5
-2.4
-2.6
-2.4
-2.3
-1.6
-0.9
-0.9
-1.4
-1.2
-1.0
-2.1
-2.9
-1.9
-0.6
-0.1
-1.2
-1.6
-1.8
-0.8
-0.1
-0.9
-1.6
-1.5
-1.1
-1.1
-1.5
-1.4
-1.5
-1.9
-2.2
-2.2
-2.2
-2.1
-1.3
-1.0
-1.7
-1.4
-1.1
-0.9
-1.2
-1.7
-1.8
-1.4
-0.9
-1.2
-1.5
-1.2
-1.1
-0.9
-0.9
-1.2
-1.1
-0.9
-1.7
-2.3
-2.1
-1.7
-2.0
-2.5
-2.8
-2.5
-1.8
-1.4
-1.5
-2.0
-1.5
-1.0
-1.2
-1.5
-1.8
-2.2
-2.2
-1.4
-0.9
-1.3
-1.0
-0.6
-1.2
-1.7
-1.5
-1.4
-1.4
-1.6
-1.4
-1.4
-1.5
-1.7
-1.7
-1.6
-2.0
-2.6
-2.6
-2.6
-2.6
-2.2
-1.5
-1.1
-1.1
-1.2
-1.4
-1.0
-1.0
-1.4
-1.9
-1.6
-1.7
-1.8
-2.0
-2.4
-2.4
-1.4
-0.7
-0.8
-0.9
-0.9
-1.9
-2.5
-2.2
-1.9
-1.8
-1.8
-2.0
-2.4
-2.3
-1.7
-1.4
-1.5
-1.2
-1.2
-1.4
-2.0
-1.8
-1.4
-1.2
-1.4
-2.2
-2.4
-2.7
-3.0
-2.8
-2.7
-2.4
-2.6
-3.1
-3.4
-3.1
-2.3
-1.9
-2.1
-2.0
-1.5
-1.9
-2.4
-2.3
-2.2
-2.5
-2.9
-2.9
-2.4
-2.4
-2.1
-2.5
-2.8
-2.6
-2.4
-2.5
-2.3
-2.0
-1.8
-2.3
-2.5
-2.2
-2.3
-2.6
-2.2
-2.3
-2.6
-2.5
-2.4
-2.4
-2.1
-1.8
-2.3
-2.4
-1.7
-1.5
-1.9
-2.4
-2.0
-2.2
-2.7
-2.3
-1.9
-2.4
-2.9
-2.8
-1.9
-1.7
-1.8
-2.4
-3.0
-3.3
-3.5
-2.7
-1.2
-1.0
-2.0
-2.3
-1.5
-1.4
-1.8
-1.7
-1.6
-2.2
-2.5
-2.7
-2.3
-1.9
-1.5
-1.4
-1.9
-1.9
-1.4
-1.2
-1.5
-1.9
-1.3
-1.1
-1.7
-1.6
-1.3
-1.5
-1.6
-1.5
-1.4
-1.1
-1.1
-1.5
-2.0
-1.9
-1.8
-2.2
-2.5
-2.0
-1.8
-1.9
-1.8
-1.3
-0.9
-1.1
-1.1
-0.8
-1.5
-2.0
-2.0
-2.0
-1.7
-1.9
-1.8
-2.3
-2.1
-1.9
-2.2
-2.3
-2.0
-1.9
-2.0
-1.6
-1.6
-2.2
-2.5
-1.8
-1.7
-2.2
-2.9
-2.9
-2.2
-2.0
-2.2
-2.1
-1.8
-1.8
-2.3
-2.2
-1.6
-1.4
-1.4
-1.4
-1.2
-1.4
-1.7
-1.5
-1.4
-2.2
-2.9
-1.9
-0.5
-0.3
-1.3
-1.6
-1.0
-0.4
-0.8
-1.5
-1.9
-1.7
-1.5
-1.1
-1.1
-1.0
-0.6
-1.2
-1.5
-1.3
-0.8
-0.9
-1.1
-1.3
-1.3
-1.2
-1.5
-2.2
-2.6
-2.3
-1.7
-1.5
-1.5
-2.0
-2.3
-1.9
-1.4
-1.6
-1.6
-1.9
-1.6
-1.2
-1.4
-1.4
-1.5
-1.3
-1.2
-1.7
-2.1
-1.8
-1.3
-0.9
-0.8
-1.1
-1.3
-1.3
-1.2
-1.7
-2.2
-1.8
-1.8
-2.3
-2.7
-2.6
-2.0
-2.1
-2.5
-2.6
-2.4
-2.2
-2.3
-2.9
-2.8
-2.4
-2.3
-2.3
-1.8
-1.2
-1.4
-1.7
-1.4
-1.4
-1.5
-1.6
-1.6
-1.5
-1.4
-0.9
-0.8
-1.3
-1.3
-1.1
-1.0
-0.8
-0.5
-0.5
-1.4
-1.7
-1.6
-1.5
-1.3
-0.9
-0.9
-1.2
-1.1
-0.7
-0.7
-0.9
-0.7
-1.2
-2.0
-2.3
-2.1
-1.8
-1.3
-1.3
-1.4
-1.6
-1.6
-1.5
-1.9
-2.3
-2.2
-2.6
-2.1
-2.0
-2.2
-2.3
-1.8
-1.4
-1.4
-2.2
-2.4
-2.5
-2.0
-2.0
-2.0
-2.1
-2.2
-2.5
-2.4
-2.3
-2.3
-2.3
-1.9
-1.8
-2.2
-2.0
-1.8
-2.4
-2.5
-2.9
-3.0
-3.0
-2.2
-1.9
-2.0
-1.6
-1.5
-1.4
-2.0
-2.5
-2.5
-2.8
-2.9
-2.2
-1.1
-0.8
-1.6
-2.4
-2.5
-2.8
-3.2
-3.2
-2.9
-2.9
-3.2
-2.8
-2.7
-2.4
-2.3
-2.3
-2.3
-1.9
-2.1
-2.2
-1.8
-1.1
-1.5
-1.9
-1.9
-1.7
-2.0
-2.5
-2.5
-1.5
-1.6
-2.3
-2.5
-2.6
-2.4
-2.6
-3.0
-3.3
-3.0
-2.0
-1.8
-2.5
-2.5
-2.6
-2.7
-1.9
-1.4
-2.0
-3.4
-3.4
-3.0
-3.1
-3.2
-3.2
-3.2
-2.5
-2.1
-2.1
-2.3
-2.2
-2.3
-2.5
-2.5
-2.1
-1.8
-1.6
-1.7
-2.0
-1.9
-1.6
-1.5
-1.9
-2.4
-2.5
-2.1
-1.8
-2.0
-2.2
-2.1
-2.1
-2.9
-2.8
-2.6
-2.4
-2.2
-2.0
-2.2
-2.3
-2.2
-2.4
-2.2
-1.5
-1.3
-2.2
-2.8
-2.3
-1.4
-1.2
-2.0
-2.9
-3.0
-1.8
-1.3
-1.8
-2.0
-2.0
-2.1
-2.6
-2.3
-2.2
-1.9
-1.8
-2.5
-2.4
-1.6
-1.4
-2.1
-1.9
-1.7
-2.3
-2.4
-2.2
-1.9
-1.7
-1.7
-2.2
-2.7
-2.0
-1.2
-1.3
-1.8
-2.0
-2.0
-1.7
-1.7
-2.3
-2.1
-2.4
-2.7
-3.0
-2.5
-2.3
-2.5
-2.0
-1.7
-2.3
-2.5
-2.2
-1.9
-2.4
-2.5
-2.3
-2.4
-2.5
-2.1
-1.2
-1.0
-1.5
-2.0
-2.0
-2.0
-1.6
-1.6
-1.7
-2.1
-2.2
-2.1
-1.7
-1.6
-1.9
-2.2
-2.0
-1.6
-1.1
-1.0
-1.4
-2.2
-2.0
-1.2
-1.3
-1.9
-1.8
-0.8
-0.1
-0.2
-1.0
-1.1
-1.1
-1.4
-1.9
-2.6
-2.3
-1.4
-1.5
-1.5
-1.2
-0.8
-1.1
-1.5
-1.5
-1.7
-2.0
-2.0
-1.6
-1.5
-2.0
-2.2
-2.0
-1.7
-1.4
-1.7
-1.8
-1.9
-2.4
-2.5
-2.2
-1.6
-1.7
-1.6
-1.5
-2.3
-2.4
-1.8
-1.7
-2.0
-2.4
-2.5
-2.4
-1.7
-1.5
-2.2
-2.1
-1.1
-0.9
-2.1
-2.9
-3.4
-3.2
-2.7
-1.8
-2.0
-2.7
-3.2
-3.0
-2.2
-1.4
-1.6
-2.5
-3.0
-2.9
-2.0
-2.3
-2.9
-3.1
-2.8
-2.5
-2.5
-2.3
-2.8
-2.7
-2.7
-3.2
-3.3
-3.5
-3.7
-3.3
-3.1
-3.7
-3.8
-3.2
-2.9
-2.9
-2.2
-1.8
-2.7
-3.0
-2.7
-3.0
-3.0
-3.6
-4.1
-4.0
-3.6
-3.6
-3.6
-3.0
-2.8
-2.7
-2.6
-2.8
-3.1
-2.9
-3.2
-3.5
-3.2
-2.6
-2.6
-2.9
-3.3
-3.1
-2.3
-1.9
-2.2
-2.9
-3.6
-3.5
-3.5
-3.7
-4.0
-4.1
-4.6
-4.8
-4.3
-3.7
-3.0
-2.6
-3.1
-3.2
-2.9
-2.6
-2.5
-3.0
-2.9
-2.9
-2.5
-2.3
-2.4
-1.9
-2.2
-2.7
-2.8
-2.1
-2.1
-2.5
-2.4
-1.8
-1.5
-1.9
-2.2
-2.0
-1.5
-1.6
-2.1
-2.2
-2.5
-2.8
-2.4
-2.3
-2.4
-2.2
-2.1
-2.8
-2.8
-2.6
-2.3
-2.6
-3.1
-2.9
-2.8
-3.0
-3.5
-3.4
-3.1
-2.6
-2.1
-2.2
-2.9
-3.2
-3.1
-2.7
-2.3
-2.4
-2.7
-2.7
-3.2
-3.0
-2.3
-2.2
-2.5
-2.8
-2.5
-2.7
-3.0
-2.8
-2.3
-2.8
-3.2
-3.1
-3.1
-3.5
-3.3
-2.9
-3.0
-3.2
-2.8
-2.5
-2.7
-2.0
-1.7
-2.1
-1.9
-1.6
-2.1
-2.6
-3.1
-3.0
-2.7
-2.2
-1.6
-1.2
-1.3
-2.2
-3.0
-2.7
-2.3
-2.5
-2.7
-2.7
-2.5
-2.0
-2.0
-2.3
-2.1
-1.6
-1.3
-1.1
-1.4
-1.5
-1.3
-1.0
-1.0
-1.6
-2.0
-2.2
-2.4
-2.8
-3.0
-2.4
-2.1
-1.7
-1.2
-1.4
-2.4
-2.7
-2.4
-2.1
-1.7
-1.4
-2.2
-2.7
-2.5
-1.8
-1.5
-1.4
-1.6
-1.8
-1.8
-2.5
-2.5
-2.4
-2.0
-1.8
-1.8
-1.6
-1.3
-1.6
-1.4
-1.5
-2.3
-2.8
-2.8
-2.3
-2.2
-1.7
-1.2
-0.9
-0.6
-0.4
0.1
0.6
0.7
0.8
1.5
2.3
2.4
2.2
1.9
2.6
4.4
4.9
4.4
3.9
3.6
4.6
5.4
5.2
5.1
5.5
6.2
6.5
7.1
8.2
8.6
8.0
7.1
6.8
7.8
9.4
9.2
8.1
8.0
8.6
8.7
7.8
7.1
6.8
6.8
7.1
7.0
6.6
6.6
6.9
7.3
7.2
6.4
5.9
5.6
5.7
5.8
6.2
5.3
4.5
4.6
4.8
4.4
3.9
3.1
2.8
3.5
4.3
3.9
2.8
3.2
3.4
2.9
2.6
2.4
2.4
1.7
1.5
1.5
1.4
1.4
1.3
0.7
0.0
0.3
0.5
0.2
0.0
0.0
-0.1
-0.3
-0.1
0.2
0.4
0.0
-0.8
-0.9
-0.5
-0.7
-1.1
-1.2
-0.7
-0.5
-0.6
-0.8
-0.7
-0.8
-1.5
-1.6
-1.6
-1.2
-1.7
-2.0
-1.7
-1.0
-1.1
-1.4
-1.0
-0.9
-1.4
-1.7
-1.9
-1.5
-1.0
-0.5
-1.0
-1.1
-0.6
-1.1
-1.5
-1.5
-1.6
-2.1
-1.9
-1.5
-1.7
-2.0
-2.0
-1.8
-1.9
-2.2
-1.9
-1.5
-1.4
-1.7
-1.8
-1.5
-2.5
-2.1
-1.2
-0.8
-1.1
-1.2
-1.1
-1.4
-1.7
-1.5
-1.3
-1.2
-1.4
-1.8
-2.1
-1.8
-1.5
-1.5
-1.4
-1.5
-2.3
-3.5
-3.4
-2.8
-2.9
-2.5
-1.9
-1.9
-2.8
-3.3
-3.3
-2.9
-2.0
-1.0
-1.4
-1.6
-1.1
-0.6
-0.4
-1.2
-2.2
-2.4
-2.2
-2.5
-3.1
-3.0
-2.7
-2.8
-2.6
-2.1
-2.0
-2.2
-2.9
-2.6
-1.5
-1.3
-1.5
-1.3
-1.2
-1.5
-1.8
-2.1
-2.3
-2.2
-2.0
-2.1
-2.2
-2.7
-3.5
-3.5
-2.7
-1.8
-1.5
-1.9
-2.4
-2.5
-2.3
-2.1
-1.6
-1.5
-2.1
-2.5
-2.7
-2.9
-2.7
-2.3
-2.7
-3.6
-3.6
-3.3
-3.3
-2.9
-2.7
-2.8
-3.2
-3.2
-3.4
-3.5
-3.5
-3.2
-3.0
-2.7
-2.4
-1.8
-1.6
-2.2
-2.9
-3.1
-2.9
-3.1
-3.3
-2.9
-3.0
-3.2
-3.2
-2.5
-2.9
-3.5
-3.6
-3.5
-2.8
-1.3
-2.2
-4.0
-3.7
-2.7
-2.4
-2.5
-2.3
-2.0
-2.2
-2.5
-2.5
-2.3
-2.8
-3.2
-3.1
-2.7
-2.9
-2.3
-1.8
-1.4
-1.4
-2.0
-2.9
-3.5
-3.6
-3.5
-2.9
-2.2
-2.5
-2.5
-3.0
-3.4
-2.9
-2.7
-2.9
-3.0
-2.9
-2.9
-2.4
-2.1
-2.2
-2.5
-2.8
-3.0
-2.9
-2.5
-2.2
-2.5
-2.7
-3.0
-3.1
-2.8
-2.9
-3.2
-3.0
-2.5
-2.9
-3.5
-3.2
-2.6
-2.6
-2.8
-2.7
-2.7
-2.5
-2.3
-2.0
-1.6
-2.0
-2.5
-2.1
-2.1
-2.3
-1.8
-2.0
-2.5
-3.1
-3.1
-3.1
-3.2
-3.6
-4.0
-4.0
-3.5
-3.5
-3.2
-3.0
-2.9
-2.9
-3.2
-3.0
-2.5
-2.8
-3.1
-3.0
-3.1
-3.3
-2.7
-1.7
-2.1
-3.0
-3.4
-3.2
-3.1
-2.9
-3.0
-2.9
-2.7
-2.2
-1.9
-2.3
-2.1
-2.3
-2.4
-1.9
-1.8
-2.3
-2.2
-1.7
-1.3
-2.2
-2.7
-2.5
-2.3
-2.5
-2.9
-3.2
-3.6
-3.5
-3.0
-2.7
-2.4
-1.8
-1.8
-2.1
-2.1
-1.6
-1.4
-1.6
-1.8
-2.3
-2.5
-2.3
-2.1
-1.8
-1.7
-1.9
-2.8
-3.5
-3.1
-2.2
-2.0
-2.4
-3.0
-2.7
-2.2
-1.5
-1.8
-3.2
-3.6
-3.0
-2.7
-3.1
-3.1
-2.9
-3.2
-3.4
-3.3
-3.1
-2.8
-2.7
-2.6
-2.5
-2.2
-2.0
-1.7
-1.5
-1.7
-1.7
-1.6
-1.6
-1.4
-1.7
-1.8
-1.6
-1.7
-2.1
-1.9
-1.2
-1.2
-1.8
-1.6
-1.2
-1.2
-1.6
-1.5
-0.8
-1.1
-1.7
-1.8
-1.3
-1.4
-2.5
-3.0
-2.4
-1.8
-1.8
-2.1
-2.3
-2.0
-1.9
-2.0
-1.8
-1.2
-1.1
-0.8
-1.2
-1.1
-1.3
-1.5
-1.5
-1.8
-2.3
-2.3
-2.2
-2.1
-2.0
-1.8
-1.7
-1.6
-1.5
-2.2
-3.0
-3.1
-2.7
-2.3
-2.1
-2.3
-1.8
-1.5
-1.4
-1.4
-0.9
-0.4
-0.8
-1.1
-1.3
-1.1
-1.1
-1.0
-0.8
-1.1
-1.6
-2.2
-2.0
-1.7
-2.0
-2.6
-2.4
-1.9
-1.8
-1.5
-1.7
-2.2
-2.8
-2.8
-2.5
-2.0
-1.3
-1.2
-1.4
-1.8
-1.8
-1.5
-1.5
-1.5
-1.7
-2.1
-2.6
-2.3
-1.9
-2.2
-2.5
-2.4
-2.5
-3.0
-3.2
-2.9
-2.2
-1.7
-1.4
-1.3
-2.0
-2.5
-2.4
-2.1
-1.9
-2.0
-2.2
-2.3
-2.0
-1.9
-2.4
-2.8
-2.9
-2.7
-2.2
-2.1
-2.4
-2.6
-1.9
-0.9
-1.4
-2.4
-2.4
-1.9
-2.0
-2.0
-1.2
-1.3
-1.8
-1.4
-1.0
-1.3
-1.8
-2.2
-2.3
-2.2
-1.6
-1.3
-1.7
-1.7
-1.7
-1.0
-1.1
-1.9
-2.0
-2.0
-1.6
-1.9
-2.1
-1.9
-1.2
-1.5
-2.1
-2.2
-1.8
-1.3
-1.3
-2.1
-2.4
-1.0
-0.7
-1.3
-1.3
-1.5
-1.7
-1.6
-1.4
-1.8
-2.5
-2.5
-2.1
-2.0
-2.3
-2.2
-1.7
-1.2
-1.5
-1.8
-1.6
-1.8
-2.3
-2.6
-2.4
-2.0
-2.2
-1.9
-2.2
-2.2
-1.8
-0.9
-1.1
-1.7
-2.0
-1.8
-1.7
-1.8
-2.0
-2.0
-1.7
-1.9
-2.0
-2.0
-2.4
-2.6
-2.0
-1.7
-2.1
-1.9
-1.7
-2.0
-2.1
-1.9
-2.2
-2.4
-2.1
-2.1
-2.1
-1.9
-1.7
-1.9
-2.5
-2.6
-1.9
-1.6
-2.3
-2.7
-2.6
-2.3
-2.1
-1.9
-1.9
-2.4
-2.6
-2.3
-1.9
-1.9
-2.0
-1.7
-1.5
-1.6
-1.9
-2.1
-2.0
-2.0
-2.3
-2.0
-1.8
-1.9
-2.1
-1.6
-1.3
-1.3
-1.5
-1.6
-1.2
-0.8
-0.8
-0.8
-0.6
-0.7
-0.8
-1.2
-1.7
-1.8
-1.5
-1.6
-1.7
-1.9
-1.9
-2.2
-1.9
-2.1
-2.3
-1.6
-0.9
-0.4
0.0
0.5
1.2
0.8
1.1
1.8
2.2
2.1
1.3
1.8
3.0
3.2
3.0
3.7
4.8
5.3
4.8
5.0
5.9
6.2
6.3
6.9
7.7
7.8
7.7
8.7
9.6
10.0
10.1
10.4
10.3
10.9
11.6
11.8
12.4
12.5
13.1
13.7
14.2
14.3
14.5
14.4
14.4
14.6
15.4
16.4
16.9
17.4
18.0
18.4
18.4
18.4
18.3
18.9
19.3
19.3
19.3
20.1
20.9
20.9
21.0
21.9
22.2
22.0
21.6
21.3
21.9
22.6
23.0
23.2
23.6
23.5
23.4
23.9
24.2
24.6
24.6
24.8
24.9
25.3
25.7
26.1
26.6
27.2
28.3
28.5
27.5
27.5
28.1
28.0
28.1
28.5
28.8
29.1
29.6
30.0
29.9
29.3
28.5
28.5
29.1
29.5
29.9
30.2
30.0
30.3
31.2
31.5
30.9
30.6
30.5
31.0
31.8
32.5
32.4
32.2
32.9
33.2
33.3
33.5
33.8
34.5
34.7
34.8
34.4
34.1
33.8
33.9
34.9
35.1
34.5
34.6
36.1
37.1
36.7
36.7
36.4
35.9
35.4
35.5
36.5
37.6
38.3
38.1
37.5
37.6
38.1
38.1
38.0
37.9
38.0
38.6
39.2
38.8
38.6
38.9
39.0
38.7
38.3
38.5
38.9
39.1
39.7
39.6
39.1
38.9
39.0
38.7
38.3
38.2
38.6
38.7
38.7
38.8
39.3
40.1
40.0
39.5
39.2
39.2
39.5
39.5
39.0
39.4
39.9
39.9
39.2
39.0
39.7
39.8
39.2
38.7
39.1
39.5
39.9
39.8
39.7
40.2
40.9
40.9
40.5
40.4
39.8
39.9
41.0
41.3
40.4
39.9
40.2
40.6
40.9
40.6
40.0
40.1
40.5
40.9
41.4
41.6
41.3
40.3
40.0
40.5
41.0
41.3
40.9
40.3
40.2
41.2
41.5
40.7
40.0
40.1
40.8
41.2
40.7
39.9
40.0
40.5
40.0
39.2
38.5
38.7
38.4
38.1
38.3
38.9
38.5
38.6
38.4
37.8
37.5
37.4
37.6
37.8
38.6
39.4
39.3
39.4
39.6
39.7
39.4
38.3
37.6
38.2
38.7
38.7
38.5
38.5
38.6
38.5
39.2
39.4
39.0
39.1
39.4
39.2
39.2
39.6
40.0
39.9
39.9
40.1
40.4
40.3
40.5
41.0
41.4
41.0
41.1
41.2
40.7
40.7
40.3
41.0
41.9
41.4
40.2
39.5
39.5
39.7
40.4
41.0
40.7
40.2
40.2
40.6
40.8
41.6
41.8
41.5
41.3
40.9
40.9
41.7
41.4
41.0
40.8
40.0
40.1
40.4
39.8
39.2
39.0
39.4
39.2
39.3
39.3
38.9
39.4
39.9
39.7
39.1
39.0
38.8
39.1
39.4
39.5
39.3
39.1
39.7
39.5
38.8
38.7
39.5
39.6
39.0
38.7
38.7
38.8
39.4
39.2
38.6
38.4
38.6
39.2
40.1
40.0
39.9
40.0
40.2
39.9
39.2
39.1
39.1
39.2
39.5
40.1
40.2
40.3
41.1
40.5
39.9
39.7
39.8
39.7
39.3
38.9
39.1
40.1
40.5
40.5
40.7
40.6
40.2
40.1
39.7
39.1
39.0
38.7
38.5
39.2
39.6
39.6
39.1
38.4
38.0
38.7
38.9
38.7
38.5
38.3
38.5
38.9
38.5
38.0
38.1
38.0
37.7
37.6
37.2
37.7
37.9
37.4
37.4
37.3
37.3
36.9
36.7
36.3
35.9
36.2
36.7
37.1
37.5
38.0
37.9
37.2
36.4
36.2
36.3
36.3
36.8
36.8
36.6
36.9
37.2
38.4
38.7
38.1
37.5
37.4
37.7
37.5
36.9
36.7
37.2
38.0
38.0
37.7
37.3
37.1
37.2
37.7
38.1
38.1
37.8
36.7
36.2
36.5
37.0
37.0
36.6
36.2
36.1
36.3
36.3
35.8
35.5
35.3
35.1
35.0
35.4
35.8
35.7
35.1
35.0
35.2
35.2
34.9
35.3
35.4
34.8
33.9
34.0
34.2
34.7
34.5
33.7
33.5
34.2
35.0
35.3
34.9
34.7
34.8
34.6
34.2
34.1
34.4
34.8
34.9
34.8
34.6
34.5
34.6
34.9
35.2
35.2
34.9
34.6
35.0
35.6
35.7
35.1
34.7
34.2
33.8
34.7
35.1
34.8
34.3
33.8
33.6
34.0
34.9
34.5
33.9
33.3
33.4
34.6
35.1
35.5
35.1
34.9
34.3
33.7
33.5
33.2
33.2
33.5
33.9
33.6
33.2
33.3
33.5
33.5
33.2
32.8
32.4
32.5
33.2
33.5
33.4
33.7
34.0
33.7
33.5
33.1
32.8
32.9
33.3
33.2
33.3
33.8
34.2
33.3
32.8
32.9
32.7
32.5
32.6
32.7
32.9
32.3
31.5
31.7
32.3
32.5
32.5
32.6
32.6
32.6
32.8
32.8
32.4
32.0
31.6
32.0
32.7
32.5
32.1
32.2
32.4
32.3
32.4
32.5
32.4
32.8
33.0
32.9
33.0
33.5
32.4
31.9
32.9
33.0
32.3
32.0
31.9
31.6
31.4
31.9
32.2
32.3
32.2
31.5
31.3
32.2
33.1
33.7
33.2
32.6
32.0
31.9
31.7
31.6
31.7
32.2
33.0
33.3
32.5
31.6
31.5
31.9
31.9
32.2
32.2
31.2
31.1
31.3
32.1
32.2
31.8
31.3
31.2
31.5
31.9
32.3
32.5
32.5
32.0
31.7
31.4
31.0
30.7
31.0
30.7
29.9
29.7
30.4
30.8
30.4
30.2
29.9
29.3
29.6
29.9
29.8
29.8
29.7
29.3
29.5
30.2
30.4
30.2
30.1
30.1
30.6
30.6
30.2
29.8
29.5
29.9
30.4
30.4
30.1
30.1
30.0
29.6
29.8
30.2
30.0
29.7
29.9
30.7
30.2
29.4
29.3
29.8
29.4
28.8
28.9
29.1
29.1
29.1
29.2
29.2
29.2
29.1
29.5
29.8
29.7
28.6
28.1
28.6
29.2
29.3
28.9
28.8
28.8
28.8
29.0
29.3
29.0
28.8
28.5
28.2
28.7
28.9
28.5
28.3
29.0
29.5
28.7
28.2
28.6
29.0
29.0
28.8
29.0
28.8
29.0
28.6
28.8
29.1
28.6
28.0
27.5
27.7
27.7
27.5
27.9
27.6
27.2
26.7
26.5
27.2
27.3
26.7
26.7
26.6
26.5
26.4
26.4
25.5
25.3
25.8
26.5
26.6
27.0
26.6
26.2
27.1
27.8
26.9
26.6
26.4
26.1
25.8
26.3
26.9
26.7
26.4
27.0
26.8
26.2
26.0
26.7
26.7
26.4
26.2
26.5
26.5
26.0
25.5
25.4
26.2
26.9
26.8
25.9
25.6
26.0
26.3
26.2
25.8
25.6
25.6
25.8
26.3
26.6
26.6
26.3
26.2
26.9
26.5
26.0
25.8
25.4
25.4
26.1
27.3
27.8
27.2
26.7
27.0
28.2
28.2
27.6
27.6
27.5
26.9
26.7
27.4
27.8
27.3
26.5
25.7
26.1
26.4
26.4
26.1
25.6
25.3
24.9
25.0
24.8
24.4
23.9
23.6
23.8
24.0
24.1
24.3
23.9
23.2
22.8
22.7
22.9
22.5
22.1
22.4
23.2
23.7
23.3
23.1
22.9
23.2
23.0
22.6
23.0
23.3
23.4
23.4
23.7
24.4
24.7
24.8
24.9
25.2
25.0
24.3
24.2
24.6
24.6
24.6
24.6
24.2
24.1
24.2
23.9
23.4
23.3
23.4
23.4
23.5
23.5
23.3
22.9
23.0
23.4
23.6
23.3
23.0
23.2
23.5
23.4
23.8
24.1
23.9
22.9
22.7
22.8
23.1
23.6
23.4
23.1
23.6
23.9
23.4
23.0
22.9
23.3
23.6
23.9
24.0
23.8
23.6
23.6
23.3
23.2
23.0
22.5
22.0
22.0
22.3
22.0
21.1
21.3
21.7
21.2
20.4
20.2
20.7
21.2
20.7
20.4
20.3
20.4
20.6
20.1
19.9
20.1
20.3
20.0
19.6
20.0
19.9
20.1
20.2
20.8
20.6
20.3
20.6
20.8
20.7
21.0
21.0
20.6
20.6
21.4
21.7
21.5
21.4
21.5
21.6
21.5
20.9
20.2
20.2
20.7
20.9
20.6
20.2
20.1
19.7
19.6
20.0
19.7
19.2
19.2
19.2
19.3
19.5
19.3
18.9
18.6
19.0
19.2
18.7
18.2
17.9
18.2
18.6
19.1
18.6
18.1
17.8
17.7
18.0
18.4
18.3
18.0
18.0
18.2
17.8
18.0
18.4
18.5
18.3
18.3
18.3
18.7
18.6
17.9
17.8
18.2
18.5
18.6
18.6
18.0
17.8
18.3
17.6
17.1
16.9
17.1
17.1
16.9
16.9
17.0
17.3
17.7
17.4
16.8
16.6
16.6
17.2
18.0
18.0
17.7
17.5
17.9
18.2
18.1
17.7
17.8
18.4
19.0
18.7
18.6
18.6
19.0
18.6
18.1
18.6
19.0
18.9
18.8
18.9
19.0
19.4
20.1
20.0
19.2
18.6
18.8
18.7
18.5
18.5
18.8
18.8
18.9
18.8
18.5
18.5
18.9
19.4
18.5
18.5
19.1
19.1
18.8
18.5
18.7
19.0
18.7
18.3
18.2
18.2
18.0
18.4
18.7
18.6
18.2
17.9
17.4
17.4
17.0
16.8
17.0
17.4
17.4
17.1
17.3
17.2
17.1
16.9
16.9
17.0
17.4
17.3
17.0
16.7
16.6
16.2
15.8
16.1
16.6
15.8
15.2
15.2
15.8
15.9
15.8
15.5
15.1
15.0
15.1
15.2
15.1
15.1
15.5
16.0
16.8
16.7
15.7
15.3
16.5
17.3
16.7
16.0
15.8
16.1
16.4
16.3
16.2
16.4
17.2
16.9
16.1
16.3
16.6
16.3
16.0
15.9
16.6
16.7
16.4
15.7
15.8
16.4
16.4
16.0
15.5
15.7
15.6
15.2
15.2
15.8
16.0
15.9
15.9
15.5
14.9
15.0
15.2
14.8
15.0
15.3
15.5
14.9
13.8
13.4
13.9
14.5
14.5
13.9
14.0
13.9
14.2
14.6
14.7
14.4
14.5
14.4
14.0
14.6
15.1
14.9
14.8
15.1
14.7
14.0
14.2
14.2
13.8
13.7
13.8
14.0
13.9
13.2
12.8
12.6
12.1
11.6
12.3
12.5
12.1
11.5
11.8
12.0
11.6
11.3
11.5
11.6
11.4
11.1
10.8
11.0
11.1
11.1
11.2
11.5
11.7
12.1
12.6
12.6
12.5
12.7
12.6
12.6
13.0
12.7
12.2
12.3
12.8
12.9
12.8
12.2
11.9
11.6
12.0
12.1
11.3
10.8
10.5
10.6
10.1
9.8
10.0
9.9
9.4
8.9
9.0
9.6
10.0
10.0
10.1
10.5
10.8
10.9
11.0
11.3
11.2
11.1
10.7
11.1
11.8
12.0
12.0
12.1
11.6
11.8
12.0
11.3
10.9
11.4
12.2
12.1
12.3
13.1
13.3
13.2
13.6
14.4
15.0
15.0
14.3
14.0
13.9
13.5
14.1
13.7
13.1
12.9
12.9
12.8
13.0
12.8
12.5
12.3
11.9
11.1
10.7
11.2
11.2
11.3
12.0
11.6
10.8
10.5
11.1
11.6
11.4
10.6
10.1
10.3
11.1
11.4
11.4
11.5
11.0
10.5
10.7
11.1
11.0
11.0
11.2
11.1
10.6
10.6
10.8
10.5
10.3
10.2
9.9
9.7
9.9
10.3
10.7
10.7
10.3
9.9
9.8
9.7
9.8
9.7
9.6
9.7
9.4
9.2
8.5
8.3
9.2
8.7
8.2
8.4
9.2
9.3
9.1
9.0
8.8
8.3
7.9
7.9
8.2
8.7
9.1
9.7
10.7
10.8
10.6
10.5
10.3
10.4
11.1
11.2
10.5
10.4
10.1
9.6
9.9
10.3
10.1
9.7
8.9
8.5
8.5
9.1
9.1
9.1
8.6
8.0
7.9
8.1
8.4
8.0
8.0
8.3
8.2
7.6
7.3
7.5
7.7
7.1
6.9
7.8
7.6
7.1
7.0
7.1
7.9
8.3
7.8
7.5
7.6
7.8
8.0
8.1
8.2
8.0
7.9
8.1
8.1
8.8
8.6
8.3
8.2
7.8
7.8
8.6
9.3
8.8
7.6
7.4
8.0
8.4
8.4
8.1
8.3
8.1
7.9
8.2
8.4
8.5
8.3
7.9
7.8
8.1
8.3
8.3
8.6
8.7
8.6
8.6
9.0
8.9
8.8
9.1
9.9
10.6
10.6
10.4
10.3
10.4
11.2
11.5
10.6
9.7
9.6
10.0
10.1
9.9
9.8
9.6
10.0
10.8
10.6
10.1
9.3
9.3
9.4
9.3
9.1
9.4
9.1
8.4
8.1
8.6
8.1
7.5
8.0
8.5
8.6
8.1
8.0
7.9
8.2
8.2
8.3
8.1
7.7
7.1
7.1
7.5
7.8
7.5
7.4
7.0
6.5
6.5
6.8
7.3
7.3
7.3
7.4
7.3
6.9
7.0
7.8
8.1
7.7
8.0
7.3
7.2
6.5
6.4
6.0
6.0
6.8
7.3
8.0
7.7
7.3
6.9
6.9
6.6
6.0
6.0
6.2
6.6
7.1
7.3
7.2
7.2
7.7
7.5
7.2
6.7
6.3
6.5
7.1
7.4
7.1
6.5
6.5
7.1
6.6
5.8
5.4
5.8
6.0
5.6
5.7
5.9
5.5
5.2
5.4
5.8
6.2
5.8
5.2
5.1
4.6
4.6
4.8
4.5
4.3
4.7
5.1
5.0
4.7
4.2
4.0
4.3
5.2
5.1
4.3
4.2
4.7
5.3
5.5
5.8
6.0
5.2
3.9
4.2
5.3
6.3
6.9
7.0
6.5
6.1
6.9
6.4
5.2
5.2
6.1
6.0
5.2
4.5
4.6
5.1
5.6
5.3
4.7
5.0
5.0
4.6
4.5
4.7
5.0
4.8
4.0
3.4
3.1
3.2
3.9
4.5
4.3
3.9
3.9
3.7
3.9
4.1
3.8
3.4
3.9
4.6
4.2
3.9
3.8
4.3
4.3
3.9
3.5
3.8
4.0
3.4
3.3
3.4
3.4
3.2
3.2
3.1
3.2
2.9
2.3
2.0
2.4
2.7
1.8
1.4
2.0
1.5
1.3
1.4
1.2
1.0
1.2
1.5
1.3
1.0
1.4
1.9
1.9
1.7
1.7
1.5
1.4
1.5
1.9
1.5
0.9
1.4
2.1
1.9
1.4
1.1
1.2
1.8
2.2
1.8
1.1
1.1
1.5
1.8
2.0
2.0
2.4
2.5
2.7
2.7
2.2
1.5
1.5
1.8
1.9
1.6
1.5
1.5
1.7
1.8
2.1
2.3
2.4
2.1
2.0
2.3
2.0
1.5
1.6
2.3
2.5
1.8
1.2
1.0
0.8
1.3
2.3
2.1
1.1
0.8
1.7
2.6
3.2
3.4
3.2
3.2
3.3
3.8
4.3
4.2
3.4
3.4
3.3
2.9
2.5
2.7
2.6
2.2
2.2
2.1
1.8
1.6
2.1
2.2
1.6
1.6
1.5
1.7
1.7
1.7
1.6
1.2
1.5
1.6
1.2
0.9
0.8
0.6
0.3
0.4
0.3
0.0
0.0
0.2
0.3
0.2
0.7
0.4
0.3
0.0
-0.1
-0.2
0.0
0.0
0.0
0.7
1.2
0.9
0.4
0.3
0.3
0.4
0.7
0.7
0.6
0.8
0.8
0.3
0.3
0.6
1.0
1.4
0.8
0.0
-0.3
0.0
0.5
0.1
0.2
0.1
-0.1
-0.3
0.0
0.9
1.5
1.4
1.2
1.0
1.2
1.2
1.7
2.9
2.8
1.3
0.9
1.9
2.4
2.2
2.5
2.2
2.2
2.6
2.5
2.8
3.2
3.1
2.9
3.0
2.8
2.9
3.5
4.3
3.9
3.5
3.1
3.0
3.4
3.5
3.1
3.0
3.4
4.3
3.9
3.6
3.8
4.5
4.6
4.0
2.8
2.0
2.4
2.6
2.4
2.7
3.0
3.0
2.7
2.6
2.6
2.6
1.9
1.3
1.3
1.1
0.6
0.7
1.6
1.9
2.0
1.5
0.6
0.5
0.5
0.4
0.3
0.1
0.4
0.7
0.7
0.9
1.1
1.0
1.2
1.5
0.8
0.2
0.4
1.0
0.8
1.0
1.0
0.4
0.0
0.2
0.3
0.4
0.6
0.5
0.4
0.3
0.0
0.0
0.2
0.0
0.1
0.1
0.1
0.0
0.2
1.2
1.4
0.3
-0.4
-0.4
0.0
0.0
-0.2
0.0
0.2
0.5
0.3
0.4
0.1
0.0
0.7
1.5
1.2
0.0
-0.9
-0.9
-0.4
-0.3
-0.3
-0.2
-0.1
-0.2
-0.2
0.3
0.7
1.6
1.7
1.2
0.3
0.0
0.2
0.3
-0.1
-0.5
-0.2
-0.3
-0.8
-0.8
-0.6
-0.5
-0.4
-0.6
-1.2
-1.3
-1.6
-1.8
-1.2
-1.1
-1.3
-0.6
0.2
-0.4
-0.9
-0.4
0.0
0.0
0.4
0.6
0.0
-0.4
-0.6
-0.7
-0.5
-0.3
-0.4
-0.5
-0.8
-0.7
0.0
0.5
0.3
-0.2
-0.3
0.1
0.4
0.8
0.6
0.0
-0.7
-0.4
0.1
0.0
-0.5
-0.6
-0.6
-0.5
-0.7
-0.8
-0.6
-0.6
-0.5
-0.7
-0.7
-0.8
-0.8
-0.4
-0.7
-0.5
-0.4
-0.3
-0.8
-0.6
-0.7
-0.7
0.0
-0.2
-0.5
-0.5
-0.7
-0.8
-0.7
-0.5
-0.5
-1.1
-0.7
0.0
-0.1
-1.1
-1.5
-0.9
-0.2
-0.8
-1.1
-1.1
-1.2
-1.1
-1.2
-1.7
-1.4
-1.2
-1.2
-1.5
-1.8
-1.5
-0.9
-0.4
-0.2
-0.4
-0.1
0.0
-0.2
-0.6
-0.6
-0.5
-0.3
-0.1
-0.2
-0.4
-0.3
-0.3
-0.5
-0.8
-0.6
-0.1
0.3
-0.1
-1.0
-1.3
-0.8
-0.4
-0.6
-1.0
-1.2
-1.2
-1.6
-1.7
-1.2
-0.9
-1.3
-1.3
-1.0
-0.6
-0.2
-0.3
-0.3
-0.4
-0.2
-0.5
-0.8
-1.0
-0.9
-0.8
-0.7
-0.3
0.0
-0.4
-0.6
-0.2
-0.2
-0.1
-0.2
-1.0
-1.5
-0.9
-0.3
-0.8
-1.4
-1.7
-1.1
-0.4
-0.2
-0.4
-0.6
-0.6
-0.4
0.0
0.0
-0.6
-1.0
-0.5
-0.1
0.1
0.1
-0.4
-0.6
-1.0
-1.1
-0.7
-0.5
-0.6
-0.4
-0.6
-1.5
-1.6
-0.6
-0.1
-0.9
-1.1
-0.8
-0.7
-0.7
-1.0
-0.4
-0.2
-0.7
-1.0
-1.0
-1.3
-1.2
-0.1
0.0
-0.6
-1.5
-1.6
-1.7
-2.0
-2.5
-2.3
-2.2
-1.7
-1.3
-1.1
-1.4
-1.5
-1.0
-1.0
-1.0
-1.0
-1.1
-1.4
-1.1
-0.8
-0.8
-0.9
-0.7
-0.7
-0.7
-1.0
-0.9
-0.4
-0.9
-1.8
-1.7
-0.8
0.4
0.6
0.3
-0.2
-0.6
-0.4
-0.2
-0.1
-0.6
-1.0
-0.3
0.7
1.1
1.1
0.7
0.5
0.1
-0.1
-0.3
0.0
0.0
0.0
-0.2
-0.4
-0.3
0.0
0.0
-0.9
-1.4
-1.1
-0.2
0.0
-0.3
-0.3
-0.1
-0.8
-1.2
-1.0
-0.4
-0.4
-0.5
-0.1
0.0
-0.7
-1.3
-1.1
-1.0
-1.0
-0.9
-0.9
-1.2
-0.8
-0.1
-0.1
-0.9
-1.3
-1.1
-1.0
-1.1
-1.0
-0.6
-1.0
-1.0
-0.2
0.5
0.5
-0.2
-1.0
-1.1
-0.3
-0.2
-0.6
-0.2
-0.1
-0.7
-1.0
-0.4
0.0
-0.1
-0.3
-1.1
-1.5
-1.3
-0.5
0.0
0.2
0.6
0.4
0.6
0.5
0.6
0.3
0.2
0.1
-0.5
-0.6
0.0
0.0
-0.7
-1.3
-0.9
-0.6
-0.8
-1.1
-1.4
-1.5
-1.7
-1.7
-1.5
-1.3
-1.5
-1.5
-1.8
-1.4
-1.8
-2.2
-2.0
-2.1
-2.0
-1.7
-1.1
-1.0
-1.1
-0.9
-0.7
-0.8
-0.5
-0.3
-0.4
-0.5
-0.4
0.0
0.5
1.3
1.3
0.3
-0.1
0.2
0.4
0.4
0.9
1.3
1.1
0.3
0.5
0.8
1.0
1.0
0.7
0.5
0.4
0.7
1.0
1.2
1.2
0.6
0.3
0.8
1.2
0.8
1.1
1.3
1.0
1.2
1.5
1.1
1.0
1.2
1.4
1.6
1.2
0.1
-0.1
0.5
0.8
0.6
0.4
-0.2
-0.7
-0.6
0.1
0.0
-0.3
-0.2
0.3
0.1
-0.1
0.6
1.0
0.9
1.0
1.0
1.0
0.9
0.6
0.7
1.1
0.8
0.2
0.1
0.0
-0.2
-0.4
-0.6
-0.8
-0.3
0.3
0.2
-0.2
-1.0
-1.1
-0.5
-0.4
-1.1
-1.5
-0.8
-0.1
-0.1
0.0
0.2
0.2
0.2
0.2
0.0
-0.4
-0.6
-0.4
-0.6
-0.5
-0.1
0.3
0.1
0.1
0.3
0.9
1.4
1.4
1.4
0.7
0.3
1.2
1.3
0.8
0.8
0.8
0.9
0.8
0.8
0.8
0.0
-0.2
0.0
0.5
1.1
0.8
0.3
-0.3
-0.5
-0.3
-0.2
0.2
0.4
-0.4
-1.6
-1.3
0.0
0.1
-0.7
-1.1
-0.9
-0.7
-0.5
0.1
0.5
0.0
-0.8
-1.1
-1.1
-1.6
-1.9
-2.0
-1.3
-0.8
-0.5
-0.3
-0.2
-0.8
-0.6
-0.4
-0.1
0.0
-0.1
-0.7
-0.7
-0.7
-0.5
-0.1
-0.7
-1.7
-1.9
-0.9
-0.5
-0.6
-1.1
-1.4
-1.3
-0.8
-0.3
0.0
-0.2
-0.8
-0.5
0.0
-0.3
-1.0
-1.2
-1.1
-1.2
-1.0
-0.8
-0.4
-0.3
-0.7
-0.7
-0.3
0.0
-0.6
-1.3
-1.1
-0.1
0.5
-0.2
-0.8
-0.4
-0.3
-0.5
-0.7
-0.8
-0.7
-0.6
-1.3
-2.0
-1.8
-1.6
-2.1
-2.5
-2.0
-1.5
-1.7
-1.6
-1.4
-0.8
-0.6
-1.0
-1.1
-0.9
-1.4
-1.6
-1.3
-1.5
-2.0
-2.3
-2.2
-2.1
-2.2
-1.9
-1.1
-1.2
-1.8
-2.4
-2.1
-1.8
-1.6
-1.1
-0.3
-0.9
-1.5
-1.3
-0.6
-0.3
-0.3
-0.6
-1.0
-0.7
-0.6
-0.4
-0.2
-0.2
-0.3
-0.5
-0.6
